1163, Alabama
35.00588067,-87.9849162
35.005468,-87.877969
35.005512,-87.877742
35.005571,-87.872626
35.005541,-87.853528
35.005576,-87.853411
35.005656,-87.851886
35.004946,-87.773586
35.004783,-87.767602
35.004711,-87.75889
35.004089,-87.709491
35.003945,-87.702321
35.003988,-87.700543
35.003852,-87.696834
35.003537,-87.671405
35.003523,-87.664123
35.003732,-87.625025
35.00364209,-87.60617838
35.002795,-87.428613
35.002679,-87.421543
35.002669,-87.4174
35.002374,-87.391314
35.002118,-87.381071
35.001823,-87.359281
35.001662,-87.349251
35.000915,-87.299185
35.00039,-87.270014
34.999484,-87.230544
34.99932666,-87.22405322
34.999148,-87.216683
34.999024,-87.210759
34.995162,-87.011174
34.995121,-87.000007
34.994513,-86.974412
34.99461,-86.972613
34.994546,-86.970236
34.9944,-86.96712
34.991956,-86.862147
34.991924,-86.849794
34.99186,-86.846466
34.991764,-86.83637
34.991764,-86.836306
34.991764,-86.820657
34.991925,-86.783648
34.99192503,-86.78362801
34.99207,-86.677616
34.99207,-86.676726
34.992001,-86.67436
34.992,-86.670853
34.991792,-86.65961
34.99174,-86.641212
34.99124,-86.600039
34.991197,-86.588962
34.991011,-86.571217
34.990971,-86.555864
34.990677,-86.528485
34.990692,-86.467798
34.991085,-86.433927
34.99166,-86.397203
34.99114697,-86.31876114
34.991098,-86.311274
34.98837902,-85.86393548
34.988165,-85.828724
34.988142,-85.824411
34.984678,-85.605165
34.951766,-85.599385
34.944915,-85.598781
34.924331,-85.595191
34.924171,-85.595163
34.860371,-85.583145
34.750079,-85.561416
34.708321,-85.552482
34.708138,-85.552454
34.656783,-85.541267
34.656701,-85.541264
34.625082,-85.534327
34.62385793,-85.53408938
34.588683,-85.527261
34.542598,-85.517074
34.525192,-85.51393
34.52417,-85.513709
34.5241334,-85.5136991
34.518252,-85.512108
34.501212,-85.508384
34.474527,-85.502454
34.473954,-85.502316
34.328239,-85.47045
34.28638549,-85.46208172
34.269437,-85.458693
34.265736,-85.458071
34.252854,-85.455371
34.250689,-85.455057
34.125096,-85.42947
34.114397,-85.428222
34.08082185,-85.42185277
34.072278,-85.420232
34.002314,-85.406748
34.0001,-85.405918
33.964129,-85.398837
33.90171833,-85.38647347
33.856047,-85.377426
33.773951,-85.361844
33.767958,-85.360491
33.750104,-85.357402
33.65311633,-85.33820061
33.57415948,-85.32256892
33.535898,-85.314994
33.530218,-85.314091
33.529807,-85.313999
33.482884,-85.304439
33.42807932,-85.29390216
33.12956155,-85.23650865
33.108077,-85.232378
33.06258,-85.223261
33.055538,-85.221868
32.889727,-85.188741
32.870527,-85.18474
32.870525,-85.184131
32.868944,-85.184914
32.863355,-85.184888
32.861317,-85.1844
32.855269,-85.179353
32.853895,-85.177127
32.852497,-85.170099
32.85241916,-85.16771026
32.85208969,-85.16556874
32.85143077,-85.16342724
32.84994819,-85.16161519
32.84846561,-85.16079154
32.84714775,-85.16046207
32.84550044,-85.16013261
32.84401786,-85.15963842
32.84253527,-85.15947368
32.84138215,-85.15930896
32.83973484,-85.15947368
32.838249,-85.16058
32.834791,-85.164651
32.828516,-85.168342
32.814246,-85.168644
32.811612,-85.167939
32.804237,-85.162137
32.794104,-85.151913
32.784921,-85.139285
32.78216598,-85.1346764
32.78060938,-85.13327546
32.77889712,-85.13218584
32.77671789,-85.13203018
32.77469431,-85.13265282
32.77344904,-85.1331198
32.77235941,-85.1338981
32.76940188,-85.13654431
32.76457643,-85.13841223
32.7600623,-85.13887921
32.75383591,-85.13810091
32.7496331,-85.13607733
32.74791514,-85.13392989
32.7465199,-85.13218584
32.74371803,-85.12720473
32.74169445,-85.12409154
32.73935955,-85.12160098
32.7376473,-85.12020004
32.7360907,-85.11973307
32.73422278,-85.1195774
32.73157657,-85.1195774
32.72939733,-85.11942174
32.7264398,-85.11973307
32.722932,-85.120838
32.715727,-85.122738
32.692033,-85.117037
32.685634,-85.114737
32.683434,-85.112637
32.679634,-85.104037
32.669734,-85.093536
32.657758,-85.088483
32.655635,-85.089736
32.65244285,-85.09457026
32.6499834,-85.09600494
32.6454744,-85.09795201
32.64270751,-85.09825944
32.63819851,-85.09661981
32.6364564,-85.09200833
32.63543162,-85.08893401
32.63440685,-85.08729438
32.63317712,-85.08616712
32.63143501,-85.08606465
32.62846316,-85.0871919
32.62661857,-85.08862658
32.62477398,-85.08872905
32.62303187,-85.08831915
32.62046993,-85.08729438
32.618536,-85.08536
32.6178,-85.083616
32.616264,-85.08224
32.610152,-85.080768
32.60809528,-85.08061785
32.603577,-85.080288
32.594665,-85.076399
32.579546,-85.067535
32.571242,-85.056926
32.553963,-85.035726
32.542923,-85.022509
32.540044,-85.022045
32.534748,-85.020237
32.528428,-85.015805
32.526108,-85.013788
32.524876,-85.008396
32.523868,-85.0071
32.514741,-85.001532
32.51019478,-85.00078887
32.50648513,-85.00018248
32.504341,-84.999832
32.497041,-84.998832
32.494142,-84.998332
32.492342,-84.996732
32.486042,-84.994831
32.475242,-84.995231
32.469842,-84.998231
32.461743,-84.998031
32.453243,-84.995331
32.450743,-84.993531
32.445643,-84.983831
32.442843,-84.971831
32.435343,-84.967031
32.424244,-84.96303
32.422544,-84.96343
32.416244,-84.97183
32.412244,-84.979431
32.402833,-84.981098
32.400097,-84.979898
32.39686957,-84.97752049
32.39264762,-84.97676657
32.38917959,-84.97902833
32.38556079,-84.98038538
32.38224354,-84.98008382
32.37907708,-84.9793299
32.37627123,-84.97873919
32.37621219,-84.97872676
32.37334729,-84.98008382
32.3713871,-84.98294871
32.36837143,-84.98355184
32.365122,-84.983242
32.363186,-84.983466
32.359058,-84.986778
32.345196,-85.004582
32.336677,-85.008096
32.328362,-85.007103
32.322015,-85.001874
32.319316,-84.989514
32.300708,-84.93868
32.29826,-84.9338
32.285333,-84.922872
32.276949,-84.911127
32.273749,-84.904023
32.265846,-84.893959
32.26339808,-84.89184141
32.26150384,-84.8908943
32.25960961,-84.89113109
32.25818895,-84.89231497
32.25676827,-84.89823443
32.25558439,-84.90154933
32.2532166,-84.90249646
32.250838,-84.904087
32.24905,-84.907227
32.24833264,-84.91009767
32.24746337,-84.91248816
32.2452902,-84.91324877
32.24335,-84.912727
32.236551,-84.916327
32.233951,-84.920627
32.231751,-84.922627
32.23085287,-84.92303116
32.229751,-84.923527
32.224751,-84.922927
32.221551,-84.925427
32.219851,-84.928227
32.219051,-84.930127
32.217951,-84.939328
32.21784914,-84.94899465
32.21714807,-84.95372691
32.21670989,-84.95705702
32.21557064,-84.95898498
32.21434376,-84.96065004
32.21250344,-84.96222746
32.21101365,-84.9633667
32.20978677,-84.96459359
32.20882279,-84.96573284
32.20803408,-84.96634628
32.20689483,-84.96678445
32.20584322,-84.96704735
32.204451,-84.966928
32.20268837,-84.96634628
32.20058515,-84.96503176
32.19892009,-84.96494413
32.1966416,-84.96503176
32.193952,-84.966828
32.191552,-84.973728
32.184852,-84.995929
32.181903,-85.008531
32.180493,-85.011267
32.179112,-85.013065
32.176882,-85.014648
32.166104,-85.026583
32.161727,-85.030336
32.156348,-85.033989
32.143758,-85.045593
32.142033,-85.047865
32.136018,-85.058749
32.134065,-85.061144
32.132486,-85.06206
32.129673,-85.06154
32.125153,-85.05918
32.113671,-85.055045
32.107684,-85.053777
32.095362,-85.04955
32.09043328,-85.04706336
32.08738887,-85.04706336
32.08490825,-85.0477399
32.082527,-85.051161
32.080604,-85.053232
32.074439,-85.055813
32.072657,-85.055491
32.07021,-85.054084
32.067985,-85.054179
32.063055,-85.056029
32.059755,-85.05683
32.058055,-85.05643
32.054155,-85.05663
32.046656,-85.05883
32.043756,-85.05803
32.04057972,-85.05533317
32.03881353,-85.05483863
32.0366941,-85.05462669
32.03422144,-85.05547446
32.03181942,-85.05646353
32.028336,-85.056253
32.027213,-85.055217
32.02553179,-85.05377892
32.02418948,-85.05321374
32.02312977,-85.05307244
32.02157552,-85.05321374
32.020662,-85.053669
32.01740732,-85.05476799
32.013502,-85.053815
32.010714,-85.055075
32.00414,-85.063441
32.002489,-85.064544
31.993357,-85.06803
31.991857,-85.06809818
31.986757,-85.06833
31.981658,-85.07093
31.978358,-85.06993
31.974758,-85.066829
31.972458,-85.065929
31.971158,-85.065929
31.967358,-85.067829
31.965658,-85.07023
31.964158,-85.07393
31.962458,-85.08323
31.960758,-85.08573
31.959158,-85.08673
31.957758,-85.08683
31.945358,-85.08243
31.941459,-85.07893
31.940159,-85.07893
31.937359,-85.08473
31.935959,-85.08643
31.928859,-85.09183
31.926259,-85.09823
31.925259,-85.09953
31.924059,-85.10023
31.918659,-85.10133
31.917359,-85.10243
31.914359,-85.10913
31.911859,-85.113131
31.909859,-85.112731
31.90806,-85.10983
31.90516,-85.10803
31.89936,-85.11133
31.89686,-85.11063
31.89476,-85.11203
31.89336,-85.114031
31.89286,-85.117031
31.89326,-85.121131
31.89306,-85.132931
31.89216,-85.134131
31.89146,-85.134331
31.88956,-85.133731
31.88676,-85.131631
31.88246,-85.129331
31.87966,-85.128431
31.87756,-85.128431
31.87636,-85.128831
31.870061,-85.133731
31.862461,-85.135831
31.860661,-85.137431
31.858761,-85.140131
31.857461,-85.140731
31.855261,-85.140231
31.851262,-85.138031
31.845861,-85.137731
31.844161,-85.138331
31.841061,-85.141331
31.839261,-85.141831
31.834161,-85.139231
31.830462,-85.135931
31.826062,-85.133631
31.817562,-85.131331
31.813062,-85.131531
31.808062,-85.132931
31.798862,-85.132831
31.795162,-85.132231
31.792363,-85.132931
31.788363,-85.137131
31.781963,-85.141931
31.78046027,-85.14095096
31.779663,-85.140431
31.772263,-85.130731
31.768863,-85.12633
31.767063,-85.12523
31.764463,-85.12563
31.76233026,-85.12695414
31.758663,-85.129231
31.752463,-85.12663
31.747564,-85.12393
31.732664,-85.11893
31.730964,-85.11913
31.722764,-85.12223
31.718864,-85.12573
31.716764,-85.12653
31.708965,-85.12683
31.694965,-85.12553
31.691265,-85.12233
31.686865,-85.11393
31.685165,-85.11263
31.677465,-85.10943
31.659966,-85.092429
31.657866,-85.087829
31.65702818,-85.08546036
31.65607061,-85.08354521
31.65473,-85.08201308
31.65310211,-85.08095975
31.65233605,-85.08086399
31.650966,-85.081429
31.64946331,-85.08258763
31.64410087,-85.08517309
31.64218572,-85.08536461
31.64074935,-85.08517309
31.63902571,-85.08450279
31.637967,-85.082829
31.636867,-85.080029
31.629567,-85.073829
31.625267,-85.067628
31.624351,-85.065236
31.621717,-85.059534
31.620227,-85.058169
31.618624,-85.057473
31.616883,-85.057527
31.614546,-85.05833
31.611271,-85.060418
31.608224,-85.060552
31.607262,-85.059696
31.606713,-85.057314
31.605178,-85.055976
31.600963,-85.056405
31.593343,-85.058109
31.58369,-85.05844
31.578696,-85.055417
31.577092,-85.055284
31.573062,-85.057719
31.57084,-85.05796
31.56289,-85.052931
31.557871,-85.051873
31.555551,-85.050838
31.548707,-85.045698
31.545953,-85.042547
31.544684,-85.041881
31.540987,-85.041305
31.537754,-85.041813
31.5352,-85.042983
31.528671,-85.047196
31.526012,-85.048263
31.523751,-85.047649
31.520908,-85.044556
31.51823,-85.044986
31.51712927,-85.04549558
31.516813,-85.045642
31.513684,-85.048445
31.506518,-85.052951
31.495989,-85.058923
31.488017,-85.062105
31.484122,-85.065687
31.468384,-85.071621
31.453472,-85.069268
31.447286,-85.066703
31.442979,-85.065955
31.439543,-85.065554
31.430586,-85.065875
31.428594,-85.06697
31.427311,-85.068546
31.42692063,-85.07041299
31.42647683,-85.07289823
31.42487917,-85.07476217
31.42150634,-85.07582728
31.415971,-85.076746
31.411732,-85.079818
31.410472,-85.079978
31.402844,-85.077387
31.39888,-85.077626
31.39636,-85.078641
31.393932,-85.080403
31.38454,-85.082431
31.374474,-85.08691
31.364576,-85.092167
31.362881,-85.092487
31.357474,-85.092619
31.355207,-85.091791
31.354428,-85.09099
31.354428,-85.087413
31.353146,-85.085918
31.35019,-85.085864
31.340317,-85.087063
31.337981,-85.08781
31.336033,-85.089411
31.334292,-85.088983
31.328313,-85.084152
31.31821,-85.083776
31.316194,-85.084469
31.311223,-85.087404
31.308677,-85.087651
31.304053,-85.087695
31.295026,-85.089774
31.289688,-85.09316
31.284165,-85.099107
31.281733,-85.110309
31.280037,-85.112762
31.277333,-85.114601
31.276302,-85.114548
31.274378,-85.112546
31.272477,-85.111905
31.267987,-85.111983
31.264343,-85.113261
31.25958,-85.112352
31.258022,-85.111711
31.254609,-85.109149
31.248077,-85.106182
31.241869,-85.10426
31.23786,-85.102472
31.234813,-85.100765
31.232524,-85.098844
31.225651,-85.096763
31.219511,-85.098707
31.211286,-85.098704
31.209751,-85.09977
31.204595,-85.105631
31.202693,-85.106963
31.195637,-85.108133
31.186451,-85.107516
31.185305,-85.106503
31.18565,-85.104424
31.184734,-85.102052
31.180153,-85.098507
31.17777,-85.098426
31.166727,-85.100447
31.16549,-85.100207
31.160293,-85.092106
31.15963,-85.083582
31.157889,-85.077801
31.156927,-85.076628
31.14868,-85.070181
31.142495,-85.064028
31.139518,-85.06243
31.134225,-85.061072
31.120818,-85.054677
31.119489,-85.052867
31.118916,-85.050178
31.111583,-85.040513
31.109751,-85.037079
31.108192,-85.035615
31.10057,-85.032832
31.096163,-85.029736
31.08418,-85.026068
31.076851,-85.028333
31.07552616,-85.02847319
31.074583,-85.028573
31.059253,-85.018148
31.055402,-85.012642
31.053546,-85.011392
31.045573,-85.008816
31.042824,-85.008552
31.032378,-85.009409
31.024701,-85.005051
31.01918,-85.004549
31.014983,-85.00006
31.013843,-84.999428
31.009079,-84.999626
31.005044,-85.001366
31.000682,-85.002368
31.000681,-85.024108
31.00067,-85.027512
31.000653,-85.030107
31.000647,-85.031155
31.000585,-85.052088
31.000585,-85.054802
31.000585,-85.057534
31.000695,-85.145835
31.000888,-85.152085
31.000834,-85.152218
31.000835,-85.154452
31.000884,-85.243632
30.99708295,-85.48829801
30.99693235,-85.49799202
30.996928,-85.498272
30.995292,-85.749619
30.994837,-85.749932
30.993467,-85.893543
30.99287,-85.998643
30.99332,-86.035039
30.993247,-86.052462
30.993133,-86.056213
30.992917,-86.116918
30.993682,-86.162886
30.993706,-86.168979
30.993798,-86.175204
30.994005,-86.180232
30.99404907,-86.18724726
30.99437,-86.238335
30.993853,-86.256448
30.993798,-86.289247
30.994029,-86.304596
30.994455,-86.364907
30.994477,-86.36927
30.994474,-86.374545
30.99418102,-86.388646
30.994181,-86.388647
30.994172,-86.391937
30.994049,-86.404912
30.993791,-86.454704
30.993998,-86.458319
30.99334,-86.49995
30.9937,-86.512834
30.993245,-86.519938
30.995223,-86.563436
30.995109,-86.567586
30.994534,-86.664681
30.994537,-86.678383
30.99459613,-86.688313
30.994703,-86.706261
30.996872,-86.725379
30.996882,-86.727293
30.996739,-86.728392
30.99629,-86.74524
30.99697419,-86.78569246
30.996978,-86.785918
30.997401,-86.830497
30.997378,-86.831934
30.997631,-86.872989
30.997577,-86.888135
30.997704,-86.92781
30.998661,-86.998477
30.999316,-87.004359
30.999255,-87.027107
30.999348,-87.036366
30.999594,-87.039989
30.999131,-87.053737
30.999191,-87.064063
30.999143,-87.068633
30.999427,-87.118873
30.998802,-87.124969
30.999532,-87.140755
30.999055,-87.162614
30.99904075,-87.16308333
30.997169,-87.224746
30.996393,-87.237685
30.998285,-87.25498
30.998216,-87.255592
30.998194,-87.257002
30.998263,-87.25796
30.998172,-87.259689
30.998195,-87.26054
30.998267,-87.265564
30.998345,-87.288905
30.998352,-87.290995
30.998434,-87.301567
30.998191,-87.30403
30.998435,-87.312183
30.998272,-87.333973
30.998244,-87.355656
30.998218,-87.364011
30.998292,-87.367842
30.99809,-87.425774
30.998205,-87.432292
30.998272,-87.449811
30.998318,-87.455705
30.998386,-87.458658
30.998202,-87.461638
30.998201,-87.461783
30.998178,-87.466827
30.998178,-87.466879
30.998213,-87.478706
30.998197,-87.479703
30.998202,-87.480243
30.997586,-87.51952
30.997927,-87.548543
30.99787,-87.571281
30.997457,-87.598928
30.99745446,-87.59892836
30.995722,-87.599172
30.98761,-87.596722
30.982959,-87.593395
30.98014,-87.592676
30.977572,-87.594164
30.976335,-87.594111
30.972966,-87.593046
30.969414,-87.590917
30.964464,-87.589187
30.951492,-87.592055
30.941131,-87.59689
30.938793,-87.598299
30.937074,-87.600691
30.934277,-87.602684
30.92449,-87.607811
30.9219,-87.608262
30.916628,-87.6102
30.914541,-87.611847
30.908536,-87.614209
30.904226,-87.614951
30.901453,-87.616013
30.89893,-87.620715
30.897508,-87.622203
30.89368,-87.622519
30.889923,-87.620922
30.887494,-87.620788
30.885408,-87.622062
30.884696,-87.6244
30.880115,-87.629454
30.877686,-87.629987
30.865886,-87.634938
30.860131,-87.628245
30.857127,-87.626228
30.854355,-87.62538
30.85188,-87.626497
30.847961,-87.627323
30.846494,-87.626075
30.845713,-87.624137
30.840353,-87.617281
30.837031,-87.615367
30.834693,-87.615923
30.832632,-87.610982
30.831304,-87.605776
30.828624,-87.60357
30.82514,-87.60163
30.820627,-87.600486
30.816984,-87.594297
30.815037,-87.58787
30.812403,-87.581869
30.808163,-87.576849
30.800532,-87.572043
30.799088,-87.56814
30.796246,-87.564209
30.792258,-87.560068
30.790447,-87.559484
30.787125,-87.554838
30.786941,-87.552954
30.786254,-87.552051
30.778666,-87.545044
30.774105,-87.545364
30.77202,-87.54616
30.767504,-87.54226
30.76253,-87.537085
30.761383,-87.536528
30.75476,-87.535416
30.749775,-87.535365
30.743489,-87.532607
30.738306,-87.523613
30.733535,-87.511729
30.726313,-87.505153
30.72159,-87.502317
30.720123,-87.497515
30.720353,-87.496772
30.7185,-87.487036
30.716508,-87.481225
30.71495,-87.479819
30.712865,-87.479579
30.706586,-87.474429
30.705281,-87.470397
30.701683,-87.467717
30.700835,-87.466338
30.69756,-87.456948
30.699806,-87.451404
30.698913,-87.449362
30.694604,-87.44358
30.692679,-87.44228
30.690479,-87.439814
30.688668,-87.436021
30.688645,-87.430372
30.683374,-87.424883
30.679981,-87.419527
30.678055,-87.412739
30.675165,-87.406958
30.674019,-87.406561
30.671796,-87.407118
30.666616,-87.405874
30.657148,-87.400707
30.657217,-87.400177
30.654351,-87.397262
30.650454,-87.396177
30.648117,-87.397185
30.643968,-87.395941
30.63088,-87.393588
30.627006,-87.393775
30.625192,-87.394479
30.623372,-87.395659
30.617734,-87.39643
30.616909,-87.39643
30.6159,-87.395053
30.615281,-87.395026
30.608728,-87.397308
30.605611,-87.39927
30.604397,-87.401178
30.603389,-87.404597
30.599928,-87.406558
30.583701,-87.408736
30.573227,-87.412712
30.573456,-87.414513
30.572448,-87.416261
30.570043,-87.418354
30.569561,-87.418513
30.568003,-87.416951
30.566306,-87.41666
30.561837,-87.418647
30.560668,-87.420925
30.560439,-87.422408
30.561379,-87.422805
30.561425,-87.423362
30.560073,-87.426037
30.554159,-87.427891
30.550263,-87.431441
30.549599,-87.434963
30.54914,-87.43544
30.527068,-87.446586
30.520306,-87.446427
30.514943,-87.444944
30.51398,-87.445182
30.51356913,-87.44649917
30.51262867,-87.44730529
30.51191307,-87.44778235
30.510458,-87.447702
30.507494,-87.444714
30.506782,-87.44322
30.506649,-87.43969
30.505357,-87.438269
30.495795,-87.431178
30.491096,-87.430578
30.484896,-87.432978
30.480496,-87.435578
30.479196,-87.434678
30.477696,-87.431578
30.476596,-87.430578
30.470596,-87.429578
30.465596,-87.425078
30.457296,-87.414677
30.456396,-87.407877
30.452897,-87.404677
30.450997,-87.399877
30.450597,-87.396877
30.451597,-87.391976
30.450097,-87.381176
30.446865,-87.370768
30.444631,-87.36868
30.44048,-87.366939
30.436648,-87.366591
30.433407,-87.368191
30.43049,-87.371169
30.422897,-87.382076
30.420497,-87.386376
30.417597,-87.395676
30.415098,-87.398776
30.411398,-87.401777
30.410198,-87.403477
30.408798,-87.408877
30.408998,-87.413177
30.410198,-87.419177
30.410098,-87.422677
30.409198,-87.426177
30.406498,-87.429578
30.403198,-87.431778
30.397498,-87.434278
30.395898,-87.437278
30.391498,-87.440678
30.388598,-87.441178
30.386698,-87.440878
30.382098,-87.438678
30.380798,-87.438678
30.376304,-87.441823
30.370399,-87.449078
30.367199,-87.451378
30.364999,-87.451878
30.360299,-87.451978
30.346262,-87.450962
30.344099,-87.452278
30.3363,-87.459978
30.334,-87.462978
30.3333,-87.464878
30.3314,-87.475579
30.3309,-87.491879
30.328957,-87.49998
30.327405,-87.502572
30.324039,-87.504701
30.319396,-87.505943
30.3125,-87.50578
30.308901,-87.50468
30.307301,-87.50278
30.305001,-87.494879
30.304801,-87.483679
30.306001,-87.481879
30.3079,-87.475879
30.3082,-87.468678
30.3076,-87.465778
30.3078,-87.462978
30.3083,-87.459578
30.3102,-87.455578
30.3111,-87.450078
30.300201,-87.452378
30.287901,-87.49998
30.287101,-87.50548
30.283901,-87.51838
30.280435,-87.518324
30.275659,-87.544533
30.274437,-87.558097
30.269257,-87.581362
30.249709,-87.656888
30.240679,-87.73553
30.229365,-87.80056
30.227185,-87.838462
30.230373,-87.926119
30.229522,-87.962253
30.225753,-87.999996
30.222366,-88.014572
30.221132,-88.028401
30.222714,-88.029272
30.23039,-88.023991
30.235618,-87.966847
30.256564,-87.948979
30.261469,-87.936041
30.253308,-87.918247
30.247837,-87.913762
30.241531,-87.90046
30.239237,-87.893201
30.23859,-87.879343
30.240289,-87.860085
30.254292,-87.817743
30.253054,-87.802087
30.254244,-87.78775
30.262353,-87.766626
30.277292,-87.755263
30.291217,-87.755516
30.311701,-87.772758
30.324198,-87.796717
30.332702,-87.809266
30.353809,-87.82988
30.369324,-87.837239
30.377446,-87.845132
30.378481,-87.853806
30.38345,-87.865017
30.40938,-87.906343
30.41424,-87.908908
30.446144,-87.914136
30.470645,-87.920031
30.4761,-87.924211
30.4811,-87.931902
30.487357,-87.933355
30.525848,-87.911141
30.537566,-87.905343
30.550879,-87.901711
30.565985,-87.904168
30.573114,-87.907891
30.576261,-87.911431
30.585893,-87.914956
30.615795,-87.91253
30.63606,-87.919346
30.652694,-87.93107
30.657432,-87.936717
30.658862,-87.955989
30.67509,-87.981196
30.684956,-88.008396
30.68319,-88.012444
30.673873,-88.022076
30.66149,-88.026706
30.653715,-88.034588
30.652568,-88.044339
30.644891,-88.061998
30.619091,-88.059598
30.612491,-88.053998
30.588292,-88.064898
30.578892,-88.074898
30.563258,-88.085493
30.546317,-88.081617
30.528713,-88.082792
30.52357,-88.090734
30.50975,-88.100874
30.500903,-88.103768
30.493029,-88.102988
30.471053,-88.096867
30.46122,-88.100646
30.452738,-88.106437
30.4273,-88.10407
30.377246,-88.107274
30.35657,-88.115432
30.341623,-88.124611
30.338509,-88.128052
30.320729,-88.136173
30.327184,-88.155775
30.324679,-88.171967
30.317002,-88.191542
30.321242,-88.195664
30.338819,-88.198361
30.343586,-88.196353
30.345053,-88.188532
30.348124,-88.188527
30.362378,-88.200065
30.362102,-88.204495
30.382381,-88.260695
30.382876,-88.282635
30.370741,-88.290649
30.368908,-88.311608
30.369985,-88.316525
30.380334,-88.319599
30.38844,-88.332277
30.38947,-88.341345
30.388006,-88.364022
30.385608,-88.374671
30.369425,-88.395023
30.510852,-88.402283
30.5331,-88.403547
30.543359,-88.403931
30.54506,-88.404013
30.622736,-88.407484
30.631653,-88.407462
30.63697,-88.40807
30.668731,-88.409571
30.706334,-88.411339
30.712956,-88.41155
30.730395,-88.412209
30.731771,-88.41227
30.73559762,-88.4124506
30.866528,-88.41863
30.875186,-88.419562
30.99830113,-88.42563615
31.000183,-88.425729
31.001123,-88.425807
31.114298,-88.432007
31.23006,-88.438104
31.231252,-88.438211
31.246896,-88.43898
31.252654,-88.43878
31.355855,-88.445182
31.355969,-88.445209
31.420888,-88.448686
31.421277,-88.44866
31.43583474,-88.4495696
31.459448,-88.451045
31.481533,-88.451575
31.500164,-88.453013
31.621652,-88.459478
31.624002,-88.459722
31.697881,-88.464425
31.6979519,-88.46442698
31.722312,-88.465107
31.790722,-88.468669
31.850949,-88.471106
31.851385,-88.471214
31.875153,-88.472642
31.893856,-88.473227
31.930262,-88.468879
31.933173,-88.46866
32.039719,-88.455039
32.040576,-88.454959
32.172078,-88.43871
32.172806,-88.43865
32.2276546,-88.43129402
32.250143,-88.428278
32.30868,-88.421453
32.373922,-88.413819
32.380025,-88.4125
32.44977,-88.403789
32.449885,-88.403789
32.485415,-88.399966
32.57812292,-88.38885725
32.626679,-88.383039
32.626954,-88.382985
32.711825,-88.373338
32.747656,-88.368349
32.87513,-88.354292
32.92907758,-88.34785003
32.991199,-88.340432
33.073125,-88.330934
33.184123,-88.317135
33.203323,-88.315235
33.220923,-88.312535
33.28831795,-88.30441699
33.39905484,-88.29107825
33.512436,-88.277421
33.516463,-88.276805
33.534008,-88.274619
33.570819,-88.27005
33.572894,-88.269532
33.576929,-88.269076
33.58504,-88.26816
33.591989,-88.267148
33.594229,-88.267005
33.682053,-88.256343
33.68286,-88.256131
33.69578,-88.254622
33.698779,-88.254445
33.719568,-88.252257
33.74497368,-88.24893735
33.781673,-88.244142
33.79568,-88.243025
33.810879,-88.240054
33.847203,-88.235492
33.911551,-88.226517
33.911665,-88.226517
33.912875,-88.226428
34.029199,-88.210741
34.058333,-88.207229
34.08655424,-88.20378406
34.115948,-88.200196
34.175351,-88.192128
34.190123,-88.190678
34.204778,-88.18762
34.220952,-88.186667
34.293858,-88.176889
34.302171,-88.175867
34.321054,-88.173632
34.380926,-88.16591
34.383102,-88.165634
34.463214,-88.156292
34.581703,-88.139988
34.587795,-88.139246
34.589215,-88.138719
34.62266,-88.134263
34.724292,-88.118407
34.746303,-88.116418
34.811628,-88.10756
34.892202,-88.097888
34.894095,-88.099999
34.902227,-88.125038
34.907592,-88.136692
34.909631,-88.139721
34.914374,-88.146335
34.922392,-88.154617
34.933456,-88.161594
34.955213,-88.172102
34.962519,-88.176106
34.967466,-88.179973
34.974909,-88.187429
34.991192,-88.198811
34.995634,-88.200064
34.997774,-88.20082
35.005421,-88.201987
35.008028,-88.202959
35.005939,-88.000032
35.00588067,-87.9849162