385,Colorado
40.996999,-106.061181
40.996886,-105.730421
40.99691,-105.724804
40.998173,-105.277138
40.99817324,-105.27686
40.998191,-105.256527
40.99821,-105.254779
40.99808372,-104.943371
40.998048,-104.855273
40.99927,-104.829504
41.000957,-104.675999
41.001828,-104.497149
41.001805,-104.497058
41.001473,-104.467672
41.001657,-104.214692
41.001568,-104.214191
41.001591,-104.211473
41.001626,-104.123586
41.001543,-104.10459
41.001563,-104.086068
41.001504,-104.066961
41.001406,-104.053249
41.001502,-104.039238
41.001887,-104.023383
41.001617,-104.018223
41.001615,-103.972642
41.001524,-103.971373
41.001596,-103.953525
41.001387,-103.906324
41.00175,-103.896207
41.001673,-103.877967
41.001681,-103.858449
41.002054,-103.750498
41.001721,-103.574522
41.001635,-103.497447
41.001914,-103.486697
41.002007,-103.421975
41.001969,-103.421925
41.002558,-103.396991
41.00223212,-103.3824924
41.001846,-103.365314
41.001844,-103.362979
41.002298,-103.077804
41.002253,-103.076536
41.002368,-103.059538
41.002368,-103.057998
41.002344,-103.043444
41.002251,-103.038704
41.002486,-103.002026
41.0024,-103.000102
41.002157,-102.98269
41.002112,-102.981483
41.002186,-102.963669
41.002072,-102.962522
41.002059,-102.960706
41.002095,-102.959624
41.002303,-102.94483
41.002051,-102.943109
41.00228,-102.925568
41.002142,-102.924029
41.002276,-102.906547
41.002207,-102.904796
41.002178,-102.887407
41.002131,-102.885746
41.002183,-102.867822
41.001988,-102.865784
41.002301,-102.849263
41.002256,-102.846455
41.002351,-102.830303
41.002143,-102.82728
41.002414,-102.773546
41.002275,-102.766723
41.002361,-102.754617
41.00223,-102.739624
41.002332,-102.653463
41.002597,-102.621033
41.002291,-102.578696
41.002268,-102.575738
41.0022,-102.575496
41.0022,-102.566048
41.002219,-102.556789
41.002445,-102.487955
41.002382,-102.470537
41.002424,-102.469223
41.002301,-102.379593
41.002174,-102.364066
41.002207,-102.292833
41.00223,-102.292622
41.002207,-102.292553
41.002207,-102.291354
41.002245,-102.2721
41.002383,-102.267812
41.002327,-102.231931
41.002462,-102.2122
41.002442,-102.209361
41.002326,-102.19121
41.002338,-102.124972
41.002423,-102.070598
41.00237725,-102.0517175
41.002377,-102.051614
40.749591,-102.051292
40.74958575,-102.051292
40.69754182,-102.0513984
40.537839,-102.051725
40.520094,-102.051519
40.440008,-102.051465
40.396396,-102.05184
40.39308,-102.051572
40.360069,-102.051798
40.34921399,-102.0515533
40.338381,-102.051309
40.235344,-102.051922
40.229193,-102.051894
40.162674,-102.051909
40.148359,-102.052001
40.003078,-102.051744
39.849805,-102.051569
39.843471,-102.051363
39.833311,-102.051318
39.818992,-102.051254
39.675594,-102.050594
39.653812,-102.050099
39.646048,-102.050422
39.592331,-102.049954
39.574058,-102.049806
39.56818,-102.0497638
39.538932,-102.049554
39.536691,-102.049673
39.506183,-102.049679
39.423333,-102.049369
39.41821,-102.04937
39.403597,-102.049167
39.373712,-102.04896
39.303138,-102.048449
39.13702,-102.04725
39.13314656,-102.0471886
39.129701,-102.047134
39.047038,-102.046571
38.813392,-102.045388
38.799463,-102.045334
38.783453,-102.045448
38.770064,-102.045371
38.755528,-102.045287
38.754339,-102.045375
38.697567,-102.045212
38.688555,-102.045156
38.686725,-102.045127
38.675221,-102.04516
38.674946,-102.045102
38.669617,-102.045074
38.615249,-102.045288
38.61516844,-102.0452878
38.581609,-102.045211
38.558732,-102.045189
38.543797,-102.045223
38.523784,-102.045112
38.505532,-102.045262
38.505395,-102.045263
38.453647,-102.045324
38.41968,-102.044936
38.415802,-102.044442
38.384419,-102.044944
38.312324,-102.044613
38.268819,-102.044568
38.26874912,-102.0445674
38.26241158,-102.0445101
38.250015,-102.044398
38.141778,-102.044251
38.125013,-102.044589
38.113011,-102.044255
38.045532,-102.044644
37.928102,-102.043844
37.926135,-102.043845
37.867929,-102.043219
37.824146,-102.043033
37.803535,-102.042953
37.788758,-102.042668
37.760164,-102.042158
37.73854063,-102.04199
37.723875,-102.041876
37.680436,-102.041574
37.665681,-102.041694
37.654495,-102.041582
37.644282,-102.041585
37.607868,-102.041618
37.557977,-102.041894
37.541186,-102.041899
37.535261,-102.042016
37.506066,-102.041786
37.469488,-102.041801
37.434855,-102.041755
37.43474,-102.041669
37.409898,-102.041676
37.38919043,-102.0415858
37.375018,-102.041524
37.352819,-102.042089
37.352613,-102.041974
37.30949,-102.041817
37.29765,-102.041664
37.258164,-102.041963
37.141744,-102.042002
37.125021,-102.042135
37.125021,-102.042092
37.111973,-102.041809
37.106551,-102.041983
37.035083,-102.04192
37.034397,-102.041749
37.032178,-102.041921
37.030805,-102.04195
37.024742,-102.041952
36.993083,-102.04224
36.993109,-102.054503
36.993593,-102.184271
36.99373,-102.208316
36.994388,-102.260789
36.994506,-102.355288
36.994575,-102.355367
36.995149,-102.698142
36.997689,-102.74206
37.000019,-102.75986
36.999242,-102.778569
37.000019,-102.806762
37.000783,-102.814616
36.999598,-102.841989
36.998549,-102.979613
36.998571,-102.985807
36.998524,-102.986976
37.000104,-103.002199
37.00017387,-103.0861061
37.000232,-103.155922
36.998016,-103.733247
36.998041,-103.734364
36.996239,-104.007855
36.994644,-104.250536
36.993535,-104.338833
36.993766,-104.519257
36.994377,-104.624556
36.993599,-104.625545
36.993378,-104.645029
36.993447,-104.732031
36.993484,-104.73212
36.993264,-105.000554
36.992729,-105.029228
36.995428,-105.1208
36.99533915,-105.1550423
36.995169,-105.220613
36.995605,-105.251296
36.995856,-105.41931
36.995994,-105.442459
36.996017,-105.447255
36.995991,-105.465182
36.995895,-105.508836
36.995777,-105.512485
36.995875,-105.533922
36.995679,-105.62747
36.995874,-105.66472
36.995849,-105.716471
36.99584592,-105.7184697
36.995418,-105.996159
36.995417,-105.997472
36.995343,-106.006634
36.994122,-106.201469
36.994266,-106.247705
36.994288,-106.248675
36.99389,-106.293279
36.99423,-106.343139
36.99383933,-106.4762801
36.993768,-106.500589
36.992967,-106.617159
36.993004,-106.617125
36.993175,-106.628652
36.993161,-106.628733
36.993243,-106.661344
36.993123,-106.675626
36.992461,-106.750591
36.992426,-106.869796
37.000139,-106.877292
37.000005,-107.420913
37.000005,-107.420915
37.00000458,-107.481737
37.000001,-108.000623
36.999015,-108.249358
36.999561,-108.250635
36.999555,-108.288086
36.99952,-108.2884
36.999499,-108.320464
36.99951,-108.320721
36.99945895,-108.379203
36.999249,-108.619689
36.999287,-108.620309
36.998906,-108.954404
36.998913,-108.958868
36.999084,-109.045223
37.072742,-109.045166
37.074661,-109.045058
37.086429,-109.044995
37.096271,-109.045189
37.109464,-109.045173
37.111958,-109.045203
37.112064,-109.045156
37.177279,-109.045995
37.201831,-109.045978
37.210844,-109.045487
37.249351,-109.045584
37.249993,-109.046039
37.374993,-109.04581
37.48471056,-109.0434638
37.499992,-109.043137
37.530653,-109.041915
37.530726,-109.041865
37.604171,-109.041806
37.617662,-109.042131
37.623795,-109.042089
37.666067,-109.042269
37.711214,-109.041732
37.713182,-109.04176
37.74021,-109.041636
37.74999,-109.042098
37.800105,-109.041461
37.835826,-109.041754
37.842051,-109.041723
37.872788,-109.041844
37.88117021,-109.0416527
37.907236,-109.041058
37.97426,-109.043121
37.997068,-109.042819
37.999301,-109.04282
38.15302209,-109.0418366
38.16469,-109.041762
38.244921,-109.054648
38.275489,-109.060062
38.499987,-109.059962
38.599328,-109.060253
38.719888,-109.059541
38.795456,-109.057388
38.874984,-109.054189
38.904414,-109.053943
38.905284,-109.053797
38.942467,-109.053233
38.942878,-109.053292
38.999985,-109.052436
39.126095,-109.051512
39.366677,-109.050765
39.497674,-109.051363
39.66047176,-109.0510402
39.87497,-109.050615
40.058915,-109.050873
40.059579,-109.050813
40.180712,-109.050944
40.180849,-109.050973
40.22266201,-109.0509687
40.444368,-109.050946
40.495092,-109.050314
40.499963,-109.050698
40.539901,-109.049955
40.540358,-109.050074
40.619231,-109.048044
40.653601,-109.048249
40.66260181,-109.0483729
40.714562,-109.049088
40.826081,-109.048455
41.000659,-109.050076
41.000094,-108.884138
41.000156,-108.631108
40.999608,-108.526667
41.000112,-108.500659
41.000114,-108.250649
41.000455,-108.181227
41.002064,-108.046539
41.002036,-107.918421
41.002124,-107.625624
41.003073,-107.367443
41.00296721,-107.3177939
41.002804,-107.241194
41.003444,-107.000606
41.002663,-106.857773
41.002057,-106.453859
41.001978,-106.439563
41.001795,-106.437419
41.001752,-106.43095
41.001176,-106.391852
41.001144,-106.386356
40.999123,-106.321165
40.997734,-106.217573
40.99760702,-106.1905539