360,Connecticut
41.935395,-71.797922
41.92855554,-71.7976492
41.841101,-71.794161
41.840141,-71.794161
41.80867,-71.792786
41.807001,-71.792767
41.770273,-71.791062
41.724734,-71.789678
41.72456918,-71.78967156
41.655992,-71.786994
41.63991715,-71.78763665
41.59691,-71.789356
41.59685216,-71.78935867
41.416709,-71.797683
41.419599,-71.81839
41.412119,-71.839649
41.409855,-71.842563
41.40583,-71.843472
41.395359,-71.842131
41.384524,-71.833443
41.370899,-71.831613
41.36352859,-71.83773839
41.35393508,-71.83595089
41.34454408,-71.82959534
41.33404225,-71.83901286
41.32024832,-71.8605135
41.32239952,-71.85956554
41.3309411,-71.86823457
41.33641041,-71.88630173
41.33221684,-71.91671011
41.334518,-71.922092
41.335113,-71.923282
41.337959,-71.936284
41.337799,-71.945652
41.32987078,-71.95674717
41.32452601,-71.97095521
41.32998732,-71.97944707
41.32986105,-71.98219351
41.3205767,-71.98815331
41.31683766,-72.02189756
41.31963377,-72.08448734
41.31416446,-72.09444271
41.306998,-72.09982
41.299098,-72.11182
41.299398,-72.134221
41.31026221,-72.16158
41.317597,-72.173922
41.322497,-72.177622
41.323997,-72.184122
41.323197,-72.191022
41.315697,-72.201422
41.313197,-72.203022
41.299097,-72.204022
41.29136544,-72.2129239
41.29904705,-72.22527593
41.300413,-72.235531
41.29948754,-72.24816065
41.29861997,-72.25189461
41.294386,-72.250515
41.289997,-72.251323
41.282926,-72.261487
41.27778207,-72.31776035
41.27846034,-72.32759502
41.28291567,-72.33389394
41.28010987,-72.34146015
41.27744636,-72.34864263
41.269698,-72.348068
41.261798,-72.386629
41.278172,-72.398688
41.278398,-72.40593
41.278885,-72.451925
41.270103,-72.472539
41.270881,-72.485693
41.265866,-72.499534
41.260099,-72.506634
41.26125321,-72.5186604
41.26559962,-72.52131245
41.26442094,-72.52941593
41.26268974,-72.53324666
41.25620696,-72.53674589
41.25564632,-72.53777613
41.25071778,-72.54683296
41.250499,-72.547235
41.26774381,-72.57065498
41.26805387,-72.57107607
41.268098,-72.571136
41.271698,-72.583336
41.27132146,-72.58518105
41.27116789,-72.58593355
41.27101679,-72.58667392
41.27076125,-72.58792609
41.27037518,-72.5898178
41.27014071,-72.59096671
41.268698,-72.598036
41.27038693,-72.60786299
41.27079477,-72.61023602
41.271998,-72.617237
41.27193953,-72.61752118
41.27184451,-72.61798302
41.26909154,-72.63136296
41.26710843,-72.64100131
41.266998,-72.641538
41.26688402,-72.64281134
41.26617818,-72.65069672
41.265897,-72.653838
41.26593102,-72.65393079
41.26621854,-72.65471493
41.26896434,-72.66220346
41.269197,-72.662838
41.26819245,-72.66717627
41.26715111,-72.67167347
41.266997,-72.672339
41.26552,-72.6743188
41.257597,-72.684939
41.25260737,-72.6854142
41.251297,-72.685539
41.24762874,-72.68944649
41.24688689,-72.69023673
41.246697,-72.690439
41.24549275,-72.69344092
41.24497,-72.694744
41.24494756,-72.69546978
41.24475169,-72.701806
41.24461475,-72.70623611
41.24458458,-72.70721196
41.24453988,-72.70865794
41.24453046,-72.70896276
41.24452335,-72.70919254
41.24448,-72.710595
41.24481235,-72.71082104
41.2490071,-72.71367397
41.25101813,-72.71120761
41.25416749,-72.71245976
41.25913816,-72.72243905
41.25472745,-72.73281275
41.2669134,-72.75444406
41.2669134,-72.7574767
41.264796,-72.786142
41.25224384,-72.81873732
41.25406128,-72.81937233
41.2567546,-72.82688296
41.25668974,-72.84776702
41.25554367,-72.85020997
41.24774,-72.854055
41.245297,-72.861344
41.242597,-72.881445
41.243697,-72.895445
41.24586442,-72.90080334
41.247297,-72.904345
41.248297,-72.905245
41.252797,-72.903045
41.25289419,-72.90280774
41.256197,-72.894745
41.25626045,-72.89472957
41.259897,-72.893845
41.26394946,-72.89637046
41.27479426,-72.90312888
41.28254933,-72.90796179
41.28293191,-72.90820021
41.28203332,-72.91682671
41.28190487,-72.9170369
41.28005641,-72.92006165
41.2715741,-72.92065784
41.27077952,-72.92071369
41.268897,-72.920846
41.26113863,-72.93188676
41.26002448,-72.93347228
41.258497,-72.935646
41.25292034,-72.95698358
41.25222793,-72.95963293
41.25178047,-72.96134502
41.251597,-72.962047
41.23536383,-72.98375101
41.23435848,-72.98509519
41.233497,-72.986247
41.222697,-72.997948
41.21528711,-73.00363879
41.210197,-73.007548
41.2054793,-73.01346512
41.20506223,-73.01398822
41.204297,-73.014948
41.204097,-73.020149
41.20423716,-73.02016728
41.20444624,-73.02019455
41.20456815,-73.02021045
41.20490567,-73.02025448
41.206397,-73.020449
41.207197,-73.022549
41.20743545,-73.02478254
41.20965813,-73.0456024
41.210197,-73.05065
41.20846825,-73.05494718
41.206697,-73.05935
41.19517614,-73.07760969
41.194015,-73.07945
41.18415344,-73.09121961
41.18349973,-73.0919998
41.18337654,-73.09214683
41.17317029,-73.10432781
41.17220262,-73.10548271
41.172194,-73.105493
41.168738,-73.107987
41.159697,-73.110352
41.156997,-73.109952
41.15371801,-73.10835151
41.150797,-73.111052
41.146797,-73.130253
41.15856499,-73.16437019
41.16053244,-73.17007413
41.16494489,-73.17070139
41.16669689,-73.17777429
41.158096,-73.202656
41.14260239,-73.22829533
41.143996,-73.235058
41.126396,-73.247958
41.117496,-73.262358
41.127896,-73.286759
41.125696,-73.296359
41.116296,-73.31186
41.109996,-73.33066
41.10402018,-73.37229582
41.087696,-73.392162
41.08629915,-73.40015421
41.07325842,-73.41366997
41.056696,-73.435063
41.057096,-73.450364
41.05134665,-73.46823887
41.035997,-73.477364
41.04817307,-73.49332711
41.03873752,-73.51690348
41.029497,-73.516766
41.019297,-73.522666
41.016397,-73.528866
41.02191876,-73.53116862
41.02877623,-73.53018899
41.03166958,-73.53278616
41.03192018,-73.53533778
41.02433646,-73.55149361
41.016797,-73.561968
41.010897,-73.567668
41.001597,-73.570068
41.000897,-73.583968
41.0105366,-73.58498825
41.01599489,-73.59569891
41.01505378,-73.60395171
41.00217082,-73.64347793
40.995229,-73.651175
40.985171,-73.657336
40.987909,-73.659671
40.993497,-73.658772
40.999497,-73.659372
41.007697,-73.655571
41.011697,-73.654671
41.012797,-73.655371
41.020497,-73.662672
41.030097,-73.670472
41.041797,-73.679973
41.050697,-73.687173
41.059296,-73.694273
41.087596,-73.716875
41.093596,-73.722575
41.100696,-73.727775
41.141495,-73.639672
41.144921,-73.632153
41.15291481,-73.61439109
41.17517,-73.564941
41.198434,-73.514617
41.200814,-73.509487
41.21276,-73.482709
41.256719,-73.518384
41.295422,-73.550961
41.307598,-73.548929
41.315931,-73.549574
41.326297,-73.548973
41.366375,-73.544728
41.376622,-73.543425
41.37675407,-73.54341486
41.405994,-73.541169
41.433905,-73.537673
41.43589,-73.537469
41.441094,-73.536969
41.451331,-73.536067
41.45306,-73.535986
41.455236,-73.535885
41.455709,-73.535857
41.457159,-73.535769
41.475894,-73.534369
41.476394,-73.534269
41.476911,-73.534269
41.47806,-73.53415
41.478968,-73.534055
41.479693,-73.533969
41.527194,-73.530067
41.619773,-73.521041
41.641197,-73.520017
41.66673398,-73.5182376
41.687581,-73.516785
41.740941,-73.511921
41.758749,-73.510961
41.823773,-73.505008
41.824285,-73.504944
41.858717,-73.501984
41.892508,-73.498304
41.92238,-73.496527
41.958524,-73.492975
42.000092,-73.489615
42.049638,-73.487314
42.050587,-73.432812
42.046984,-73.29442
42.04694,-73.293097
42.044945,-73.231056
42.044877,-73.229798
42.04196413,-73.12727609
42.039861,-73.053254
42.03885984,-73.00874487
42.038653,-72.999549
42.03771,-72.863733
42.037709,-72.863619
42.036894,-72.847142
42.036494,-72.813541
41.997595,-72.816741
42.00212911,-72.77475679
42.002995,-72.766739
42.007695,-72.766139
42.00974169,-72.76326537
42.012795,-72.763238
42.014595,-72.761238
42.016995,-72.759738
42.01818255,-72.76135424
42.01977516,-72.7623098
42.02152703,-72.76215054
42.02184556,-72.76055793
42.020865,-72.758151
42.020947,-72.757467
42.025395,-72.754038
42.030195,-72.751738
42.032095,-72.753538
42.033295,-72.757538
42.036195,-72.755838
42.03660779,-72.71413416
42.036788,-72.695927
42.032395,-72.643134
42.030795,-72.607933
42.024995,-72.606933
42.024695,-72.590233
42.024695,-72.582332
42.030141,-72.573231
42.034295,-72.528131
42.03421654,-72.50919169
42.033999,-72.45668
42.031907,-72.317148
42.031626,-72.249523
42.03024534,-72.13571501
42.030245,-72.135687
42.02889919,-72.1021621
42.027347,-72.063496
42.02688,-71.987326
42.024368,-71.89078
42.023569,-71.80065
42.008065,-71.799242