1730,California
42.00776412,-122.2895331
42.007764,-122.289527
42.007364,-122.261127
42.007637,-122.161328
42.007637,-122.160438
42.007384,-122.156666
42.007429,-122.155408
42.005766,-122.101922
42.003967,-122.000319
42.00307,-121.846712
42.000815,-121.708199
42.000766,-121.705045
42.000584,-121.689159
42.000351,-121.675348
41.998668,-121.580865
41.997983,-121.52025
41.9971688,-121.4475404
41.99708,-121.43961
41.997022,-121.434977
41.997026,-121.376101
41.99668,-121.360253
41.99622,-121.340517
41.996518,-121.335734
41.996655,-121.334385
41.997612,-121.309981
41.99757,-121.251099
41.997054,-121.247616
41.99601,-121.126093
41.994658,-121.094926
41.993323,-121.035195
41.993781,-120.879481
41.994183,-120.812279
41.993676,-120.693941
41.993677,-120.692219
41.993084,-120.647173
41.993785,-120.501069
41.993122,-120.326005
41.993058,-120.286424
41.994588,-120.181563
41.995139,-120.001058
41.99454,-119.999168
41.874891,-119.999276
41.749892,-119.998287
41.624893,-119.998855
41.618765,-119.99828
41.499894,-119.999471
41.183974,-119.999866
40.873101,-119.999358
40.867454,-119.999232
40.865899,-119.999231
40.749899,-119.998479
40.720992,-119.997533
40.499901,-119.995926
40.321838,-119.996155
40.32125,-119.996155
40.263532,-119.996182
40.262461,-119.996183
40.126363,-119.997124
40.091591,-119.997234
40.077245,-119.997175
40.071803,-119.997291
39.956505,-119.997634
39.851406,-119.999733
39.780779,-120.000607
39.779956,-120.000502
39.72242,-120.001319
39.72241632,-120.001319
39.538852,-120.00174
39.445113,-120.003116
39.44504373,-120.0031173
39.374908,-120.00443
39.330488,-120.00471
39.31645253,-120.0053156
39.31635,-120.00532
39.313848,-120.005413
39.313345,-120.005414
39.291258,-120.005142
39.228664,-120.005743
39.22521,-120.005746
39.16559868,-120.0045044
39.11268706,-120.0034024
39.067489,-120.002461
38.999574,-120.001014
38.933324,-119.904315
38.714734,-119.587679
38.714345,-119.587066
38.713212,-119.585437
38.649852,-119.494183
38.649734,-119.494022
38.619964,-119.450612
38.619965,-119.450623
38.566793,-119.375994
38.563281,-119.370117
38.538328,-119.333423
38.53477336,-119.3284112
38.499914,-119.279262
38.48078,-119.250988
38.468997,-119.234966
38.41473917,-119.1569828
38.39317,-119.125982
38.372853,-119.097161
38.361267,-119.082358
38.325181,-119.030078
38.303675,-119.000975
38.26894,-118.949673
38.249919,-118.922518
38.204808,-118.859087
38.141871,-118.771867
38.124926,-118.746598
38.102185,-118.714312
38.034389,-118.62159
37.99993,-118.571958
37.949019,-118.500958
37.89622989,-118.4278004
37.768616,-118.250947
37.62493,-118.052189
37.615273,-118.039798
37.615245,-118.039849
37.569293,-117.975776
37.515836,-117.904625
37.497267,-117.875927
37.464929,-117.832726
37.374931,-117.712358
37.353399,-117.68061
37.278936,-117.581418
37.249931,-117.540885
37.220282,-117.500909
37.22038,-117.500117
37.126843,-117.375905
37.04491,-117.266046
37.030244,-117.244917
36.97122396,-117.1660005
36.945777,-117.131975
36.896354,-117.066728
36.847694,-117.000895
36.499952,-116.541983
36.468223,-116.500882
36.459097,-116.488233
36.374955,-116.38034
36.372562,-116.375875
36.276979,-116.250869
36.158346,-116.097216
36.155805,-116.093601
36.015359,-115.912858
35.999967,-115.892975
35.96966,-115.852908
35.96420746,-115.8459839
35.889287,-115.750844
35.842003,-115.689302
35.826515,-115.669005
35.80962942,-115.6480203
35.809358,-115.647683
35.808995,-115.647202
35.793846,-115.627386
35.792013,-115.625838
35.693382,-115.500832
35.624981,-115.412908
35.618613,-115.406079
35.617605,-115.404537
35.609344,-115.393996
35.607271,-115.391535
35.6051711,-115.3888657
35.538207,-115.303743
35.51266,-115.271342
35.47590737,-115.2252726
35.424313,-115.160599
35.424129,-115.160068
35.413662,-115.146788
35.413182,-115.145813
35.39694,-115.125816
35.379371,-115.102881
35.37499,-115.098018
35.332012,-115.043812
35.249994,-114.942216
35.237054,-114.92548
35.237039,-114.925381
35.140284,-114.80503
35.139689,-114.804249
35.002085,-114.633013
34.99474,-114.629928
34.991887,-114.62919
34.986148,-114.629015
34.980791,-114.629907
34.96906,-114.634607
34.965149,-114.635237
34.958918,-114.634953
34.95131,-114.631681
34.94481,-114.629811
34.94304,-114.629769
34.938684,-114.629753
34.930628,-114.632196
34.924608,-114.633253
34.92123,-114.633237
34.911852,-114.630552
34.907263,-114.630877
34.895192,-114.635425
34.889107,-114.636725
34.885705,-114.636768
34.875003,-114.635176
34.87289,-114.634382
34.866352,-114.630682
34.859738,-114.623939
34.856873,-114.619878
34.849573,-114.604255
34.847361,-114.600653
34.841153,-114.592339
34.835672,-114.586842
34.826115,-114.581126
34.8153,-114.576452
34.805746,-114.574569
34.794294,-114.57101
34.773852,-114.558653
34.766871,-114.552682
34.761802,-114.546884
34.757109,-114.540306
34.750822,-114.529615
34.747005,-114.525611
34.74373,-114.522619
34.741173,-114.521048
34.736745,-114.516619
34.733582,-114.510292
34.731247,-114.503361
34.727956,-114.495858
34.725702,-114.492017
34.724848,-114.490971
34.71909981,-114.4867684
34.71603593,-114.4819537
34.714514,-114.477297
34.713964,-114.473682
34.712966,-114.47162
34.711368,-114.470477
34.707573,-114.46862
34.701786,-114.46809
34.691202,-114.465246
34.6858,-114.462178
34.67795623,-114.4565672
34.67576774,-114.455473
34.673092,-114.45491
34.671234,-114.454305
34.66854573,-114.452628
34.66679494,-114.4519714
34.66504415,-114.4517526
34.663891,-114.451785
34.65957293,-114.452628
34.65716559,-114.4519714
34.65432056,-114.4517526
34.651423,-114.449549
34.646542,-114.444276
34.64253,-114.441465
34.63824,-114.440294
34.631529,-114.441525
34.630171,-114.441398
34.621455,-114.438739
34.614641,-114.428648
34.610453,-114.424202
34.602338,-114.424326
34.600842,-114.425338
34.599227,-114.427502
34.59687396,-114.43009
34.5958459,-114.4297473
34.59173364,-114.4297473
34.580711,-114.422382
34.569637,-114.405228
34.542982,-114.389603
34.529724,-114.380838
34.516521,-114.378223
34.507288,-114.378124
34.499242,-114.381402
34.495757,-114.382358
34.488903,-114.383038
34.477883,-114.381555
34.47604,-114.381701
34.470405,-114.383525
34.462021,-114.387187
34.460492,-114.387407
34.457911,-114.386699
34.450376,-114.378852
34.447798,-114.375789
34.446938,-114.373719
34.447773,-114.363404
34.449744,-114.356025
34.451442,-114.342615
34.451435,-114.339627
34.450038,-114.335372
34.448082,-114.332991
34.445295,-114.330669
34.437251,-114.32613
34.435831,-114.319054
34.432726,-114.312251
34.426807,-114.301016
34.421389,-114.294836
34.417606,-114.292226
34.411104,-114.291751
34.408291,-114.290219
34.406623,-114.288663
34.40534,-114.286802
34.403147,-114.280108
34.402486,-114.267521
34.401329,-114.264317
34.3901,-114.252739
34.388113,-114.248649
34.385659,-114.245261
34.376662,-114.234275
34.368908,-114.229686
34.365916,-114.226107
34.36246,-114.213774
34.361373,-114.199482
34.356125,-114.191094
34.354386,-114.185556
34.352186,-114.181145
34.349306,-114.176909
34.344979,-114.172845
34.339513,-114.168807
34.317862,-114.157206
34.305919,-114.14093
34.30323,-114.138282
34.300936,-114.138167
34.295844,-114.139534
34.288564,-114.138365
34.280833,-114.13605
34.277018,-114.137045
34.274377,-114.136671
34.268965,-114.134768
34.26638734,-114.1344265
34.26351782,-114.1346117
34.26129626,-114.1361853
34.25953753,-114.1390548
34.259623,-114.144779
34.259564,-114.147159
34.258289,-114.153346
34.258415,-114.156853
34.25824161,-114.1596968
34.25703827,-114.1618258
34.25518697,-114.1631217
34.253349,-114.163867
34.251667,-114.164476
34.249647,-114.166536
34.24722638,-114.1731187
34.24546764,-114.1743221
34.242695,-114.175948
34.241512,-114.176403
34.239969,-114.17805
34.230858,-114.190876
34.215505,-114.208253
34.211539,-114.211761
34.208956,-114.215454
34.205136,-114.223384
34.203642,-114.225194
34.201774,-114.225861
34.193896,-114.224941
34.188866,-114.227034
34.186928,-114.229715
34.183232,-114.240712
34.179625,-114.244191
34.173831,-114.254141
34.17021,-114.268267
34.17215,-114.275267
34.170529,-114.287294
34.166725,-114.292806
34.144776,-114.312206
34.138635,-114.320777
34.136759,-114.324576
34.134035,-114.336112
34.134458,-114.348052
34.133121,-114.353031
34.130429,-114.356373
34.123577,-114.360402
34.118575,-114.366521
34.117517,-114.369297
34.115988,-114.379234
34.110084,-114.390565
34.111652,-114.401352
34.11154,-114.405941
34.110031,-114.411681
34.107636,-114.415908
34.103466,-114.420499
34.097042,-114.426168
34.092787,-114.428026
34.088413,-114.43338
34.087379,-114.434181
34.079727,-114.435429
34.071937,-114.437683
34.057893,-114.43934
34.05381,-114.439406
34.050205,-114.438602
34.042615,-114.435504
34.037784,-114.434949
34.028083,-114.436171
34.022609,-114.438266
34.019329,-114.44054
34.016176,-114.443821
34.012574,-114.450206
34.010968,-114.454807
34.01083544,-114.4589061
34.01008084,-114.4611699
34.0084207,-114.4628301
34.00660965,-114.4631319
34.00449675,-114.4628301
33.99921451,-114.4604153
33.99664885,-114.4602644
33.99468688,-114.4611699
33.99378135,-114.4623773
33.993465,-114.466187
33.992877,-114.467932
33.98804,-114.471138
33.984424,-114.475907
33.981261,-114.481455
33.980181,-114.482333
33.977745,-114.483097
33.975519,-114.484784
33.966835,-114.495047
33.961789,-114.499883
33.957264,-114.509568
33.95704,-114.511231
33.958106,-114.51586
33.955623,-114.522002
33.947817,-114.52868
33.934651,-114.535478
33.92849949,-114.5349865
33.92607205,-114.5336794
33.923674,-114.528385
33.922272,-114.525361
33.917518,-114.518434
33.911092,-114.511511
33.906098,-114.508558
33.903807,-114.50792
33.901813,-114.507988
33.90064,-114.508708
33.899099,-114.510944
33.897959,-114.513715
33.8961959,-114.5163139
33.89488882,-114.5178077
33.89320829,-114.5187414
33.89171448,-114.5189281
33.88984722,-114.5185546
33.88816668,-114.5178077
33.88592598,-114.5165006
33.882884,-114.512467
33.876882,-114.50434
33.875018,-114.503395
33.867998,-114.503017
33.865754,-114.503887
33.864276,-114.505638
33.858638,-114.514673
33.85812,-114.516811
33.85847726,-114.5245299
33.85735691,-114.5267706
33.85492947,-114.5284511
33.85175513,-114.5293847
33.848063,-114.529597
33.838614,-114.525539
33.835323,-114.523409
33.827778,-114.520465
33.825381,-114.51997
33.822031,-114.520733
33.818979,-114.522714
33.816191,-114.527161
33.814963,-114.52805
33.799473,-114.520094
33.788345,-114.516734
33.76793,-114.507089
33.760465,-114.504863
33.756381,-114.50434
33.750998,-114.504483
33.746344,-114.506
33.741587,-114.508206
33.734214,-114.512348
33.732146,-114.510265
33.730518,-114.506799
33.728055,-114.504176
33.724584,-114.502661
33.722204,-114.500788
33.719155,-114.496565
33.71443,-114.494901
33.707922,-114.494197
33.698454,-114.495719
33.696901,-114.496489
33.693022,-114.504993
33.691282,-114.512409
33.688473,-114.519113
33.685879,-114.523959
33.682684,-114.527782
33.679245,-114.530348
33.675108,-114.531523
33.67110174,-114.5309993
33.66803093,-114.5297063
33.6660437,-114.5283044
33.6642982,-114.5269468
33.66294058,-114.5259771
33.66158296,-114.5252013
33.65964349,-114.5250074
33.65809193,-114.5252013
33.6571222,-114.5257832
33.65557063,-114.5269468
33.65304933,-114.5283044
33.65014015,-114.5302439
33.64761885,-114.53005
33.64412782,-114.5290802
33.64141258,-114.5279166
33.63753366,-114.5269468
33.63307291,-114.5269468
33.63016371,-114.5284984
33.62744847,-114.529856
33.62279377,-114.5296621
33.618839,-114.527938
33.6165875,-114.5257832
33.61426015,-114.5246195
33.61135096,-114.5248134
33.608831,-114.526782
33.60665,-114.529186
33.591412,-114.540617
33.580615,-114.5403
33.569154,-114.535965
33.568788,-114.535664
33.557466,-114.526834
33.553683,-114.524391
33.552231,-114.524599
33.542481,-114.542011
33.531819,-114.558898
33.530724,-114.559507
33.524334,-114.560835
33.518272,-114.560552
33.516739,-114.560963
33.509219,-114.569533
33.507543,-114.573757
33.506465,-114.580468
33.502453,-114.588239
33.499443,-114.591554
33.490653,-114.597283
33.484315,-114.599713
33.481394,-114.601696
33.474834,-114.607843
33.470768,-114.612472
33.456561,-114.622918
33.45449,-114.623395
33.447558,-114.622283
33.433554,-114.627125
33.428138,-114.62964
33.422726,-114.635183
33.416745,-114.643302
33.413633,-114.64954
33.412922,-114.652828
33.413036,-114.658382
33.418299,-114.673901
33.417944,-114.687953
33.415127,-114.695655
33.414059,-114.696504
33.412087,-114.696805
33.410942,-114.697707
33.408388,-114.701732
33.407254,-114.710878
33.407891,-114.720065
33.406531,-114.723829
33.405048,-114.725282
33.404056,-114.725535
33.402342,-114.725292
33.398779,-114.722872
33.388257,-114.713602
33.384147,-114.708408
33.382542,-114.70731
33.380634,-114.707009
33.376628,-114.707348
33.361148,-114.699053
33.356575,-114.69817
33.352442,-114.698035
33.337014,-114.700938
33.327767,-114.705241
33.323421,-114.707962
33.320607,-114.710792
33.31211,-114.723623
33.305745,-114.729904
33.304039,-114.731222
33.302434,-114.731223
33.288079,-114.723259
33.286982,-114.72167
33.285157,-114.717875
33.283342,-114.711197
33.281916,-114.702873
33.279786,-114.694449
33.276025,-114.684363
33.273577,-114.680507
33.27017,-114.677032
33.26047,-114.672401
33.258499,-114.672088
33.255597,-114.674491
33.247966,-114.688205
33.246428,-114.689541
33.24525,-114.689421
33.234918,-114.682731
33.2303,-114.678097
33.225504,-114.674479
33.223121,-114.673626
33.219245,-114.673715
33.210835,-114.676072
33.203448,-114.678749
33.199584,-114.678178
33.188179,-114.67519
33.185489,-114.67536
33.18152,-114.675831
33.174738,-114.679034
33.169717,-114.680248
33.162948,-114.678729
33.159519,-114.679359
33.155214,-114.682253
33.148121,-114.684489
33.142196,-114.687074
33.137883,-114.689995
33.131209,-114.696829
33.113769,-114.703682
33.105335,-114.706175
33.097432,-114.707896
33.091102,-114.707819
33.08816,-114.706488
33.087051,-114.70473
33.086368,-114.701165
33.086226,-114.694628
33.085786,-114.692548
33.084036,-114.68902
33.082869,-114.688597
33.079179,-114.689307
33.076122,-114.68912
33.070969,-114.686991
33.057171,-114.674296
33.047532,-114.675104
33.041897,-114.673659
33.037984,-114.670803
33.033908,-114.66506
33.032671,-114.662317
33.032665,-114.659832
33.033825,-114.657827
33.037107,-114.655038
33.046763,-114.649001
33.048903,-114.64598
33.046896,-114.641622
33.045291,-114.639553
33.039025,-114.63419
33.031052,-114.628293
33.029436,-114.625787
33.027202,-114.618788
33.02541,-114.601014
33.026228,-114.589778
33.026945,-114.586982
33.028231,-114.584765
33.032545,-114.581404
33.035375,-114.578287
33.036542,-114.575161
33.036624,-114.571653
33.033974,-114.553189
33.033422,-114.538459
33.030961,-114.523578
33.029984,-114.52013
33.02757184,-114.5164839
33.026524,-114.5149
33.023455,-114.511343
33.01701,-114.50613
33.011153,-114.502871
33.003905,-114.499797
32.991474,-114.497315
32.980076,-114.495712
32.974262,-114.494212
32.971781,-114.492938
32.969885,-114.490129
32.969946,-114.488625
32.972064,-114.481315
32.97366465,-114.480417
32.97516847,-114.4761559
32.97406019,-114.4709878
32.97229522,-114.4690385
32.96686069,-114.467664
32.96067501,-114.4672719
32.95632309,-114.4677299
32.95267265,-114.4691126
32.94933345,-114.4708326
32.94515,-114.474042
32.940555,-114.478456
32.937027,-114.48074
32.935252,-114.48092
32.928291,-114.479005
32.923628,-114.47664
32.920594,-114.473713
32.913129,-114.464448
32.911682,-114.46365
32.907944,-114.462929
32.901884,-114.463127
32.87942,-114.465715
32.879191,-114.465715
32.874809,-114.465546
32.845155,-114.468971
32.838694,-114.475892
32.823288,-114.494116
32.822326,-114.496284
32.822119,-114.496827
32.816417,-114.510217
32.811439,-114.515389
32.805676,-114.519758
32.803577,-114.520385
32.801675,-114.522031
32.796307,-114.528849
32.793485,-114.530755
32.791185,-114.531669
32.782503,-114.531746
32.776923,-114.532432
32.774264,-114.531831
32.767276,-114.528443
32.757094,-114.526856
32.756949,-114.539093
32.749812,-114.539224
32.749554,-114.564447
32.742298,-114.564508
32.742321,-114.581736
32.734946,-114.581784
32.734516,-114.612697
32.734089,-114.614772
32.729427,-114.615733
32.728446,-114.615585
32.728245,-114.618373
32.730846,-114.632686
32.733799,-114.65826
32.73383,-114.65884
32.734226,-114.667493
32.736218,-114.677091
32.736614,-114.678632
32.737537,-114.684278
32.737675,-114.688779
32.744846,-114.69879
32.745617,-114.700743
32.745548,-114.701918
32.741581,-114.705717
32.73039,-114.714522
32.727758,-114.715788
32.721654,-114.717665
32.718763,-114.719633
32.699676,-115.000802
32.6671,-115.465164
32.623353,-116.04662
32.61864137,-116.1061814
32.61791,-116.115427
32.616673,-116.125848
32.610326,-116.211033
32.583747,-116.540643
32.576261,-116.62705
32.557459,-116.857154
32.550758,-116.928055
32.550058,-116.945956
32.542457,-117.026358
32.539857,-117.062759
32.53470626,-117.1188679
32.534156,-117.124862
32.575625,-117.133363
32.597054,-117.132963
32.618754,-117.136664
32.627054,-117.139464
32.660652,-117.159865
32.671952,-117.168866
32.681652,-117.180366
32.687751,-117.192967
32.688851,-117.196767
32.687751,-117.213068
32.683051,-117.223868
32.671353,-117.236239
32.669352,-117.246069
32.700051,-117.255169
32.72605,-117.25757
32.745449,-117.25537
32.752949,-117.25257
32.786948,-117.25497
32.803148,-117.26107
32.822247,-117.280971
32.839547,-117.28217
32.843047,-117.28117
32.851447,-117.27387
32.848947,-117.26497
32.852647,-117.26067
32.859447,-117.25617
32.874346,-117.25167
32.900146,-117.25447
32.931245,-117.26047
32.93954187,-117.2625468
33.012343,-117.28077
33.034642,-117.29337
33.07454,-117.309771
33.093504,-117.315278
33.121842,-117.328359
33.1642312,-117.3594838
33.168437,-117.362572
33.202762,-117.39148
33.213598,-117.401926
33.268517,-117.445583
33.296417,-117.469794
33.334063,-117.50565
33.365491,-117.547693
33.378988,-117.571722
33.386629,-117.59588
33.406317,-117.607905
33.430528,-117.631682
33.440728,-117.645582
33.44073318,-117.6455915
33.461927,-117.684584
33.460155,-117.689284
33.456627,-117.691984
33.454028,-117.691384
33.460556,-117.715349
33.483427,-117.726486
33.516326,-117.761387
33.541525,-117.784888
33.546324,-117.801288
33.552224,-117.814188
33.573523,-117.840289
33.592322,-117.87679
33.599622,-117.89979
33.605521,-117.927091
33.620021,-117.940591
33.6294656,-117.9571137
33.654319,-118.000593
33.676418,-118.029694
33.711018,-118.064895
33.729817,-118.088896
33.734117,-118.101097
33.74354945,-118.116703
33.753217,-118.132698
33.760317,-118.1569
33.763617,-118.1755
33.763072,-118.180831
33.749218,-118.187701
33.736118,-118.1837
33.717367,-118.181367
33.716905,-118.207476
33.703741,-118.258687
33.707091,-118.277208
33.708319,-118.297104
33.712818,-118.317205
33.732317,-118.354705
33.736817,-118.360505
33.741417,-118.385006
33.735917,-118.396606
33.741985,-118.411211
33.774715,-118.428407
33.782015,-118.423407
33.800215,-118.405007
33.80428853,-118.3943761
33.804315,-118.394307
33.815415,-118.391507
33.840915,-118.392107
33.883913,-118.412708
33.940312,-118.44241
33.969111,-118.460611
33.99591244,-118.4827286
33.99771,-118.484212
34.015509,-118.502813
34.027509,-118.519514
34.038508,-118.543115
34.04164,-118.569235
34.039048,-118.603572
34.036424,-118.609652
34.038887,-118.668358
34.037479,-118.67543
34.033255,-118.679366
34.029383,-118.706215
34.032743,-118.732391
34.032103,-118.744952
34.021543,-118.783433
34.019545,-118.787094
34.001239,-118.805114
34.013959,-118.821579
34.027527,-118.84038
34.034215,-118.854653
34.039207,-118.896159
34.045847,-118.928048
34.043383,-118.938081
34.04533968,-118.9448872
34.048167,-118.954722
34.059822,-118.977751
34.065943,-118.99698
34.066231,-119.004644
34.083111,-119.037494
34.09047,-119.069959
34.09831,-119.088536
34.099334,-119.098216
34.094566,-119.109784
34.100102,-119.130169
34.11965304,-119.1595541
34.139005,-119.18864
34.144505,-119.20314
34.144905,-119.211241
34.146105,-119.216441
34.16172838,-119.2277429
34.175804,-119.237142
34.213304,-119.257043
34.234609,-119.265927
34.252903,-119.270144
34.266902,-119.278644
34.274902,-119.290945
34.272761,-119.302131
34.275689,-119.313034
34.290576,-119.337475
34.304383,-119.349187
34.319486,-119.370356
34.321118,-119.37578
34.317398,-119.388249
34.318198,-119.390449
34.353016,-119.42777
34.355297,-119.431066
34.355839,-119.435888
34.374064,-119.461036
34.375628,-119.472678
34.3771974,-119.4782654
34.386295,-119.510655
34.395495,-119.536957
34.413395,-119.559459
34.420995,-119.616862
34.415696,-119.638864
34.417396,-119.648664
34.416096,-119.671866
34.412497,-119.688167
34.408297,-119.684666
34.403154,-119.691749
34.395397,-119.709067
34.395897,-119.729369
34.402898,-119.74547
34.415997,-119.785871
34.417597,-119.794771
34.415796,-119.835771
34.407996,-119.853771
34.408795,-119.873971
34.433931,-119.925227
34.435288,-119.956433
34.444641,-119.971951
34.460447,-120.008077
34.463434,-120.038828
34.461651,-120.050682
34.460208,-120.088591
34.461809,-120.097212
34.469927,-120.118411
34.473405,-120.141165
34.470372,-120.183505
34.470587,-120.225498
34.468098,-120.238002
34.467451,-120.25777
34.468354,-120.283001
34.470623,-120.295051
34.469731,-120.299169
34.467077,-120.301822
34.458789,-120.341369
34.451512,-120.441975
34.447094,-120.451425
34.447846,-120.471376
34.475131,-120.47661
34.481059,-120.480372
34.490075,-120.490523
34.522953,-120.511421
34.531291,-120.524776
34.556959,-120.581293
34.556656,-120.608355
34.553564,-120.612005
34.554017,-120.622575
34.56622,-120.637805
34.581035,-120.645739
34.604406,-120.640244
34.634489,-120.625127
34.692095,-120.60197
34.70464,-120.60045
34.709721,-120.601672
34.730709,-120.614852
34.738072,-120.62632
34.755895,-120.637415
34.7933,-120.62297
34.816308,-120.616296
34.842751,-120.609898
34.85818,-120.610266
34.866739,-120.616325
34.880413,-120.639283
34.894145,-120.642212
34.901133,-120.647328
34.901183,-120.662889
34.904115,-120.670835
34.97439322,-120.6489051
35.002963,-120.63999
35.033085,-120.63357
35.061515,-120.629931
35.078362,-120.629583
35.101941,-120.630957
35.123805,-120.635787
35.139616,-120.644311
35.147768,-120.651134
35.153357,-120.662475
35.15203,-120.667994
35.153061,-120.675074
35.160708,-120.686974
35.171192,-120.698906
35.173206,-120.704203
35.175998,-120.714185
35.178472,-120.734231
35.177795,-120.74887
35.174701,-120.754823
35.169208,-120.756862
35.160459,-120.756086
35.15971,-120.760492
35.168897,-120.778998
35.177666,-120.786076
35.184973,-120.805258
35.204429,-120.846674
35.206487,-120.856047
35.225688,-120.873046
35.247877,-120.89679
35.25399,-120.896876
35.277819,-120.889354
35.294184,-120.87957
35.327154,-120.8672
35.346776,-120.862684
35.360763,-120.862133
35.393045,-120.866099
35.403276,-120.869209
35.430196,-120.884757
35.442243,-120.896862
35.449069,-120.907937
35.446715,-120.946546
35.44802,-120.950742
35.453743,-120.955863
35.460197,-120.969436
35.459028,-120.976122
35.46071,-121.003359
35.484598,-121.025621
35.50753,-121.05308
35.509671,-121.059913
35.548814,-121.101595
35.593058,-121.126027
35.600455,-121.133556
35.606046,-121.143561
35.635399,-121.166712
35.643138,-121.188897
35.640734,-121.195291
35.656641,-121.251034
35.666711,-121.272322
35.674109,-121.284973
35.689428,-121.289794
35.696824,-121.296473
35.701794,-121.304583
35.71331,-121.314632
35.75252,-121.315786
35.769347,-121.324918
35.783106,-121.332449
35.79518264,-121.3463628
35.804187,-121.356737
35.823483,-121.388053
35.844623,-121.406823
35.855316,-121.413146
35.860103,-121.426955
35.86695,-121.439584
35.885618,-121.462264
35.896906,-121.461227
35.904416,-121.463452
35.91989,-121.472435
35.970348,-121.4862
36.000299,-121.503112
36.006598,-121.51159
36.014368,-121.531876
36.019798,-121.553716
36.021539,-121.569612
36.025156,-121.574602
36.050363,-121.590395
36.053775,-121.589183
36.065062,-121.592853
36.072065,-121.606845
36.087767,-121.618672
36.099695,-121.622009
36.114452,-121.629634
36.165818,-121.680145
36.195146,-121.717176
36.227407,-121.779851
36.234211,-121.797059
36.232907,-121.806979
36.234235,-121.813734
36.24186,-121.826425
36.250748,-121.835785
36.260478,-121.83935
36.277831,-121.851967
36.289064,-121.874797
36.30281,-121.888491
36.317806,-121.894714
36.340428,-121.892917
36.358269,-121.905446
36.363901,-121.902669
36.381879,-121.901813
36.393603,-121.903195
36.398206,-121.905657
36.404344,-121.914378
36.414809,-121.917463
36.42589,-121.91474
36.453918,-121.9255
36.472488,-121.937205
36.485602,-121.9416
36.496896,-121.939216
36.506423,-121.938763
36.511802,-121.943678
36.521861,-121.944666
36.523147,-121.928769
36.525173,-121.925937
36.559935,-121.932508
36.566435,-121.942533
36.567602,-121.949659
36.564009,-121.95146
36.564482,-121.957335
36.57337,-121.972594
36.580488,-121.978592
36.582754,-121.970427
36.618059,-121.941666
36.633908,-121.938551
36.636746,-121.93643
36.636959,-121.929666
36.634559,-121.923866
36.609259,-121.890164
36.601759,-121.889064
36.601459,-121.886764
36.604559,-121.871364
36.611136,-121.860604
36.630059,-121.842263
36.644856,-121.831995
36.657207,-121.825052
36.682858,-121.814462
36.714157,-121.807062
36.750239,-121.805643
36.803994,-121.788278
36.815186,-121.791544
36.848654,-121.809363
36.85064825,-121.8105519
36.879353,-121.827664
36.931552,-121.862266
36.950151,-121.880167
36.961851,-121.894667
36.96895,-121.906468
36.97815,-121.930069
36.97805,-121.93947
36.97145,-121.95167
36.954151,-121.972771
36.954051,-121.975871
36.958727,-121.983896
36.96455,-122.012373
36.96215,-122.023373
36.95115,-122.027174
36.948523,-122.050122
36.948271,-122.066421
36.95078253,-122.0793564
36.955951,-122.105976
36.97495,-122.140578
36.98085,-122.155078
37.00345,-122.186879
37.013949,-122.20618
37.059448,-122.252181
37.072548,-122.260481
37.101747,-122.284882
37.10731829,-122.2929736
37.116383,-122.306139
37.118161,-122.313907
37.11546,-122.322971
37.115338,-122.330463
37.117382,-122.337071
37.120854,-122.338856
37.130795,-122.337085
37.135936,-122.337833
37.144099,-122.344029
37.155574,-122.359791
37.163593,-122.36179
37.172817,-122.367085
37.181128,-122.37927
37.182988,-122.390599
37.187249,-122.397065
37.195791,-122.405073
37.219465,-122.407181
37.225258,-122.408982
37.232839,-122.415822
37.24147,-122.419113
37.248521,-122.418452
37.265844,-122.411686
37.337009,-122.401323
37.359225,-122.40085
37.374805,-122.409258
37.392542,-122.423286
37.435941,-122.443687
37.461541,-122.445987
37.48054,-122.452087
37.49814,-122.467888
37.50054,-122.472388
37.4987681,-122.476443
37.49618653,-122.482351
37.494641,-122.485888
37.49439027,-122.4867493
37.49427671,-122.4871394
37.492341,-122.493789
37.49268998,-122.4944288
37.495341,-122.499289
37.52134,-122.516689
37.537302,-122.519533
37.544939,-122.516589
37.546139,-122.514789
37.552239,-122.513688
37.576138,-122.518088
37.590637,-122.517187
37.599637,-122.501386
37.612136,-122.496786
37.644035,-122.494085
37.686433,-122.496784
37.70813299,-122.5024269
37.723731,-122.506483
37.74884063,-122.5093966
37.77113,-122.511983
37.780829,-122.514483
37.788312,-122.50531
37.787929,-122.492883
37.790629,-122.485783
37.810828,-122.478083
37.80867139,-122.4703362
37.80465287,-122.4637925
37.81097932,-122.4259424
37.81144091,-122.4074518
37.80563035,-122.3981386
37.79072381,-122.3853228
37.73497867,-122.375854
37.73233109,-122.3700937
37.7349429,-122.3676965
37.73462089,-122.3654783
37.72950462,-122.3567842
37.71500952,-122.3617489
37.71757234,-122.3704113
37.708331,-122.3913738
37.70753054,-122.3931895
37.6790596,-122.3876262
37.66220612,-122.3742907
37.65238856,-122.3755997
37.65042504,-122.3778905
37.64846153,-122.3873808
37.63766221,-122.3860718
37.62620839,-122.3654549
37.61573632,-122.3553101
37.61115479,-122.3585826
37.61442731,-122.3703637
37.61377281,-122.373309
37.6055915,-122.378545
37.59250142,-122.3602189
37.59086517,-122.3176761
37.5872654,-122.3153853
37.58366563,-122.3157126
37.57548432,-122.305895
37.5728663,-122.2626977
37.56632125,-122.2518984
37.55813995,-122.2443716
37.55713569,-122.2428317
37.55289081,-122.2363229
37.54559431,-122.225135
37.53850483,-122.2142644
37.53719581,-122.1965928
37.52246947,-122.1949566
37.50414335,-122.1684491
37.50119808,-122.1556863
37.50267072,-122.1496321
37.50790676,-122.1401418
37.50365248,-122.1309788
37.5000527,-122.1277063
37.50538591,-122.1161123
37.5075795,-122.1113437
37.52885089,-122.1119981
37.56059434,-122.128688
37.56288511,-122.133924
37.56746666,-122.1375238
37.58186573,-122.1443961
37.58841078,-122.1470141
37.60084636,-122.1453779
37.60739144,-122.1463596
37.64077116,-122.1529047
37.66793309,-122.1630495
37.67611438,-122.1709035
37.68004141,-122.1790848
37.69280425,-122.1974109
37.69776933,-122.2039714
37.69869478,-122.2137735
37.70556708,-122.2216276
37.72192969,-122.246826
37.73567427,-122.2559891
37.7396013,-122.2579526
37.74500098,-122.2571345
37.747619,-122.2522257
37.75029434,-122.2449379
37.75374376,-122.2426383
37.76121752,-122.2537531
37.76466694,-122.2641014
37.76734983,-122.2754078
37.76945781,-122.2861393
37.77041598,-122.2939964
37.77463194,-122.3043446
37.77903954,-122.3189089
37.78317286,-122.3291595
37.78383041,-122.3307902
37.78603458,-122.3309629
37.79605231,-122.3317479
37.79953797,-122.3355505
37.79965209,-122.335675
37.80979691,-122.3337115
37.82321424,-122.3235666
37.82681401,-122.3176761
37.82746852,-122.3062223
37.83008654,-122.3039315
37.84775814,-122.3013135
37.87393832,-122.3104765
37.89275534,-122.3099856
37.89700962,-122.3132582
37.89721062,-122.3134964
37.90584543,-122.3237302
37.9087907,-122.3345296
37.9087907,-122.35711
37.90420917,-122.362346
37.90388191,-122.367582
37.90519092,-122.3787086
37.90813619,-122.3859081
37.91009971,-122.3891807
37.92253529,-122.3904897
37.92711682,-122.3950712
37.92842582,-122.401289
37.93726163,-122.4137246
37.94351267,-122.4173712
37.96311455,-122.4300872
37.96540531,-122.4297599
37.96311455,-122.4153608
37.96049653,-122.4117611
37.95754375,-122.4083826
37.9560091,-122.3998324
37.97816815,-122.367582
37.98999061,-122.3619046
37.99437532,-122.3630008
37.99845779,-122.3669275
38.00794809,-122.368891
38.01252962,-122.3679093
38.01416588,-122.363655
38.00994104,-122.359493
38.00369382,-122.3400929
38.00533008,-122.3319115
38.01285688,-122.3211122
38.01351139,-122.315549
38.01089336,-122.3008226
38.02267444,-122.2834782
38.04460035,-122.2628613
38.05147265,-122.2628613
38.06007023,-122.2666688
38.0743803,-122.2730062
38.08288886,-122.2828237
38.105142,-122.3018044
38.11528682,-122.3145672
38.14146698,-122.366273
38.14997554,-122.3963802
38.15062405,-122.4035137
38.15063006,-122.4035798
38.13623095,-122.4097975
38.11692308,-122.4395775
38.11626858,-122.4503768
38.1188866,-122.4549583
38.11495957,-122.484411
38.11201429,-122.4899743
38.10975523,-122.4907273
38.10808728,-122.4912833
38.09696072,-122.4899743
38.09008841,-122.4867018
38.07176229,-122.4837565
38.05638144,-122.4922651
38.03216478,-122.4994646
38.01940195,-122.4978284
38.01514767,-122.4945558
38.00762087,-122.4814658
38.00336659,-122.4628124
37.99616705,-122.4529948
37.988313,-122.4484133
37.98471324,-122.4484133
37.97882269,-122.4565946
37.98144071,-122.4624851
37.98176797,-122.4719754
37.96671436,-122.4886653
37.96475086,-122.4903016
37.95918757,-122.4903016
37.94871551,-122.4876836
37.94544297,-122.480484
37.94151596,-122.479175
37.93758893,-122.48572
37.93922518,-122.4994646
37.93660717,-122.5030644
37.92875312,-122.5030644
37.92188082,-122.4935741
37.92188082,-122.4863745
37.9186083,-122.4781932
37.910427,-122.4719754
37.90257295,-122.4723027
37.89406439,-122.4585581
37.89340989,-122.4484133
37.88391958,-122.4392502
37.88097431,-122.4382685
37.87115674,-122.4500496
37.86886598,-122.4621579
37.87442926,-122.4742662
37.8734475,-122.4808113
37.86886598,-122.4834293
37.8639572,-122.483102
37.83281227,-122.476536
37.83251342,-122.476473
37.825428,-122.4791513
37.82564062,-122.4798598
37.826728,-122.483483
37.82483953,-122.4924738
37.822128,-122.505383
37.82471696,-122.5228364
37.824828,-122.523585
37.830328,-122.537285
37.836227,-122.548986
37.851827,-122.561487
37.859227,-122.584289
37.875126,-122.60129
37.88608,-122.627113
37.897349,-122.639977
37.904519,-122.656519
37.906604,-122.678474
37.90645,-122.682171
37.901171,-122.693569
37.89382,-122.70264
37.904626,-122.727297
37.920225,-122.732898
37.925825,-122.736898
37.935527,-122.754606
37.938004,-122.766138
37.951334,-122.783244
37.969422,-122.791739
37.976657,-122.797405
37.996735,-122.821383
38.016717,-122.856573
38.025273,-122.882114
38.031908,-122.939711
38.02872,-122.956811
38.020247,-122.972378
38.009119,-122.981776
38.00427396,-122.9823856
38.00083053,-122.9801473
37.99568,-122.976764
37.992429,-122.97439
37.994878,-123.024066
37.999544,-123.020562
38.00169139,-123.0163034
38.003438,-123.011533
38.041758,-122.99242
38.112962,-122.960889
38.138562,-122.952086
38.15406,-122.949074
38.164041,-122.949626
38.17567,-122.953629
38.187113,-122.965408
38.198514,-122.96637
38.202428,-122.968112
38.233185,-122.991953
38.237602,-122.993959
38.239686,-122.993235
38.237538,-122.987149
38.242879,-122.968569
38.250691,-122.967203
38.267902,-122.977082
38.273164,-122.986319
38.283096,-122.994603
38.289458,-122.997106
38.29570835,-123.0029112
38.297012,-123.004122
38.310573,-123.024333
38.313576,-123.038742
38.310693,-123.051061
38.305722,-123.053476
38.302246,-123.052021
38.299385,-123.053504
38.298355,-123.058239
38.302178,-123.063671
38.322574,-123.074684
38.33521,-123.068437
38.359865,-123.068265
38.390525,-123.085572
38.415541,-123.103706
38.437314,-123.122379
38.450418,-123.128825
38.459422,-123.145325
38.474947,-123.166428
38.494314,-123.202277
38.511045,-123.249797
38.540223,-123.287156
38.543452,-123.297151
38.565542,-123.331899
38.590008,-123.343338
38.596805,-123.349612
38.607235,-123.371876
38.621953,-123.379303
38.647044,-123.398166
38.649449,-123.40301
38.656729,-123.405663
38.687131,-123.43272
38.699744,-123.441774
38.717001,-123.461291
38.732213,-123.490021
38.741966,-123.514784
38.753801,-123.525152
38.768408,-123.533535
38.776764,-123.541837
38.798189,-123.571987
38.802835,-123.579856
38.802857,-123.58638
38.814115,-123.600221
38.81899,-123.601569
38.822765,-123.605317
38.843865,-123.638637
38.844005,-123.642676
38.845472,-123.647387
38.854582,-123.652212
38.865638,-123.654696
38.872529,-123.659846
38.893594,-123.688099
38.91323,-123.71054
38.917438,-123.725367
38.9295,-123.72763
38.936367,-123.726315
38.9541195,-123.7388858
38.954994,-123.732892
38.956667,-123.729053
38.963879,-123.721347
38.977316,-123.711149
39.004401,-123.6969
39.021293,-123.69074
39.031157,-123.690095
39.057363,-123.693969
39.108422,-123.713392
39.125327,-123.721505
39.139644,-123.735936
39.143442,-123.737913
39.164885,-123.742221
39.191595,-123.76101
39.193657,-123.765891
39.212083,-123.774998
39.237214,-123.777368
39.264327,-123.787893
39.271355,-123.798991
39.278771,-123.803848
39.28353,-123.801757
39.291747,-123.803081
39.312825,-123.811387
39.324368,-123.808772
39.3388,-123.817369
39.343857,-123.822085
39.360814,-123.825331
39.36871,-123.826306
39.379987,-123.822325
39.406809,-123.821887
39.446538,-123.81469
39.492215,-123.795639
39.509419,-123.78417
39.521478,-123.778521
39.552803,-123.766475
39.559852,-123.76721
39.604552,-123.787417
39.609517,-123.78354
39.621486,-123.782322
39.659932,-123.78636
39.684122,-123.792659
39.710715,-123.808208
39.718128,-123.824744
39.723071,-123.829545
39.730629,-123.831599
39.738768,-123.835092
39.752409,-123.838089
39.776232,-123.83715
39.795637,-123.839797
39.832041,-123.851714
39.8341,-123.853764
39.845422,-123.881458
39.863028,-123.907664
39.875313,-123.915142
39.881114,-123.915853
39.909697,-123.930047
39.922373,-123.954952
39.937635,-123.962655
39.962458,-123.980031
39.973045,-123.99586
40.00128442,-124.0239381
40.013319,-124.035904
40.024305,-124.056408
40.024785,-124.065069
40.021307,-124.068908
40.022657,-124.072509
40.029773,-124.079983
40.06611,-124.080709
40.078442,-124.087086
40.103765,-124.110549
40.11635,-124.139952
40.124207,-124.170767
40.130542,-124.187874
40.160902,-124.214895
40.171581,-124.231095
40.184277,-124.258405
40.208816,-124.296497
40.226617,-124.320912
40.23737,-124.327691
40.243979,-124.34307
40.250453,-124.352715
40.260974,-124.363414
40.276212,-124.363634
40.314634,-124.347853
40.331425,-124.353124
40.335016,-124.356595
40.350046,-124.362796
40.374855,-124.365357
40.392923,-124.373599
40.398828,-124.379082
40.407047,-124.391496
40.422105,-124.402623
40.438076,-124.409591
40.443201,-124.408601
40.462119,-124.396642
40.48982,-124.38494
40.499852,-124.383224
40.504954,-124.387023
40.519,-124.382816
40.522865,-124.379096
40.548698,-124.363545
40.61643,-124.329404
40.639526,-124.315141
40.641333,-124.312558
40.67963,-124.289119
40.735166,-124.248406
40.76939,-124.228244
40.805111,-124.201921
40.843618,-124.176715
40.876069,-124.158322
40.925732,-124.137066
40.989263,-124.118147
41.028173,-124.112165
41.048504,-124.125448
41.052482,-124.1329459
41.0543422,-124.1382165
41.05403216,-124.1428671
41.052884,-124.147216
41.051467,-124.148939
41.051101,-124.151266
41.05355,-124.153622
41.05992282,-124.1540283
41.087159,-124.154513
41.099011,-124.160556
41.121957,-124.159065
41.129822,-124.165414
41.138675,-124.163988
41.143021,-124.158539
41.140845,-124.149674
41.144686,-124.1438
41.189726,-124.122677
41.229678,-124.106986
41.240682,-124.106389
41.287695,-124.092284
41.347135,-124.079015
41.374844,-124.072294
41.439579,-124.063076
41.46473947,-124.0655208
41.470258,-124.066057
41.501757,-124.075917
41.511228,-124.081427
41.547761,-124.081987
41.553615,-124.092404
41.569192,-124.101123
41.578524,-124.101403
41.585251,-124.097385
41.602499,-124.100961
41.616768,-124.114413
41.628849,-124.116037
41.640354,-124.120225
41.657307,-124.135552
41.671652,-124.139354
41.678881,-124.138373
41.709284,-124.143479
41.717955,-124.147412
41.728801,-124.154246
41.740126,-124.164716
41.745756,-124.17739
41.739351,-124.185363
41.736079,-124.19104
41.736778,-124.194953
41.747035,-124.203843
41.7708,-124.23972
41.772034,-124.242288
41.771459,-124.248704
41.783014,-124.255994
41.7923,-124.245027
41.818681,-124.230678
41.846432,-124.219592
41.888192,-124.208439
41.940964,-124.203402
41.983441,-124.204948
41.99846,-124.211605
41.996992,-124.126194
41.996956,-124.100921
41.996842,-124.100216
41.996891,-124.087827
41.996869,-124.086661
41.996146,-124.001188
41.996116,-123.834208
41.995473,-123.821472
41.995096,-123.813992
41.996111,-123.789295
41.997007,-123.728156
41.995137,-123.656998
41.999837,-123.624554
42.000246,-123.55256
42.001047,-123.525245
42.00088285,-123.5179064
42.000527,-123.501997
42.000474,-123.498896
42.000525,-123.49883
42.001641,-123.43477
41.999268,-123.381776
41.999108,-123.347562
42.00384493,-123.2307636
42.003845,-123.230762
42.005446,-123.192361
42.008036,-123.154908
42.009247,-123.145959
42.005448,-123.083956
42.004948,-123.065655
42.003049,-123.045254
42.003085,-122.941597
42.002605,-122.893961
42.003247,-122.876148
42.004071,-122.80008
42.004157,-122.712942
42.004858,-122.634739
42.00846,-122.501135
42.008758,-122.397984
42.009518,-122.378193
42.00776412,-122.2895331