2095,Georgia
34.987569,-84.809184
34.987592,-84.808127
34.98779962,-84.77585246
34.988088,-84.731022
34.98802,-84.727434
34.987978,-84.624933
34.988329,-84.621483
34.98801,-84.509886
34.988033,-84.509052
34.98803,-84.394903
34.988068,-84.393935
34.988408,-84.321869
34.987504,-84.129555
34.98750382,-84.12945479
34.987321,-84.029954
34.98743,-84.021357
34.98744032,-84.00545679
34.987485,-83.936646
34.98748457,-83.936413
34.987289,-83.831097
34.987691,-83.749893
34.986592,-83.619985
34.992091,-83.620185
34.992492,-83.549381
34.99348406,-83.48290761
34.995874,-83.322768
34.999456,-83.19041
35.00076812,-83.10871415
35.000771,-83.108535
34.99634354,-83.1055311
34.99278275,-83.10459981
34.98933151,-83.10449025
34.98272,-83.106991
34.9806351,-83.11002504
34.975896,-83.112021
34.968406,-83.120387
34.96362,-83.121803
34.9589662,-83.12114047
34.95524,-83.124378
34.953778,-83.127035
34.948742,-83.126761
34.94451301,-83.12294044
34.94268448,-83.1212135
34.94126229,-83.12050241
34.93912901,-83.12111192
34.93806237,-83.1225849
34.93704652,-83.12517531
34.93811316,-83.12807048
34.93740207,-83.12949267
34.9351672,-83.13035614
34.932351,-83.129885
34.930932,-83.130554
34.924915,-83.140621
34.924756,-83.143261
34.92721764,-83.14994576
34.92634223,-83.15325288
34.92429959,-83.15587912
34.92011705,-83.15801903
34.91826895,-83.16093708
34.91885256,-83.16502235
34.91787988,-83.16852402
34.914231,-83.170754
34.910911,-83.174034
34.90825031,-83.17893173
34.904708,-83.180871
34.899534,-83.186541
34.89793986,-83.19040939
34.89784259,-83.19478647
34.895046,-83.197627
34.893717,-83.203351
34.890284,-83.204572
34.884653,-83.201183
34.880142,-83.205627
34.880279,-83.209683
34.882796,-83.213323
34.878124,-83.220099
34.879907,-83.22924
34.878051,-83.232379
34.87705749,-83.23750962
34.8756609,-83.23908079
34.87286771,-83.23855707
34.86977082,-83.23841897
34.86673586,-83.24084693
34.86552188,-83.24560169
34.86309392,-83.247018
34.85844032,-83.24722033
34.85601236,-83.25005295
34.85348323,-83.25258208
34.848057,-83.253762
34.84640167,-83.25460539
34.84559235,-83.2557182
34.84498536,-83.25814617
34.84562924,-83.25985956
34.84640167,-83.26219277
34.84640167,-83.26451957
34.84528885,-83.26765569
34.83719564,-83.26998249
34.832748,-83.267293
34.821393,-83.268159
34.81844,-83.271214
34.816862,-83.275656
34.821328,-83.283151
34.823043,-83.284812
34.824477,-83.289914
34.822508,-83.29112
34.81883299,-83.29132534
34.81472476,-83.2942924
34.81426829,-83.29725945
34.81426829,-83.29942768
34.81415418,-83.30136768
34.81324123,-83.30239474
34.81221418,-83.30296532
34.811073,-83.30296532
34.80867654,-83.3014818
34.804008,-83.301182
34.802403,-83.303643
34.799911,-83.313782
34.789712,-83.323866
34.773725,-83.319945
34.765371,-83.321008
34.759616,-83.320062
34.742295,-83.338666
34.737194,-83.348829
34.728648,-83.353238
34.71612141,-83.35249264
34.715993,-83.352485
34.714456,-83.351392
34.713243,-83.350976
34.708274,-83.349788
34.70547421,-83.34771796
34.70366862,-83.3478308
34.70096023,-83.3496364
34.69915463,-83.34997495
34.69757474,-83.3494107
34.6961077,-83.3478308
34.69351216,-83.34467102
34.69125517,-83.34241403
34.68899818,-83.34038274
34.68696689,-83.33936709
34.68666608,-83.33933486
34.6838071,-83.33902854
34.68200151,-83.33868999
34.68053447,-83.3362073
34.681342,-83.330284
34.679517,-83.325336
34.677543,-83.321463
34.675974,-83.31944
34.674773,-83.318524
34.669316,-83.316401
34.668944,-83.314394
34.670273,-83.308917
34.669561,-83.304641
34.666582,-83.301477
34.66247,-83.300848
34.654196,-83.292883
34.650896,-83.286583
34.644853,-83.27796
34.641896,-83.271982
34.640296,-83.262282
34.637696,-83.255281
34.631696,-83.248281
34.626297,-83.244581
34.624507,-83.240669
34.624307,-83.240676
34.617997,-83.243381
34.611297,-83.23178
34.609947,-83.221402
34.610905,-83.211598
34.608398,-83.199779
34.605998,-83.196979
34.60802014,-83.17943854
34.60716153,-83.17342837
34.60544434,-83.16999398
34.60386591,-83.16957162
34.60200996,-83.16999398
34.598798,-83.170978
34.592398,-83.170278
34.590998,-83.168278
34.588198,-83.154577
34.578299,-83.152577
34.567999,-83.139876
34.561699,-83.129676
34.561999,-83.127176
34.560129,-83.122901
34.540166,-83.103987
34.53663022,-83.10356281
34.533406,-83.103176
34.532179,-83.102179
34.531524,-83.096858
34.532944,-83.092564
34.532078,-83.087789
34.530967,-83.084855
34.524837,-83.078113
34.523746,-83.077995
34.517798,-83.086861
34.515939,-83.087189
34.502131,-83.069451
34.501126,-83.065515
34.503711,-83.057843
34.50289,-83.054463
34.49509287,-83.04946721
34.493254,-83.048289
34.488816,-83.043771
34.483495,-83.034712
34.483032,-83.032513
34.484147,-83.029315
34.472132,-83.002924
34.472483,-82.99509
34.475648,-82.995279
34.479072,-82.992671
34.47919821,-82.99221544
34.482702,-82.979568
34.482002,-82.960668
34.477302,-82.954667
34.479602,-82.947367
34.486102,-82.940867
34.484202,-82.928466
34.481802,-82.925766
34.481402,-82.922866
34.485402,-82.908365
34.485902,-82.902665
34.479003,-82.882864
34.475303,-82.876864
34.471508,-82.873831
34.468891,-82.874864
34.468003,-82.875864
34.465803,-82.876464
34.463503,-82.875463
34.460319,-82.865345
34.458748,-82.862156
34.457428,-82.860707
34.451469,-82.860874
34.449707,-82.860127
34.443977,-82.855762
34.432275,-82.854434
34.426812,-82.851367
34.423844,-82.848651
34.420571,-82.847781
34.412049,-82.847446
34.399766,-82.841997
34.397332,-82.841326
34.392503,-82.841997
34.39013,-82.841524
34.382676,-82.836611
34.373899,-82.835203
34.369177,-82.835413
34.366069,-82.835004
34.364242,-82.833702
34.358872,-82.82342
34.349998,-82.809949
34.341317,-82.798198
34.34096,-82.795223
34.339772,-82.794054
34.331048,-82.791235
34.327428,-82.791608
34.32355,-82.790966
34.310381,-82.78684
34.302901,-82.781752
34.296701,-82.780308
34.28874403,-82.77370243
34.285402,-82.770928
34.281539,-82.765266
34.28199,-82.762945
34.281492,-82.761995
34.276067,-82.755028
34.27087,-82.749856
34.266407,-82.746656
34.264107,-82.748656
34.263407,-82.748756
34.252407,-82.744056
34.244861,-82.744982
34.242957,-82.744834
34.230196,-82.74198
34.227343,-82.743461
34.224913,-82.744415
34.219679,-82.740447
34.218387,-82.740544
34.213766,-82.74238
34.210063,-82.74192
34.20878756,-82.74112667
34.195338,-82.732761
34.193154,-82.731975
34.180564,-82.732359
34.178363,-82.731881
34.175906,-82.730824
34.169774,-82.725409
34.165895,-82.723312
34.150504,-82.717507
34.148165,-82.715373
34.141007,-82.70414
34.139318,-82.699758
34.138815,-82.69553
34.138986,-82.692152
34.138293,-82.690386
34.134454,-82.68629
34.131657,-82.67732
34.129779,-82.67522
34.12016,-82.668113
34.113591,-82.666879
34.107754,-82.661851
34.106897,-82.660322
34.103544,-82.659077
34.103118,-82.658561
34.100346,-82.654019
34.099704,-82.652175
34.098649,-82.648184
34.097825,-82.647028
34.092212,-82.641553
34.090861,-82.64103
34.088914,-82.641252
34.088341,-82.640701
34.087609,-82.640151
34.086304,-82.640345
34.081312,-82.642797
34.079046,-82.64522
34.076046,-82.645661
34.072237,-82.64398
34.067595,-82.640543
34.064941,-82.635991
34.064822,-82.633565
34.065528,-82.630972
34.063457,-82.626963
34.058516,-82.622155
34.056916,-82.621255
34.054416,-82.620955
34.051316,-82.619155
34.046816,-82.613355
34.039917,-82.609655
34.034817,-82.603055
34.030517,-82.596155
34.028717,-82.594555
34.025917,-82.594055
34.018518,-82.595855
34.016118,-82.595655
34.01393725,-82.59448784
34.009018,-82.591855
34.000118,-82.589245
33.997151,-82.586234
33.995286,-82.583394
33.993743,-82.577735
33.993106,-82.576222
33.992049,-82.57554
33.990904,-82.575351
33.989694,-82.57633
33.988671,-82.578244
33.987011,-82.579996
33.98514,-82.580571
33.982463,-82.580551
33.979761,-82.579576
33.977034,-82.57754
33.974113,-82.574724
33.970684,-82.569864
33.968772,-82.568288
33.9639,-82.566145
33.958682,-82.5657
33.95581,-82.564582
33.95574081,-82.56453074
33.945353,-82.556835
33.943819,-82.554497
33.940949,-82.543128
33.941551,-82.53977
33.943651,-82.534111
33.943765,-82.526741
33.94336,-82.524515
33.936969,-82.51295
33.931456,-82.50764
33.926048,-82.503584
33.913459,-82.496109
33.909754,-82.492929
33.901897,-82.480111
33.892838,-82.469913
33.886386,-82.459391
33.88165,-82.455105
33.877543,-82.448109
33.875123,-82.440503
33.873919,-82.438644
33.867051,-82.43115
33.865844,-82.429164
33.863754,-82.422803
33.864233,-82.417871
33.865348,-82.414259
33.86632,-82.408354
33.865477,-82.403881
33.863343,-82.400517
33.859089,-82.395736
33.857162,-82.390527
33.854428,-82.384973
33.851086,-82.37975
33.84559,-82.374286
33.843813,-82.371775
33.842375,-82.369107
33.836432,-82.351881
33.834298,-82.346933
33.827156,-82.337829
33.820033,-82.32448
33.811499,-82.314746
33.809205,-82.313339
33.805892,-82.308997
33.802907,-82.302885
33.800627,-82.300213
33.798939,-82.29928
33.795839,-82.298923
33.786483,-82.299601
33.785037,-82.299393
33.783518,-82.298286
33.781868,-82.294984
33.782406,-82.292468
33.782032,-82.289762
33.780058,-82.285804
33.776056,-82.28106
33.772032,-82.277681
33.767913,-82.270445
33.767651,-82.267719
33.766745,-82.266127
33.765742,-82.265019
33.763481,-82.26438
33.761962,-82.263206
33.760245,-82.259471
33.760429,-82.258049
33.75969,-82.255267
33.752591,-82.247472
33.746347,-82.246161
33.734901,-82.240405
33.730872,-82.239098
33.71439,-82.235753
33.70788,-82.237192
33.700216,-82.234576
33.689124,-82.222709
33.686299,-82.218649
33.6844,-82.216868
33.677317,-82.212047
33.67176,-82.209677
33.669872,-82.208411
33.66464,-82.200718
33.661758,-82.199847
33.657611,-82.199747
33.646898,-82.201186
33.630582,-82.196583
33.62088,-82.186154
33.615945,-82.179854
33.613117,-82.174351
33.610643,-82.161908
33.60971,-82.158331
33.60863,-82.156288
33.606319,-82.153357
33.600956,-82.15106
33.598092,-82.148816
33.594278,-82.142872
33.590535,-82.133523
33.589925,-82.12908
33.590741,-82.125864
33.594885,-82.120385
33.596485,-82.116545
33.5965013,-82.1153275
33.596581,-82.109376
33.595637,-82.10624
33.586358,-82.098816
33.58407,-82.096352
33.582742,-82.094128
33.580614,-82.087488
33.57751,-82.073104
33.575382,-82.069039
33.566774,-82.057727
33.565382,-82.054943
33.56487,-82.048959
33.56383,-82.046335
33.554662,-82.037375
33.549158,-82.034895
33.546454,-82.033023
33.544934,-82.028238
33.540734,-82.023438
33.537935,-82.023438
33.535035,-82.019838
33.53208811,-82.01242614
33.531735,-82.011538
33.530435,-82.010038
33.523335,-82.007638
33.522835,-82.007138
33.521935,-82.004338
33.520135,-82.001338
33.504435,-81.991938
33.500759,-81.990382
33.494235,-81.990938
33.490036,-81.989338
33.486536,-81.985938
33.484036,-81.980637
33.482636,-81.973537
33.480636,-81.967037
33.47547193,-81.95508288
33.471737,-81.946437
33.470037,-81.941737
33.468337,-81.934136
33.465837,-81.929436
33.462937,-81.926336
33.452038,-81.920836
33.441274,-81.913532
33.43964108,-81.91345747
33.437418,-81.913356
33.433114,-81.916236
33.430986,-81.920716
33.42928829,-81.92498095
33.42657574,-81.92678932
33.422846,-81.9272414
33.419307,-81.924893
33.417419,-81.921068
33.41561256,-81.91932982
33.41312606,-81.9192168
33.41075258,-81.92012098
33.40826609,-81.92305957
33.4067968,-81.93051906
33.40600564,-81.93492694
33.40419728,-81.93696135
33.40125869,-81.93730041
33.397851,-81.935453
33.380076,-81.930861
33.37414,-81.924837
33.37114,-81.925737
33.368165,-81.930634
33.36894,-81.934637
33.37254,-81.939637
33.37234,-81.943737
33.37064,-81.946337
33.36734,-81.946737
33.364041,-81.944737
33.356041,-81.934837
33.352041,-81.935637
33.347741,-81.939837
33.344941,-81.939737
33.343641,-81.937237
33.343541,-81.932737
33.345341,-81.924737
33.34159016,-81.91797271
33.334442,-81.919137
33.332842,-81.918337
33.32953156,-81.91331409
33.32761593,-81.91126635
33.32537002,-81.91034156
33.32418101,-81.90928467
33.32418101,-81.90644425
33.32728564,-81.90413229
33.33025817,-81.902613
33.3311169,-81.90030103
33.32966367,-81.89818723
33.327642,-81.896937
33.32444523,-81.89706428
33.32233143,-81.8973285
33.316943,-81.886637
33.310443,-81.884137
33.307443,-81.875836
33.312943,-81.870436
33.314043,-81.867936
33.310326,-81.853652
33.30678341,-81.84729625
33.303843,-81.846136
33.299544,-81.849636
33.298544,-81.851636
33.299644,-81.852936
33.299544,-81.857336
33.297944,-81.861536
33.288844,-81.863236
33.286244,-81.861336
33.283544,-81.851836
33.278644,-81.844036
33.27297549,-81.83825736
33.26909757,-81.8383365
33.2670399,-81.84007761
33.266584,-81.842522
33.266345,-81.847336
33.250745,-81.853137
33.247544,-81.852136
33.24738157,-81.85197912
33.241746,-81.846536
33.23765228,-81.8370155
33.233546,-81.831736
33.228746,-81.827936
33.226646,-81.819636
33.223847,-81.811736
33.222647,-81.809636
33.219447,-81.808136
33.213747,-81.807936
33.212647,-81.807336
33.211447,-81.805236
33.208447,-81.790236
33.208147,-81.784535
33.209847,-81.778935
33.211347,-81.777535
33.214947,-81.777335
33.219847,-81.781035
33.221147,-81.780135
33.221847,-81.778435
33.221147,-81.774035
33.217447,-81.768935
33.215747,-81.767635
33.203648,-81.763535
33.201748,-81.761635
33.200248,-81.758235
33.19812183,-81.75708332
33.197848,-81.756935
33.189248,-81.760635
33.188248,-81.762835
33.187948,-81.765735
33.181249,-81.772435
33.180449,-81.772435
33.170749,-81.766735
33.165549,-81.764435
33.159449,-81.763135
33.15155,-81.755135
33.14145,-81.743835
33.129451,-81.724334
33.124051,-81.717134
33.116451,-81.704634
33.116151,-81.703134
33.116751,-81.699834
33.116551,-81.696934
33.112651,-81.683533
33.103152,-81.658433
33.094552,-81.646433
33.093152,-81.642333
33.092952,-81.637232
33.093952,-81.632232
33.09527704,-81.61777911
33.09503639,-81.61513185
33.09466131,-81.61429836
33.09395342,-81.61272526
33.09262979,-81.61079998
33.08986221,-81.60947636
33.086877,-81.609533
33.08492869,-81.60983735
33.08288309,-81.61007801
33.08216111,-81.60983735
33.08180012,-81.60899504
33.081717,-81.606836
33.084578,-81.603587
33.08468803,-81.60165493
33.08396606,-81.60021097
33.08107815,-81.59816537
33.07915287,-81.5982857
33.07686661,-81.59936866
33.07518199,-81.60021097
33.07349738,-81.60009064
33.07181276,-81.59924834
33.06988749,-81.59455548
33.06991,-81.592645
33.07121111,-81.59070493
33.07085012,-81.58853899
33.067021,-81.583804
33.062697,-81.580994
33.058936,-81.578332
33.05418,-81.57288
33.05352265,-81.56892525
33.05376331,-81.56675932
33.05472595,-81.56471372
33.05556826,-81.56326976
33.05556826,-81.56254778
33.05556826,-81.56206647
33.05556826,-81.56134449
33.05520727,-81.56050218
33.0541243,-81.55917855
33.052921,-81.55893789
33.051765,-81.559173
33.04907045,-81.55965987
33.04738584,-81.55917855
33.04618254,-81.55833624
33.04509957,-81.55701262
33.04413694,-81.55364339
33.04473858,-81.55183844
33.04714518,-81.54678459
33.04690452,-81.54425767
33.04525366,-81.54250971
33.04485891,-81.54209174
33.040613,-81.540081
33.039185,-81.538789
33.029181,-81.519632
33.028546,-81.513231
33.027786,-81.511245
33.015113,-81.50203
33.009342,-81.492253
33.008078,-81.491419
32.997824,-81.491197
32.995437,-81.491457
32.978998,-81.494736
32.96478,-81.499471
32.963816,-81.49983
32.962914,-81.501369
32.96295,-81.503346
32.96301937,-81.50525625
32.96242312,-81.50644874
32.96133,-81.50714436
32.96023689,-81.50744248
32.95924315,-81.50774061
32.95834878,-81.50843622
32.95715629,-81.5085356
32.95576505,-81.50843622
32.95397631,-81.5081381
32.95119384,-81.50704498
32.948091,-81.504016
32.944988,-81.499446
32.943722,-81.499566
32.938688,-81.502716
32.935353,-81.502427
32.932614,-81.499829
32.931596,-81.495092
32.921802,-81.483198
32.913444,-81.480008
32.905638,-81.479184
32.901083,-81.468978
32.899889,-81.465924
32.897814,-81.464069
32.895999,-81.464655
32.890521,-81.470836
32.890439,-81.471703
32.887469,-81.4771
32.881082,-81.479445
32.877641,-81.475918
32.876267,-81.470376
32.876675,-81.468042
32.874074,-81.45392
32.872964,-81.452883
32.868583,-81.451351
32.859636,-81.453017
32.8541075,-81.45597778
32.84976111,-81.45394947
32.84795012,-81.45257311
32.847925,-81.451199
32.849126,-81.449396
32.850967,-81.444866
32.850628,-81.443595
32.850107,-81.442671
32.840773,-81.426475
32.835178,-81.421614
32.831223,-81.42062
32.818196,-81.417984
32.815664,-81.418497
32.813731,-81.419752
32.810514,-81.423772
32.801882,-81.424874
32.79419,-81.425234
32.790334,-81.424999
32.78761781,-81.42803078
32.78550476,-81.42901687
32.78310997,-81.42831252
32.78141953,-81.42648122
32.78015171,-81.42422731
32.77930649,-81.42211425
32.77803866,-81.42112817
32.7769117,-81.4209873
32.77592561,-81.42112817
32.77465778,-81.42126903
32.77324908,-81.42267773
32.772648,-81.424714
32.77184039,-81.425636
32.77113604,-81.42605861
32.77029082,-81.42648122
32.76902299,-81.42648122
32.76831864,-81.42619948
32.768058,-81.425017
32.76705081,-81.42239599
32.76550124,-81.42014208
32.76268385,-81.41760642
32.76028906,-81.41647946
32.7577534,-81.41521164
32.75465426,-81.41647946
32.75225948,-81.4167612
32.75042817,-81.41619772
32.7488786,-81.4153525
32.74817425,-81.41281685
32.74732903,-81.41140815
32.74592033,-81.41056292
32.74465251,-81.41028119
32.74324381,-81.41056292
32.74169424,-81.41084467
32.74014467,-81.41154901
32.739083,-81.41267
32.732586,-81.418542
32.720238,-81.420516
32.711978,-81.421194
32.701896,-81.427517
32.700867,-81.426735
32.69264824,-81.41310033
32.69314534,-81.411609
32.6939588,-81.41115708
32.69477225,-81.41075036
32.69517897,-81.4099821
32.69526936,-81.40934941
32.69490782,-81.40831
32.680156,-81.401256
32.677494,-81.401029
32.667798,-81.404287
32.662515,-81.406646
32.66156,-81.4073
32.660519,-81.407193
32.656517,-81.405273
32.656307,-81.398314
32.653491,-81.393818
32.651543,-81.393033
32.64957,-81.394589
32.643398,-81.403582
32.64269,-81.405109
32.638258,-81.404238
32.637032,-81.402735
32.63621,-81.402846
32.631737,-81.407271
32.631096,-81.40933
32.631392,-81.41026
32.632907,-81.411523
32.637368,-81.413411
32.63744,-81.414761
32.636147,-81.417014
32.634704,-81.418431
32.629392,-81.41866
32.61841,-81.411906
32.611207,-81.404714
32.605587,-81.397106
32.60234,-81.393865
32.595436,-81.389338
32.59538276,-81.38926124
32.589652,-81.380999
32.589022,-81.379216
32.589217,-81.376237
32.592115,-81.373178
32.592018,-81.37157
32.591231,-81.369757
32.590025,-81.368982
32.584221,-81.368386
32.577059,-81.366964
32.561228,-81.328753
32.559534,-81.320588
32.56097,-81.309009
32.562843,-81.300593
32.563026,-81.297955
32.562648,-81.29676
32.556464,-81.281324
32.55644028,-81.2812976
32.55459,-81.279238
32.545202,-81.275213
32.544158,-81.274927
32.541143,-81.274802
32.538558,-81.276242
32.535417,-81.277131
32.51833,-81.252882
32.517541,-81.249827
32.518231,-81.247874
32.518317,-81.24501
32.51731361,-81.23709462
32.51627025,-81.23466012
32.51377779,-81.23402251
32.51227071,-81.23483401
32.511402,-81.236707
32.510192,-81.238411
32.508896,-81.238728
32.505988,-81.238281
32.498488,-81.233585
32.493884,-81.227528
32.478685,-81.212428
32.467985,-81.200029
32.465086,-81.194829
32.464786,-81.192429
32.465586,-81.189229
32.465386,-81.188129
32.464086,-81.186829
32.462886,-81.187329
32.456286,-81.192629
32.452086,-81.197529
32.45159316,-81.20090804
32.4504477,-81.20235896
32.44884405,-81.20304623
32.44716403,-81.20304623
32.44548402,-81.20220623
32.4440331,-81.20113713
32.442964,-81.20113713
32.44136035,-81.20159531
32.43983306,-81.20258805
32.438687,-81.20453
32.43754213,-81.20724627
32.435987,-81.20843
32.423788,-81.20513
32.411489,-81.194931
32.407289,-81.189731
32.39649,-81.180931
32.39169,-81.177231
32.38459,-81.178131
32.380398,-81.181072
32.372591,-81.173432
32.36943572,-81.16933214
32.3675437,-81.16872181
32.36559064,-81.16933214
32.36382068,-81.1705528
32.36272209,-81.17085797
32.36131833,-81.17012557
32.356092,-81.161732
32.350093,-81.155032
32.34879376,-81.15497404
32.34716959,-81.15513646
32.34641165,-81.15481162
32.34608682,-81.15443265
32.3459244,-81.15399954
32.34581612,-81.15329574
32.34581612,-81.15210468
32.34587026,-81.15058879
32.34668234,-81.14907291
32.34754857,-81.14847738
32.349393,-81.147632
32.351093,-81.144032
32.350893,-81.142532
32.349393,-81.140932
32.341293,-81.133632
32.334794,-81.133032
32.329994,-81.137032
32.328194,-81.137633
32.324594,-81.135733
32.309295,-81.125433
32.308695,-81.123933
32.307295,-81.122933
32.305395,-81.122333
32.289596,-81.119833
32.287596,-81.119633
32.284496,-81.121433
32.276297,-81.128034
32.274597,-81.130834
32.272697,-81.136534
32.263397,-81.145834
32.255098,-81.148334
32.246022,-81.155595
32.24391,-81.156587
32.241478,-81.155995
32.237687,-81.153531
32.22693818,-81.14653039
32.221731,-81.143139
32.213669,-81.136727
32.212858,-81.136012
32.208634,-81.128283
32.201329,-81.12315
32.189201,-81.118234
32.185301,-81.117934
32.181202,-81.119834
32.178702,-81.120434
32.17714225,-81.11936118
32.175402,-81.119434
32.174902,-81.121134
32.17211968,-81.12449197
32.169102,-81.128134
32.166922,-81.129402
32.165602,-81.129634
32.164402,-81.128434
32.162902,-81.123134
32.161803,-81.122034
32.153303,-81.120034
32.144403,-81.118334
32.142104,-81.119134
32.134268,-81.119994
32.117605,-81.117234
32.113205,-81.113334
32.112005,-81.111134
32.111181,-81.100458
32.11123,-81.093386
32.110782,-81.091498
32.10699,-81.090874
32.10395,-81.088234
32.100782,-81.083546
32.090351,-81.066906
32.087503,-81.060442
32.085308,-81.050234
32.084469,-81.038265
32.08545,-81.032674
32.090897,-81.021622
32.09266217,-81.02010401
32.097424,-81.016009
32.100176,-81.011961
32.101152,-81.006745
32.100048,-81.002297
32.099014,-80.999833
32.094608,-80.994333
32.091208,-80.991733
32.084209,-80.987733
32.079609,-80.983133
32.077309,-80.978833
32.071259,-80.959402
32.068622,-80.954482
32.057824,-80.943226
32.047554,-80.933557
32.041672,-80.926753
32.039151,-80.922794
32.037575,-80.917845
32.036735,-80.910669
32.034949,-80.892977
32.0346,-80.885517
32.023693,-80.859111
32.026676,-80.852276
32.024226,-80.84313
32.011306,-80.840549
32.002643,-80.841913
31.988279,-80.848441
31.969346,-80.862814
31.959075,-80.882814
31.949065,-80.897687
31.943769,-80.911207
31.944964,-80.929101
31.956705,-80.930279
31.95723,-80.948491
31.94127,-80.972392
31.923602,-80.975714
31.915822,-80.968494
31.911768,-80.954469
31.912984,-80.941359
31.90918,-80.934508
31.89621,-80.947294
31.877941,-80.971434
31.857641,-80.99269
31.856744,-81.000317
31.867474,-81.014478
31.876198,-81.041548
31.877095,-81.065255
31.857811,-81.058596
31.850106,-81.05907
31.84474,-81.06279
31.836132,-81.076178
31.829031,-81.075812
31.822687,-81.057181
31.822383,-81.050946
31.824881,-81.04794
31.823,-81.039808
31.819558,-81.036958
31.812721,-81.036873
31.802865,-81.047345
31.768735,-81.068116
31.761256,-81.077057
31.753126,-81.097402
31.722692,-81.130634
31.720934,-81.138448
31.72620258,-81.15468633
31.728144,-81.16067
31.733245,-81.192784
31.72607002,-81.19839419
31.719448,-81.203572
31.701509,-81.186303
31.691401,-81.161084
31.693874,-81.154624
31.698411,-81.151888
31.699304,-81.149369
31.699917,-81.139394
31.695774,-81.131137
31.683491,-81.135608
31.674832,-81.136408
31.654484,-81.131728
31.623348,-81.133493
31.593476,-81.14997
31.570436,-81.160364
31.555908,-81.173079
31.55553,-81.178822
31.560058,-81.183252
31.568032,-81.186114
31.56810058,-81.19438027
31.568183,-81.204315
31.557601,-81.214536
31.552313,-81.240699
31.55594,-81.254218
31.54828,-81.260076
31.532579,-81.263905
31.530932,-81.263437
31.52906,-81.258809
31.527284,-81.217948
31.528152,-81.213519
31.537596,-81.199518
31.535833,-81.193016
31.527697,-81.181592
31.52241,-81.17831
31.517074,-81.177254
31.503588,-81.189643
31.473124,-81.204883
31.422784,-81.246911
31.404425,-81.258616
31.367214,-81.278798
31.351127,-81.279338
31.326491,-81.282923
31.326237,-81.274513
31.324218,-81.268027
31.315452,-81.25482
31.30391,-81.260958
31.29448894,-81.26990593
31.289454,-81.274688
31.254734,-81.276862
31.24433,-81.282842
31.22548671,-81.28913609
31.2110651,-81.28840279
31.206332,-81.293359
31.206173,-81.304957
31.207938,-81.314183
31.186918,-81.339028
31.167204,-81.35488
31.155903,-81.360791
31.149166,-81.359349
31.136534,-81.368241
31.133214,-81.38683
31.134113,-81.399677
31.125383,-81.402096
31.107115,-81.403732
31.086143,-81.401209
31.072781,-81.401267
31.026718,-81.415123
31.016703,-81.420474
31.013678,-81.424732
31.012991,-81.432475
31.014641,-81.43471
31.017804,-81.434923
31.01666131,-81.44317043
31.015515,-81.451444
31.010259,-81.457795
31.005692,-81.45924
30.996028,-81.469298
30.984952,-81.490586
30.977528,-81.493651
30.969602,-81.486966
30.965976,-81.475789
30.969899,-81.472321
30.97091,-81.466814
30.965573,-81.453568
30.956732,-81.447388
30.956615,-81.426929
30.974076,-81.420108
30.977192,-81.415825
30.977718,-81.408484
30.957914,-81.403409
30.908203,-81.405153
30.836336,-81.428577
30.831156,-81.430835
30.821369,-81.44013
30.81039,-81.446927
30.79093,-81.455287
30.769912,-81.460061
30.753684,-81.461065
30.741979,-81.45947
30.715601,-81.449375
30.709714,-81.444124
30.709353,-81.448718
30.710434,-81.459978
30.711045,-81.464465
30.713312,-81.472597
30.714754,-81.475754
30.723891,-81.483786
30.726081,-81.487332
30.7261,-81.489537
30.722936,-81.507216
30.722236,-81.516116
30.722536,-81.521417
30.72335891,-81.52827765
30.72285812,-81.53053122
30.72160614,-81.53278479
30.71985336,-81.53403677
30.717936,-81.534517
30.71634781,-81.53553915
30.71434464,-81.53766752
30.71346825,-81.5392951
30.71334305,-81.54092268
30.71359345,-81.54267545
30.71396904,-81.54467862
30.71434464,-81.5469322
30.71597222,-81.54918576
30.7169738,-81.55256611
30.71559662,-81.56170558
30.717836,-81.566219
30.721636,-81.571419
30.722336,-81.573719
30.723735,-81.58682
30.7254589,-81.59364838
30.72814068,-81.60120613
30.72728739,-81.60400981
30.725337,-81.6057164
30.72192382,-81.60766679
30.72070483,-81.60949527
30.72204572,-81.61766252
30.7248494,-81.6196129
30.729535,-81.620822
30.73118816,-81.62192899
30.73301665,-81.62509836
30.73240715,-81.62960863
30.72960347,-81.63326561
30.7275905,-81.64613749
30.72868563,-81.64918822
30.72970254,-81.6504398
30.73228393,-81.6517696
30.73564755,-81.65216072
30.740235,-81.651723
30.742435,-81.652123
30.74511263,-81.65654125
30.74652066,-81.66217337
30.74659888,-81.6645983
30.7456602,-81.66733613
30.74464329,-81.66827482
30.741335,-81.669324
30.740235,-81.670124
30.738935,-81.672824
30.741434,-81.688925
30.742841,-81.69099
30.74399,-81.691818
30.7471,-81.692815
30.748414,-81.694778
30.744634,-81.719927
30.746934,-81.727127
30.749634,-81.732227
30.759201,-81.742736
30.759912,-81.743094
30.76227091,-81.74343777
30.76386795,-81.74418305
30.7650391,-81.7450348
30.76589085,-81.74631243
30.76645544,-81.74757214
30.767082,-81.751283
30.768319,-81.755074
30.771377,-81.759338
30.77381967,-81.76337176
30.77395356,-81.76819199
30.77248072,-81.77046821
30.76953503,-81.77261053
30.76832997,-81.77502064
30.76806218,-81.77917139
30.76993671,-81.78265266
30.77359,-81.78435
30.784432,-81.792769
30.789683,-81.806652
30.790014,-81.808529
30.788933,-81.827014
30.786384,-81.840375
30.78712,-81.842058
30.790548,-81.846286
30.794439,-81.852626
30.792754,-81.868608
30.799516,-81.876882
30.805124,-81.882725
30.815945,-81.891281
30.81926801,-81.89290373
30.82109836,-81.89571965
30.82166154,-81.89938035
30.82081677,-81.90233706
30.81898641,-81.90374503
30.81701527,-81.90627935
30.8158889,-81.91092563
30.817566,-81.924448
30.820424,-81.934655
30.821131,-81.935444
30.82574463,-81.93838087
30.82743418,-81.94316794
30.827493,-81.949787
30.821168,-81.959759
30.81800084,-81.96217541
30.81363616,-81.9627386
30.808441,-81.962441
30.800443,-81.961989
30.796526,-81.962534
30.778487,-81.973856
30.776415,-81.979061
30.776767,-81.981273
30.780056,-81.988605
30.781611,-81.990855
30.786073,-81.994972
30.791744,-82.004973
30.792937,-82.007865
30.791657,-82.017051
30.787991,-82.022866
30.786685,-82.023848
30.783156,-82.024035
30.775844,-82.017881
30.763122,-82.011597
30.761289,-82.01266
30.755263,-82.017917
30.750981,-82.0284
30.750674,-82.032645
30.75099765,-82.03596371
30.74926239,-82.03896704
30.74772735,-82.03963445
30.737548,-82.040026
30.734248,-82.041168
30.729641,-82.043795
30.72508,-82.04101
30.723178,-82.039154
30.71864,-82.037563
30.706585,-82.036426
30.692376,-82.041812
30.676266,-82.050432
30.655548,-82.049507
30.651767,-82.046114
30.649452,-82.042271
30.643309,-82.039595
30.641132,-82.039092
30.637144,-82.039941
30.633271,-82.037609
30.629603,-82.033927
30.621829,-82.028499
30.613303,-82.026541
30.606726,-82.027338
30.606153,-82.026941
30.602484,-82.016503
30.601704,-82.015708
30.593773,-82.012109
30.577018,-82.008091
30.563495,-82.005477
30.550091,-82.013216
30.531184,-82.018361
30.523828,-82.018868
30.519358,-82.01699
30.518166,-82.015826
30.513009,-82.01477
30.495499,-82.015892
30.492085,-82.018222
30.487638,-82.017297
30.47877917,-82.01698153
30.47508121,-82.01777913
30.467289,-82.023734
30.457755,-82.025457
30.447396,-82.028212
30.444853,-82.030064
30.43846,-82.036203
30.434518,-82.037209
30.42804822,-82.03446382
30.42235742,-82.03400489
30.41428015,-82.03997105
30.40996615,-82.04116428
30.40326569,-82.04199037
30.39684058,-82.04116428
30.385287,-82.035871
30.377884,-82.036825
30.370158,-82.040746
30.363265,-82.047917
30.36238237,-82.049966
30.362338,-82.050069
30.360328,-82.060034
30.359184,-82.068533
30.358806,-82.081106
30.360781,-82.094687
30.365336,-82.101798
30.366556,-82.101416
30.367823,-82.1025
30.368319,-82.104834
30.367335,-82.116385
30.363393,-82.143282
30.359913,-82.158109
30.357851,-82.161757
30.358035,-82.165192
30.358929,-82.170054
30.359869,-82.171508
30.368625,-82.180018
30.373712,-82.183797
30.375938,-82.189847
30.378779,-82.19294
30.40133,-82.204151
30.42459,-82.210291
30.432818,-82.20987
30.437081,-82.206486
30.444507,-82.203975
30.45184,-82.204823
30.455507,-82.20604
30.456928,-82.207522
30.460503,-82.207708
30.468868,-82.204614
30.474438,-82.200938
30.485164,-82.201416
30.491877,-82.206445
30.498751,-82.212852
30.504187,-82.218514
30.50783,-82.225026
30.510281,-82.226933
30.517339,-82.230377
30.520823,-82.229399
30.526758,-82.230752
30.53306637,-82.23495236
30.5371867,-82.2358198
30.5448852,-82.23560294
30.55627031,-82.23191633
30.56104121,-82.22725386
30.5632098,-82.2230251
30.56440253,-82.21857949
30.566958,-82.214385
30.5685167,-82.21481834
30.568591,-82.214839
30.570863,-82.249841
30.571559,-82.2581
30.573458,-82.287343
30.579004,-82.374844
30.58174506,-82.41891536
30.584272,-82.459544
30.58428685,-82.45979181
30.588189,-82.524899
30.588885,-82.536233
30.589361,-82.545055
30.589934,-82.553159
30.590622,-82.565476
30.590965,-82.569237
30.59179578,-82.58400193
30.597719,-82.689271
30.59773371,-82.68953895
30.598232,-82.698618
30.598271,-82.698902
30.609024,-82.877259
30.609082,-82.878779
30.623583,-83.13137
30.62398921,-83.1366141
30.625504,-83.15617
30.625895,-83.163309
30.626444,-83.174411
30.627223,-83.187391
30.63127944,-83.25621847
30.63440486,-83.30924907
30.6344049,-83.30924965
30.634417,-83.309455
30.634577,-83.311647
30.6363364,-83.34085171
30.636346,-83.341011
30.63735927,-83.35770304
30.63868,-83.37946
30.639333,-83.390062
30.641519,-83.429477
30.641496,-83.429584
30.642023,-83.440021
30.64241,-83.448895
30.645671,-83.499876
30.651255,-83.611667
30.65125797,-83.61172
30.654747,-83.674058
30.654905,-83.676773
30.65839638,-83.743729
30.66188,-83.810536
30.662612,-83.820886
30.664412,-83.855216
30.665832,-83.88022
30.665807,-83.880317
30.672097,-84.007391
30.67210036,-84.007454
30.673819,-84.039707
30.673878,-84.04181
30.6742,-84.046605
30.674705,-84.057228
30.67581564,-84.08375667
30.676818,-84.107699
30.678046,-84.124895
30.684145,-84.2499
30.685256,-84.28121
30.68532144,-84.28256122
30.689794,-84.374905
30.68996883,-84.38070573
30.692793,-84.474409
30.696523,-84.535042
30.696775,-84.53937
30.699872,-84.606249
30.699865,-84.606386
30.701992,-84.644815
30.710709,-84.836324
30.71150581,-84.86346047
30.711542,-84.864693
30.721897,-84.869752
30.727491,-84.875421
30.732591,-84.883821
30.734991,-84.885221
30.741791,-84.887522
30.750591,-84.896122
30.751391,-84.897622
30.751891,-84.900222
30.751791,-84.903122
30.750591,-84.906322
30.751191,-84.911122
30.752291,-84.913522
30.753591,-84.914322
30.761191,-84.915022
30.76599,-84.920123
30.77209,-84.918023
30.77589,-84.917423
30.77809,-84.918023
30.79019,-84.926723
30.79309,-84.928323
30.79729,-84.929023
30.80279,-84.927923
30.80509,-84.928323
30.810489,-84.930923
30.81721048,-84.93541294
30.82067062,-84.93604206
30.8246026,-84.93557023
30.83089377,-84.93525567
30.83403935,-84.93415471
30.8374995,-84.93195281
30.84033052,-84.92943633
30.84253243,-84.92833538
30.8442625,-84.92833538
30.84677897,-84.92880722
30.8488236,-84.93006545
30.851488,-84.933224
30.85432837,-84.93525567
30.85841763,-84.93541294
30.86061954,-84.93462655
30.86329329,-84.93399743
30.8654952,-84.93462655
30.86753983,-84.9357275
30.87052813,-84.93777213
30.8730446,-84.93840125
30.87587563,-84.93761485
30.87870665,-84.93557023
30.88248135,-84.93541294
30.88468326,-84.93682846
30.88562694,-84.93808669
30.88672789,-84.93997404
30.887688,-84.941325
30.888488,-84.942525
30.897387,-84.949625
30.902287,-84.952325
30.907587,-84.956125
30.917287,-84.966726
30.921987,-84.969426
30.928187,-84.971026
30.930787,-84.975226
30.932687,-84.980627
30.934786,-84.983127
30.936986,-84.983627
30.942586,-84.983027
30.946886,-84.982227
30.954686,-84.979627
30.958986,-84.979627
30.961286,-84.980127
30.965586,-84.982527
30.967486,-84.984827
30.968786,-84.988027
30.971186,-84.997628
30.971486,-84.999828
30.971186,-84.999928
30.973468,-85.004026
30.974704,-85.005105
30.97704,-85.005931
30.979804,-85.005934
30.986899,-85.00254
30.997889,-85.001819
31.000681,-85.0019
31.000682,-85.002368
31.005044,-85.001366
31.009079,-84.999626
31.013843,-84.999428
31.014983,-85.00006
31.01918,-85.004549
31.024701,-85.005051
31.032378,-85.009409
31.042824,-85.008552
31.045573,-85.008816
31.053546,-85.011392
31.055402,-85.012642
31.059253,-85.018148
31.074583,-85.028573
31.07552616,-85.02847319
31.076851,-85.028333
31.08418,-85.026068
31.096163,-85.029736
31.10057,-85.032832
31.108192,-85.035615
31.109751,-85.037079
31.111583,-85.040513
31.118916,-85.050178
31.119489,-85.052867
31.120818,-85.054677
31.134225,-85.061072
31.139518,-85.06243
31.142495,-85.064028
31.14868,-85.070181
31.156927,-85.076628
31.157889,-85.077801
31.15963,-85.083582
31.160293,-85.092106
31.16549,-85.100207
31.166727,-85.100447
31.17777,-85.098426
31.180153,-85.098507
31.184734,-85.102052
31.18565,-85.104424
31.185305,-85.106503
31.186451,-85.107516
31.195637,-85.108133
31.202693,-85.106963
31.204595,-85.105631
31.209751,-85.09977
31.211286,-85.098704
31.219511,-85.098707
31.225651,-85.096763
31.232524,-85.098844
31.234813,-85.100765
31.23786,-85.102472
31.241869,-85.10426
31.248077,-85.106182
31.254609,-85.109149
31.258022,-85.111711
31.25958,-85.112352
31.264343,-85.113261
31.267987,-85.111983
31.272477,-85.111905
31.274378,-85.112546
31.276302,-85.114548
31.277333,-85.114601
31.280037,-85.112762
31.281733,-85.110309
31.284165,-85.099107
31.289688,-85.09316
31.295026,-85.089774
31.304053,-85.087695
31.308677,-85.087651
31.311223,-85.087404
31.316194,-85.084469
31.31821,-85.083776
31.328313,-85.084152
31.334292,-85.088983
31.336033,-85.089411
31.337981,-85.08781
31.340317,-85.087063
31.35019,-85.085864
31.353146,-85.085918
31.354428,-85.087413
31.354428,-85.09099
31.355207,-85.091791
31.357474,-85.092619
31.362881,-85.092487
31.364576,-85.092167
31.374474,-85.08691
31.38454,-85.082431
31.393932,-85.080403
31.39636,-85.078641
31.39888,-85.077626
31.402844,-85.077387
31.410472,-85.079978
31.411732,-85.079818
31.415971,-85.076746
31.42150634,-85.07582728
31.42487917,-85.07476217
31.42647683,-85.07289823
31.42692063,-85.07041299
31.427311,-85.068546
31.428594,-85.06697
31.430586,-85.065875
31.439543,-85.065554
31.442979,-85.065955
31.447286,-85.066703
31.453472,-85.069268
31.468384,-85.071621
31.484122,-85.065687
31.488017,-85.062105
31.495989,-85.058923
31.506518,-85.052951
31.513684,-85.048445
31.516813,-85.045642
31.51712927,-85.04549558
31.51823,-85.044986
31.520908,-85.044556
31.523751,-85.047649
31.526012,-85.048263
31.528671,-85.047196
31.5352,-85.042983
31.537754,-85.041813
31.540987,-85.041305
31.544684,-85.041881
31.545953,-85.042547
31.548707,-85.045698
31.555551,-85.050838
31.557871,-85.051873
31.56289,-85.052931
31.57084,-85.05796
31.573062,-85.057719
31.577092,-85.055284
31.578696,-85.055417
31.58369,-85.05844
31.593343,-85.058109
31.600963,-85.056405
31.605178,-85.055976
31.606713,-85.057314
31.607262,-85.059696
31.608224,-85.060552
31.611271,-85.060418
31.614546,-85.05833
31.616883,-85.057527
31.618624,-85.057473
31.620227,-85.058169
31.621717,-85.059534
31.624351,-85.065236
31.625267,-85.067628
31.629567,-85.073829
31.636867,-85.080029
31.637967,-85.082829
31.63902571,-85.08450279
31.64074935,-85.08517309
31.64218572,-85.08536461
31.64410087,-85.08517309
31.64946331,-85.08258763
31.650966,-85.081429
31.65233605,-85.08086399
31.65310211,-85.08095975
31.65473,-85.08201308
31.65607061,-85.08354521
31.65702818,-85.08546036
31.657866,-85.087829
31.659966,-85.092429
31.677465,-85.10943
31.685165,-85.11263
31.686865,-85.11393
31.691265,-85.12233
31.694965,-85.12553
31.708965,-85.12683
31.716764,-85.12653
31.718864,-85.12573
31.722764,-85.12223
31.730964,-85.11913
31.732664,-85.11893
31.747564,-85.12393
31.752463,-85.12663
31.758663,-85.129231
31.76233026,-85.12695414
31.764463,-85.12563
31.767063,-85.12523
31.768863,-85.12633
31.772263,-85.130731
31.779663,-85.140431
31.78046027,-85.14095096
31.781963,-85.141931
31.788363,-85.137131
31.792363,-85.132931
31.795162,-85.132231
31.798862,-85.132831
31.808062,-85.132931
31.813062,-85.131531
31.817562,-85.131331
31.826062,-85.133631
31.830462,-85.135931
31.834161,-85.139231
31.839261,-85.141831
31.841061,-85.141331
31.844161,-85.138331
31.845861,-85.137731
31.851262,-85.138031
31.855261,-85.140231
31.857461,-85.140731
31.858761,-85.140131
31.860661,-85.137431
31.862461,-85.135831
31.870061,-85.133731
31.87636,-85.128831
31.87756,-85.128431
31.87966,-85.128431
31.88246,-85.129331
31.88676,-85.131631
31.88956,-85.133731
31.89146,-85.134331
31.89216,-85.134131
31.89306,-85.132931
31.89326,-85.121131
31.89286,-85.117031
31.89336,-85.114031
31.89476,-85.11203
31.89686,-85.11063
31.89936,-85.11133
31.90516,-85.10803
31.90806,-85.10983
31.909859,-85.112731
31.911859,-85.113131
31.914359,-85.10913
31.917359,-85.10243
31.918659,-85.10133
31.924059,-85.10023
31.925259,-85.09953
31.926259,-85.09823
31.928859,-85.09183
31.935959,-85.08643
31.937359,-85.08473
31.940159,-85.07893
31.941459,-85.07893
31.945358,-85.08243
31.957758,-85.08683
31.959158,-85.08673
31.960758,-85.08573
31.962458,-85.08323
31.964158,-85.07393
31.965658,-85.07023
31.967358,-85.067829
31.971158,-85.065929
31.972458,-85.065929
31.974758,-85.066829
31.978358,-85.06993
31.981658,-85.07093
31.986757,-85.06833
31.991857,-85.06809818
31.993357,-85.06803
32.002489,-85.064544
32.00414,-85.063441
32.010714,-85.055075
32.013502,-85.053815
32.01740732,-85.05476799
32.020662,-85.053669
32.02157552,-85.05321374
32.02312977,-85.05307244
32.02418948,-85.05321374
32.02553179,-85.05377892
32.027213,-85.055217
32.028336,-85.056253
32.03181942,-85.05646353
32.03422144,-85.05547446
32.0366941,-85.05462669
32.03881353,-85.05483863
32.04057972,-85.05533317
32.043756,-85.05803
32.046656,-85.05883
32.054155,-85.05663
32.058055,-85.05643
32.059755,-85.05683
32.063055,-85.056029
32.067985,-85.054179
32.07021,-85.054084
32.072657,-85.055491
32.074439,-85.055813
32.080604,-85.053232
32.082527,-85.051161
32.08490825,-85.0477399
32.08738887,-85.04706336
32.09043328,-85.04706336
32.095362,-85.04955
32.107684,-85.053777
32.113671,-85.055045
32.125153,-85.05918
32.129673,-85.06154
32.132486,-85.06206
32.134065,-85.061144
32.136018,-85.058749
32.142033,-85.047865
32.143758,-85.045593
32.156348,-85.033989
32.161727,-85.030336
32.166104,-85.026583
32.176882,-85.014648
32.179112,-85.013065
32.180493,-85.011267
32.181903,-85.008531
32.184852,-84.995929
32.191552,-84.973728
32.193952,-84.966828
32.1966416,-84.96503176
32.19892009,-84.96494413
32.20058515,-84.96503176
32.20268837,-84.96634628
32.204451,-84.966928
32.20584322,-84.96704735
32.20689483,-84.96678445
32.20803408,-84.96634628
32.20882279,-84.96573284
32.20978677,-84.96459359
32.21101365,-84.9633667
32.21250344,-84.96222746
32.21434376,-84.96065004
32.21557064,-84.95898498
32.21670989,-84.95705702
32.21714807,-84.95372691
32.21784914,-84.94899465
32.217951,-84.939328
32.219051,-84.930127
32.219851,-84.928227
32.221551,-84.925427
32.224751,-84.922927
32.229751,-84.923527
32.23085287,-84.92303116
32.231751,-84.922627
32.233951,-84.920627
32.236551,-84.916327
32.24335,-84.912727
32.2452902,-84.91324877
32.24746337,-84.91248816
32.24833264,-84.91009767
32.24905,-84.907227
32.250838,-84.904087
32.2532166,-84.90249646
32.25558439,-84.90154933
32.25676827,-84.89823443
32.25818895,-84.89231497
32.25960961,-84.89113109
32.26150384,-84.8908943
32.26339808,-84.89184141
32.265846,-84.893959
32.273749,-84.904023
32.276949,-84.911127
32.285333,-84.922872
32.29826,-84.9338
32.300708,-84.93868
32.319316,-84.989514
32.322015,-85.001874
32.328362,-85.007103
32.336677,-85.008096
32.345196,-85.004582
32.359058,-84.986778
32.363186,-84.983466
32.365122,-84.983242
32.36837143,-84.98355184
32.3713871,-84.98294871
32.37334729,-84.98008382
32.37621219,-84.97872676
32.37627123,-84.97873919
32.37907708,-84.9793299
32.38224354,-84.98008382
32.38556079,-84.98038538
32.38917959,-84.97902833
32.39264762,-84.97676657
32.39686957,-84.97752049
32.400097,-84.979898
32.402833,-84.981098
32.412244,-84.979431
32.416244,-84.97183
32.422544,-84.96343
32.424244,-84.96303
32.435343,-84.967031
32.442843,-84.971831
32.445643,-84.983831
32.450743,-84.993531
32.453243,-84.995331
32.461743,-84.998031
32.469842,-84.998231
32.475242,-84.995231
32.486042,-84.994831
32.492342,-84.996732
32.494142,-84.998332
32.497041,-84.998832
32.504341,-84.999832
32.50648513,-85.00018248
32.51019478,-85.00078887
32.514741,-85.001532
32.523868,-85.0071
32.524876,-85.008396
32.526108,-85.013788
32.528428,-85.015805
32.534748,-85.020237
32.540044,-85.022045
32.542923,-85.022509
32.553963,-85.035726
32.571242,-85.056926
32.579546,-85.067535
32.594665,-85.076399
32.603577,-85.080288
32.60809528,-85.08061785
32.610152,-85.080768
32.616264,-85.08224
32.6178,-85.083616
32.618536,-85.08536
32.62046993,-85.08729438
32.62303187,-85.08831915
32.62477398,-85.08872905
32.62661857,-85.08862658
32.62846316,-85.0871919
32.63143501,-85.08606465
32.63317712,-85.08616712
32.63440685,-85.08729438
32.63543162,-85.08893401
32.6364564,-85.09200833
32.63819851,-85.09661981
32.64270751,-85.09825944
32.6454744,-85.09795201
32.6499834,-85.09600494
32.65244285,-85.09457026
32.655635,-85.089736
32.657758,-85.088483
32.669734,-85.093536
32.679634,-85.104037
32.683434,-85.112637
32.685634,-85.114737
32.692033,-85.117037
32.715727,-85.122738
32.722932,-85.120838
32.7264398,-85.11973307
32.72939733,-85.11942174
32.73157657,-85.1195774
32.73422278,-85.1195774
32.7360907,-85.11973307
32.7376473,-85.12020004
32.73935955,-85.12160098
32.74169445,-85.12409154
32.74371803,-85.12720473
32.7465199,-85.13218584
32.74791514,-85.13392989
32.7496331,-85.13607733
32.75383591,-85.13810091
32.7600623,-85.13887921
32.76457643,-85.13841223
32.76940188,-85.13654431
32.77235941,-85.1338981
32.77344904,-85.1331198
32.77469431,-85.13265282
32.77671789,-85.13203018
32.77889712,-85.13218584
32.78060938,-85.13327546
32.78216598,-85.1346764
32.784921,-85.139285
32.794104,-85.151913
32.804237,-85.162137
32.811612,-85.167939
32.814246,-85.168644
32.828516,-85.168342
32.834791,-85.164651
32.838249,-85.16058
32.83973484,-85.15947368
32.84138215,-85.15930896
32.84253527,-85.15947368
32.84401786,-85.15963842
32.84550044,-85.16013261
32.84714775,-85.16046207
32.84846561,-85.16079154
32.84994819,-85.16161519
32.85143077,-85.16342724
32.85208969,-85.16556874
32.85241916,-85.16771026
32.852497,-85.170099
32.853895,-85.177127
32.855269,-85.179353
32.861317,-85.1844
32.863355,-85.184888
32.868944,-85.184914
32.870525,-85.184131
32.870527,-85.18474
32.889727,-85.188741
33.055538,-85.221868
33.06258,-85.223261
33.108077,-85.232378
33.12956155,-85.23650865
33.42807932,-85.29390216
33.482884,-85.304439
33.529807,-85.313999
33.530218,-85.314091
33.535898,-85.314994
33.57415948,-85.32256892
33.65311633,-85.33820061
33.750104,-85.357402
33.767958,-85.360491
33.773951,-85.361844
33.856047,-85.377426
33.90171833,-85.38647347
33.964129,-85.398837
34.0001,-85.405918
34.002314,-85.406748
34.072278,-85.420232
34.08082185,-85.42185277
34.114397,-85.428222
34.125096,-85.42947
34.250689,-85.455057
34.252854,-85.455371
34.265736,-85.458071
34.269437,-85.458693
34.28638549,-85.46208172
34.328239,-85.47045
34.473954,-85.502316
34.474527,-85.502454
34.501212,-85.508384
34.518252,-85.512108
34.5241334,-85.5136991
34.52417,-85.513709
34.525192,-85.51393
34.542598,-85.517074
34.588683,-85.527261
34.62385793,-85.53408938
34.625082,-85.534327
34.656701,-85.541264
34.656783,-85.541267
34.708138,-85.552454
34.708321,-85.552482
34.750079,-85.561416
34.860371,-85.583145
34.924171,-85.595163
34.924331,-85.595191
34.944915,-85.598781
34.951766,-85.599385
34.984678,-85.605165
34.98306309,-85.47410532
34.982972,-85.466713
34.982987,-85.384967
34.983375,-85.363919
34.984375,-85.308257
34.984475,-85.305457
34.984475,-85.301488
34.984651,-85.2945
34.984975,-85.277556
34.984975,-85.275856
34.985075,-85.265055
34.985175,-85.254955
34.985475,-85.235555
34.985475,-85.230354
34.985475,-85.221854
34.985575,-85.220554
34.985675,-85.217854
34.985675,-85.216554
34.985995,-85.185905
34.986075,-85.180553
34.986883,-85.045183
34.986859,-85.045052
34.987647,-84.97986
34.9876688,-84.97697337
34.98783,-84.955623
34.987864,-84.94442
34.987916,-84.939306
34.987791,-84.861314
34.987746,-84.858032
34.988004,-84.831799
34.987707,-84.82401
34.987913,-84.820478
34.987753,-84.817279
34.987615,-84.810742
34.98760717,-84.81047694