1996,Iowa
43.497228,-91.21827
43.491008,-91.217615
43.484798,-91.215282
43.481142,-91.216035
43.471306,-91.220399
43.465525,-91.224586
43.462607,-91.229503
43.460018,-91.232241
43.457784,-91.233187
43.455168,-91.233367
43.450952,-91.232276
43.445537,-91.22875
43.425031,-91.207145
43.4229485,-91.20555065
43.419805,-91.203144
43.415903,-91.201224
43.412701,-91.200359
43.408486,-91.200527
43.403032,-91.199408
43.399223,-91.198048
43.395334,-91.19767
43.389835,-91.198953
43.38593,-91.200701
43.378887,-91.204831
43.374976,-91.206072
43.373659,-91.207367
43.370097,-91.21336
43.368006,-91.21499
43.365874,-91.21477
43.352524,-91.20662
43.349852,-91.203964
43.349103,-91.201847
43.347602,-91.188014
43.345926,-91.181115
43.340967,-91.171055
43.334826,-91.154806
43.329757,-91.137343
43.32803,-91.132813
43.32635,-91.129121
43.319332,-91.117661
43.313645,-91.107237
43.29187,-91.085652
43.282773,-91.079875
43.274746,-91.07371
43.271392,-91.071724
43.268193,-91.071574
43.264363,-91.072782
43.262129,-91.072649
43.261014,-91.071698
43.260272,-91.069937
43.259952,-91.061798
43.259074,-91.05975
43.257679,-91.058644
43.255366,-91.057918
43.253968,-91.05791
43.248566,-91.059684
43.243165,-91.062562
43.239293,-91.066398
43.235164,-91.071857
43.228259,-91.079278
43.221891,-91.087456
43.206578,-91.107931
43.202908,-91.113749
43.200366,-91.119115
43.197255,-91.12217
43.193536,-91.123896
43.187886,-91.124428
43.174405,-91.134173
43.173422,-91.135917
43.169993,-91.138649
43.163537,-91.141356
43.156413,-91.143283
43.152405,-91.1462
43.142945,-91.1562
43.140575,-91.160449
43.137384,-91.170372
43.134665,-91.175253
43.131846,-91.177003
43.128875,-91.177932
43.124982,-91.178251
43.118733,-91.177728
43.103771,-91.175193
43.080247,-91.177222
43.072983,-91.177264
43.070578,-91.178761
43.067427,-91.179457
43.064206,-91.177894
43.062044,-91.178087
43.038713,-91.174692
43.019426,-91.168283
42.991475,-91.15749
42.98816987,-91.15681265
42.98783,-91.156743
42.978226,-91.156562
42.975774,-91.155519
42.970514,-91.150906
42.966155,-91.148001
42.963345,-91.14655
42.958211,-91.14543
42.95651,-91.14554
42.946554,-91.14909
42.941955,-91.14988
42.940244,-91.149784
42.930378,-91.145517
42.926592,-91.144315
42.922877,-91.1438
42.920646,-91.143878
42.914967,-91.145868
42.912338,-91.146182
42.90985,-91.146177
42.90798,-91.14556
42.905964,-91.144706
42.90467,-91.143375
42.903772,-91.138
42.895837,-91.117411
42.894672,-91.115512
42.891149,-91.112158
42.885971,-91.104051
42.883078,-91.100565
42.875798,-91.098238
42.864421,-91.09882
42.859871,-91.097656
42.85532,-91.095329
42.851225,-91.091837
42.84986,-91.091402
42.834966,-91.095114
42.830813,-91.09406
42.829237,-91.090136
42.829977,-91.08277
42.827678,-91.078665
42.820309,-91.079314
42.806526,-91.078097
42.795466,-91.075481
42.787732,-91.072447
42.783004,-91.071138
42.775502,-91.070716
42.769628,-91.069549
42.763947,-91.063254
42.761847,-91.060261
42.759986,-91.060129
42.757974,-91.061432
42.757273,-91.06312
42.757081,-91.065492
42.753387,-91.065783
42.750914,-91.06468
42.750481,-91.060172
42.749246,-91.058091
42.747341,-91.056297
42.744686,-91.05481
42.740529,-91.054801
42.738238,-91.053733
42.737001,-91.051275
42.736905,-91.049972
42.737167,-91.046571
42.738605,-91.044139
42.738478,-91.039383
42.73734,-91.035418
42.734484,-91.032013
42.73255,-91.030984
42.729684,-91.030718
42.726774,-91.029692
42.724228,-91.026786
42.719566,-91.017239
42.719229,-91.015687
42.720123,-91.009577
42.716189,-91.000128
42.713704,-90.995536
42.708724,-90.988776
42.698932,-90.980578
42.696816,-90.977735
42.695249,-90.974237
42.693233,-90.965048
42.686778,-90.952415
42.685573,-90.949213
42.683844,-90.941567
42.683399,-90.937045
42.684128,-90.929881
42.6855,-90.923634
42.685406,-90.921155
42.682949,-90.9134
42.676254,-90.900261
42.67526218,-90.89689786
42.67247,-90.88743
42.668728,-90.867125
42.664822,-90.852497
42.663071,-90.84391
42.661662,-90.832702
42.655772,-90.797017
42.653888,-90.788226
42.652965,-90.778752
42.651443,-90.769495
42.649131,-90.760389
42.64556,-90.743677
42.643437,-90.731132
42.640758,-90.720209
42.636078,-90.709204
42.634169,-90.706303
42.630756,-90.702671
42.626445,-90.700856
42.622461,-90.700095
42.614509,-90.693999
42.610366,-90.692031
42.599198,-90.687999
42.594606,-90.687775
42.591774,-90.686975
42.589614,-90.685487
42.581503,-90.679375
42.579215,-90.677055
42.576599,-90.672727
42.567999,-90.661527
42.5579,-90.659127
42.5499,-90.654127
42.5441,-90.645627
42.540401,-90.643927
42.527701,-90.640627
42.518702,-90.636727
42.513202,-90.636927
42.508302,-90.640927
42.498102,-90.648627
42.491703,-90.655927
42.489203,-90.656527
42.483603,-90.656327
42.478503,-90.654027
42.471904,-90.646727
42.458904,-90.624328
42.451505,-90.606328
42.447493,-90.590416
42.444437,-90.582128
42.441701,-90.570736
42.440389,-90.567968
42.438742,-90.565248
42.432897,-90.560439
42.428517,-90.558801
42.420984,-90.558168
42.419258,-90.55755
42.416138,-90.555018
42.413115,-90.548068
42.403019,-90.517516
42.398792,-90.506829
42.395539,-90.500128
42.392406,-90.495766
42.387093,-90.490334
42.385141,-90.487154
42.38453,-90.484621
42.384616,-90.480148
42.383794,-90.477279
42.381729,-90.474121
42.38145821,-90.47381217
42.378355,-90.470273
42.369452,-90.464788
42.367253,-90.462619
42.359303,-90.452724
42.357041,-90.44632
42.355218,-90.443874
42.33686,-90.430546
42.332615,-90.425363
42.330472,-90.42135
42.328505,-90.419027
42.325109,-90.416535
42.322699,-90.415937
42.321314,-90.4162
42.319943,-90.417125
42.317681,-90.420075
42.316109,-90.421047
42.31169,-90.4203
42.305374,-90.420454
42.293326,-90.424326
42.290719,-90.426909
42.284211,-90.430735
42.27823,-90.430884
42.266364,-90.424098
42.259899,-90.422181
42.254467,-90.419326
42.251679,-90.416315
42.247749,-90.410471
42.239293,-90.400653
42.233133,-90.395883
42.229059,-90.394749
42.225473,-90.391108
42.214811,-90.375129
42.210526,-90.365138
42.205445,-90.356964
42.203321,-90.338169
42.201047,-90.328273
42.193789,-90.317774
42.19357484,-90.31710762
42.187576,-90.298442
42.178846,-90.282173
42.1745,-90.26908
42.171821,-90.255456
42.171469,-90.250129
42.165431,-90.234919
42.160028,-90.224244
42.15673,-90.216107
42.15268,-90.209479
42.149109,-90.207421
42.1455,-90.206369
42.139079,-90.20536
42.130937,-90.201404
42.128163,-90.197342
42.125779,-90.190452
42.125423,-90.187474
42.125198,-90.17097
42.122475,-90.167533
42.116718,-90.162895
42.11378,-90.161884
42.106372,-90.161159
42.098912,-90.161504
42.087613,-90.163405
42.075779,-90.168358
42.062638,-90.165555
42.050973,-90.165294
42.042105,-90.164485
42.040407,-90.163446
42.037769,-90.158829
42.033073,-90.154221
42.030633,-90.151579
42.02944,-90.150916
42.026564,-90.149733
42.022679,-90.149112
42.020014,-90.148096
42.014881,-90.143776
42.008931,-90.141167
42.003252,-90.140061
41.995999,-90.140613
41.988139,-90.146033
41.981329,-90.146225
41.978269,-90.148599
41.974116,-90.153834
41.961293,-90.162141
41.956178,-90.164135
41.948861,-90.164939
41.944934,-90.163847
41.940845,-90.160648
41.938181,-90.156902
41.933058,-90.152659
41.931002,-90.1516
41.92891734,-90.15183838
41.915593,-90.153362
41.906614,-90.153584
41.898019,-90.157019
41.883777,-90.165065
41.876439,-90.170041
41.866149,-90.172765
41.857402,-90.173006
41.853629,-90.175051
41.844647,-90.181401
41.843216,-90.181901
41.83624,-90.183765
41.83307,-90.183973
41.822599,-90.18172
41.811979,-90.180643
41.809354,-90.180954
41.80707,-90.181973
41.803163,-90.187969
41.79761463,-90.20846706
41.795335,-90.216889
41.793133,-90.222263
41.78296451,-90.24238026
41.779805,-90.248631
41.775295,-90.258622
41.772112,-90.263286
41.767358,-90.278633
41.750031,-90.302782
41.742214,-90.310708
41.734264,-90.31522
41.7288848,-90.31635775
41.72269,-90.317668
41.718333,-90.317421
41.709494,-90.31332
41.707528,-90.312893
41.702426,-90.31277
41.698082,-90.313435
41.69483,-90.314687
41.69167,-90.317315
41.689721,-90.319924
41.683954,-90.330222
41.682146,-90.332481
41.679559,-90.334525
41.664532,-90.336729
41.646959,-90.343452
41.640855,-90.34333
41.598633,-90.339528
41.590633,-90.341528
41.587833,-90.343228
41.579633,-90.364128
41.576633,-90.381329
41.572233,-90.39793
41.565333,-90.41283
41.562933,-90.41583
41.554233,-90.42223
41.551533,-90.427231
41.549533,-90.432731
41.544133,-90.438431
41.536133,-90.445231
41.523533,-90.461432
41.519733,-90.474332
41.518233,-90.489933
41.518033,-90.500633
41.519533,-90.513134
41.524933,-90.533035
41.526133,-90.540935
41.524232,-90.556235
41.517532,-90.567236
41.516332,-90.571136
41.515132,-90.582036
41.512832,-90.591037
41.511032,-90.595237
41.506032,-90.602137
41.497032,-90.604237
41.494232,-90.605937
41.485032,-90.618537
41.478732,-90.632538
41.473332,-90.640238
41.465032,-90.650238
41.462132,-90.655839
41.460632,-90.666239
41.460832,-90.676439
41.456643,-90.690951
41.454743,-90.701159
41.452248,-90.723545
41.450127,-90.737537
41.449632,-90.750142
41.450761,-90.771672
41.451261,-90.777583
41.452888,-90.786282
41.454466,-90.807283
41.454467,-90.824736
41.455623,-90.837414
41.455141,-90.846558
41.453909,-90.853604
41.452751,-90.857554
41.448215,-90.867282
41.441065,-90.879778
41.435432,-90.890787
41.431154,-90.900471
41.425589,-90.919351
41.42286,-90.924343
41.421404,-90.930016
41.424163,-90.949791
41.425075,-90.953198
41.430051,-90.966662
41.433985,-90.975168
41.434321,-90.979815
41.433869,-90.984898
41.426135,-91.005846
41.425024,-91.01198
41.423603,-91.027787
41.420017,-91.037131
41.418523,-91.039872
41.415897,-91.043988
41.414085,-91.04589
41.4109,-91.047819
41.400049,-91.050328
41.387556,-91.05101
41.385283,-91.05158
41.369101,-91.065058
41.365246,-91.06652
41.339651,-91.071552
41.3335923,-91.07194056
41.33335835,-91.07195557
41.31344,-91.073233
41.305578,-91.074841
41.301828,-91.077505
41.294371,-91.08688
41.286911,-91.092034
41.267169,-91.101142
41.262104,-91.104462
41.256088,-91.110304
41.250029,-91.114186
41.241401,-91.113648
41.239003,-91.112333
41.236567,-91.109562
41.230532,-91.100829
41.222635,-91.093018
41.214429,-91.081445
41.207151,-91.07298
41.199517,-91.065899
41.185766,-91.055069
41.166138,-91.041536
41.16354,-91.030029
41.163373,-91.027214
41.165922,-91.012557
41.166183,-91.007586
41.162564,-90.997906
41.160624,-90.99496
41.155716,-90.989663
41.142659,-90.981311
41.130107,-90.970851
41.119559,-90.965905
41.111085,-90.957246
41.096632,-90.946627
41.094734,-90.946259
41.084413,-90.948207
41.072711,-90.949383
41.07271001,-90.94938288
41.070611,-90.949136
41.07024959,-90.94899003
41.06173,-90.945549
41.052255,-90.944577
41.048637,-90.943652
41.038472,-90.94232
41.034702,-90.942253
41.019279,-90.945324
41.011917,-90.945054
41.006495,-90.945949
40.995248,-90.949634
40.986805,-90.955201
40.979767,-90.958142
40.976643,-90.958089
40.969858,-90.955111
40.962087,-90.952715
40.958238,-90.951967
40.954047,-90.952233
40.936356,-90.960462
40.924957,-90.962916
40.921633,-90.965344
40.919127,-90.968995
40.915522,-90.97919
40.912141,-90.985462
40.90812,-90.9985
40.905146,-91.003536
40.900565,-91.009536
40.896622,-91.01324
40.884021,-91.021562
40.879173,-91.027489
40.875038,-91.036789
40.873565,-91.039097
40.868356,-91.044653
40.864654,-91.047344
40.858514,-91.050241
40.848387,-91.05643
40.846309,-91.058749
40.841997,-91.067159
40.833405,-91.077521
40.824638,-91.090072
40.821079,-91.092993
40.811617,-91.096846
40.805575,-91.097649
40.802471,-91.097031
40.792909,-91.092256
40.786724,-91.091246
40.779708,-91.091703
40.767134,-91.096133
40.763233,-91.098105
40.757076,-91.102486
40.750935,-91.1082
40.745528,-91.110424
40.725168,-91.115735
40.721895,-91.115158
40.719532,-91.113885
40.708282,-91.111095
40.703262,-91.110927
40.697018,-91.11194
40.69627869,-91.11243358
40.691825,-91.115407
40.675892,-91.119632
40.672777,-91.12082
40.670675,-91.122421
40.669152,-91.123928
40.660893,-91.138055
40.653596,-91.154293
40.63807066,-91.18542846
40.637297,-91.18698
40.636107,-91.197906
40.638437,-91.218437
40.63839,-91.247851
40.637962,-91.253074
40.636672,-91.258249
40.633893,-91.264953
40.63224,-91.276175
40.626231,-91.306524
40.613488,-91.339719
40.609695,-91.348733
40.606553,-91.353989
40.601805,-91.359873
40.58259,-91.374252
40.57445,-91.379752
40.559458,-91.401482
40.554641,-91.405241
40.551831,-91.406373
40.547557,-91.406851
40.542698,-91.406202
40.539127,-91.404125
40.536789,-91.400725
40.534543,-91.394475
40.533069,-91.388067
40.530948,-91.384531
40.528247,-91.381857
40.512532,-91.369059
40.510479,-91.367876
40.500043,-91.364211
40.494211,-91.363683
40.490122,-91.36391
40.484168,-91.364915
40.474642,-91.368074
40.456394,-91.378144
40.45211,-91.379907
40.44604,-91.381468
40.442555,-91.381769
40.435395,-91.380965
40.426335,-91.377625
40.417891,-91.373721
40.411475,-91.37245
40.4012,-91.372554
40.399108,-91.372921
40.391879,-91.375746
40.38967,-91.378422
40.387632,-91.381958
40.384929,-91.38836
40.383127,-91.396996
40.382277,-91.413011
40.381381,-91.415695
40.378264,-91.419422
40.380939,-91.422324
40.382491,-91.425662
40.386255,-91.441243
40.378914,-91.448441
40.375501,-91.452458
40.375659,-91.463895
40.376223,-91.465009
40.378365,-91.465891
40.380949,-91.464681
40.385257,-91.465116
40.382884,-91.471967
40.381783,-91.480251
40.382057,-91.482322
40.3839,-91.484507
40.393484,-91.490977
40.395225,-91.490816
40.400009,-91.488597
40.402465,-91.487955
40.403866,-91.487829
40.404317,-91.488481
40.404317,-91.489816
40.402433,-91.493644
40.401926,-91.498093
40.403512,-91.505272
40.404335,-91.506745
40.405524,-91.507427
40.406775,-91.509063
40.408537,-91.513993
40.408682,-91.518392
40.409648,-91.522333
40.410765,-91.524612
40.413404,-91.526425
40.416689,-91.527057
40.419872,-91.526555
40.426488,-91.521388
40.431298,-91.519012
40.432822,-91.519134
40.433673,-91.519935
40.433483,-91.525
40.434272,-91.529132
40.436784,-91.532807
40.43832,-91.533623
40.440804,-91.533548
40.44273,-91.531912
40.446634,-91.526108
40.448437,-91.524053
40.450061,-91.523271
40.452254,-91.523072
40.456331,-91.523864
40.457845,-91.52509
40.458625,-91.526155
40.459002,-91.5286
40.458149,-91.543785
40.458769,-91.552691
40.460988,-91.563844
40.46229,-91.567743
40.465664,-91.574746
40.471015,-91.580355
40.472876,-91.581528
40.474703,-91.582437
40.479118,-91.583315
40.487233,-91.586884
40.492292,-91.590817
40.494997,-91.594644
40.50004,-91.608347
40.502377,-91.612821
40.504794,-91.616948
40.507134,-91.619486
40.510072,-91.621353
40.514362,-91.622362
40.51704,-91.622196
40.526286,-91.618793
40.53403,-91.618028
40.539084,-91.618999
40.540817,-91.620071
40.542292,-91.6219
40.5435,-91.625161
40.545541,-91.638082
40.549189,-91.654345
40.550937,-91.670993
40.553035,-91.681714
40.55739,-91.6887
40.559893,-91.690804
40.562222,-91.691591
40.564867,-91.691557
40.576785,-91.685723
40.578892,-91.685381
40.580875,-91.686357
40.583409,-91.68882
40.588148,-91.696359
40.595046,-91.712025
40.59853,-91.716769
40.601527,-91.720058
40.61364,-91.729115
40.611488,-91.785916
40.611101,-91.795374
40.610953,-91.800133
40.610526,-91.813968
40.610191,-91.824826
40.609797,-91.832481
40.608059,-91.868401
40.60615,-91.939292
40.60584171,-91.94311319
40.605471,-91.947708
40.605112,-91.970988
40.604433,-91.998683
40.603713,-92.029649
40.602648,-92.067904
40.602772,-92.069521
40.602176,-92.082339
40.602244,-92.0832
40.602082,-92.092875
40.60183,-92.096387
40.600529,-92.17978
40.600069,-92.196162
40.59998,-92.201669
40.599832,-92.217603
40.599531,-92.236484
40.598469,-92.298754
40.597805,-92.331205
40.597714,-92.331445
40.597274,-92.350776
40.59727319,-92.35080671
40.596509,-92.379691
40.595288,-92.453745
40.595355,-92.461609
40.594941,-92.481692
40.594894,-92.482394
40.594924,-92.484588
40.592151,-92.580278
40.590853,-92.637898
40.590825,-92.639223
40.589809,-92.686693
40.589884,-92.689854
40.58956418,-92.71459777
40.589207,-92.742232
40.588908,-92.757407
40.588593,-92.828061
40.588515,-92.827992
40.588484,-92.835074
40.58836,-92.857391
40.588175,-92.863034
40.588341,-92.879178
40.588039,-92.889796
40.58786,-92.903544
40.587743,-92.941595
40.58743,-92.957747
40.584403,-93.085517
40.584014,-93.097296
40.583973,-93.098507
40.582854,-93.135802
40.580797,-93.260612
40.580671,-93.317605
40.580514,-93.345442
40.58033431,-93.37438601
40.579916,-93.441767
40.580164,-93.465297
40.580072,-93.466887
40.580481,-93.524124
40.580436,-93.527607
40.580367,-93.528177
40.580417,-93.548284
40.580303,-93.553986
40.580235,-93.556899
40.580189,-93.558938
40.580304,-93.560798
40.580143,-93.56524
40.580075,-93.56581
40.580117,-93.566189
40.579496,-93.597352
40.578352,-93.656211
40.57833,-93.659272
40.578354,-93.661913
40.578241,-93.668845
40.578127,-93.677099
40.577875,-93.690333
40.577641,-93.722443
40.577547,-93.728355
40.577542,-93.737259
40.577518,-93.742759
40.57772,-93.750223
40.577615,-93.770231
40.57758437,-93.77434427
40.577278,-93.815485
40.577086,-93.818725
40.576791,-93.84093
40.576606,-93.853656
40.576011,-93.898327
40.575942,-93.899317
40.575874,-93.900877
40.575672,-93.913961
40.57533,-93.935687
40.575284,-93.936317
40.575421,-93.937097
40.575284,-93.938627
40.575192,-93.939857
40.574754,-93.963863
40.574635,-93.976766
40.573914,-94.015492
40.573585,-94.034134
40.572899,-94.080223
40.572899,-94.080463
40.572806,-94.089194
40.572897,-94.091085
40.57190737,-94.23224004
40.571521,-94.28735
40.571341,-94.294813
40.571524,-94.310724
40.571477,-94.324765
40.571475,-94.336556
40.571452,-94.336706
40.571363,-94.358307
40.571041,-94.429725
40.570947,-94.460088
40.57083,-94.470648
40.570825,-94.471213
40.570707,-94.48928
40.570739,-94.533878
40.570763,-94.537058
40.570763,-94.538318
40.570809,-94.541828
40.570809,-94.542154
40.570966,-94.594001
40.571186,-94.632032
40.57118604,-94.63203512
40.571787,-94.682601
40.572201,-94.714925
40.572201,-94.716665
40.572977,-94.773988
40.573532,-94.811188
40.573714,-94.819978
40.573942,-94.823758
40.574738,-94.896801
40.574877,-94.901451
40.575068,-94.914896
40.575669,-94.955134
40.575839,-94.966491
40.575692,-94.991661
40.57688,-95.068921
40.577007,-95.079742
40.577168,-95.097607
40.577116,-95.107213
40.57716,-95.110303
40.577206,-95.110663
40.577228,-95.112222
40.577413,-95.120829
40.57786,-95.154499
40.578017,-95.164058
40.57852776,-95.20226447
40.57865,-95.211408
40.578654,-95.21159
40.578679,-95.212715
40.578689,-95.213327
40.578759,-95.217455
40.578781,-95.218783
40.578827,-95.221525
40.579871,-95.335588
40.5801,-95.357802
40.580501,-95.373893
40.58050137,-95.37392302
40.581014,-95.415406
40.58154,-95.469319
40.58209,-95.525392
40.582136,-95.526682
40.582249,-95.533182
40.582629,-95.554959
40.582963,-95.574046
40.583495,-95.611069
40.584234,-95.64184
40.58438,-95.687442
40.584381,-95.6875
40.584935,-95.746443
40.585208,-95.765645
40.588973,-95.758895
40.59284,-95.753148
40.597052,-95.750053
40.599965,-95.748858
40.603355,-95.748626
40.606842,-95.749685
40.609057,-95.751271
40.613759,-95.758045
40.61709,-95.764412
40.61878,-95.766823
40.621264,-95.768926
40.624425,-95.770083
40.635285,-95.770442
40.639393,-95.771325
40.642496,-95.772832
40.647463,-95.776251
40.653272,-95.781909
40.657253,-95.786568
40.659388,-95.789485
40.662384,-95.795489
40.664886,-95.804307
40.66557,-95.81415
40.66724,-95.822913
40.6712,-95.832177
40.677496,-95.842801
40.679867,-95.844827
40.682605,-95.846034
40.694197,-95.847931
40.698147,-95.849828
40.702262,-95.852615
40.708055,-95.859378
40.71248,-95.870481
40.71412,-95.87528
40.714287,-95.877015
40.717579,-95.883178
40.721093,-95.885349
40.731855,-95.888907
40.736292,-95.888697
40.742101,-95.88669
40.747831,-95.883643
40.753081,-95.879027
40.757616,-95.873335
40.759645,-95.869982
40.762871,-95.861695
40.765631,-95.852776
40.768619,-95.84662
40.771093,-95.842824
40.774545,-95.838879
40.776477,-95.836903
40.779151,-95.835232
40.783016,-95.834156
40.78378407,-95.83421519
40.787778,-95.834523
40.79063,-95.835815
40.803783,-95.843745
40.811324,-95.845342
40.815307,-95.844852
40.817686,-95.843921
40.826175,-95.838601
40.831164,-95.837303
40.835347,-95.837186
40.845604,-95.841309
40.854174,-95.847084
40.858607,-95.84849
40.861061,-95.84859
40.864328,-95.847785
40.865745,-95.846938
40.869248,-95.844073
40.870266,-95.842521
40.872191,-95.838735
40.875,-95.824989
40.877439,-95.81959
40.879846,-95.815933
40.884239,-95.812083
40.886681,-95.810709
40.891228,-95.809474
40.895447,-95.809775
40.897907,-95.810886
40.9016931,-95.81345775
40.902936,-95.814302
40.906818,-95.818709
40.915004,-95.830699
40.917243,-95.833041
40.921642,-95.836438
40.924712,-95.837774
40.93278,-95.839743
40.939942,-95.840275
40.950618,-95.837951
40.963857,-95.829829
40.972378,-95.828329
40.975688,-95.829074
40.978332,-95.830297
40.98266,-95.833537
40.986484,-95.838908
40.989524,-95.844351
40.991738,-95.852547
40.995242,-95.860116
40.99734,-95.863492
41.001599,-95.867286
41.005951,-95.869198
41.009399,-95.869486
41.012703,-95.868374
41.017403,-95.865878
41.025403,-95.859918
41.031599,-95.859102
41.035695,-95.859654
41.037887,-95.860462
41.039427,-95.861782
41.045199,-95.869807
41.053299,-95.879487
41.057211,-95.881855
41.060411,-95.882415
41.065203,-95.881375
41.069587,-95.878103
41.075231,-95.870631
41.080367,-95.865463
41.083507,-95.863839
41.088399,-95.862587
41.093765,-95.863268
41.101266,-95.86545
41.117898,-95.865888
41.124698,-95.868688
41.138098,-95.878888
41.143998,-95.882088
41.150898,-95.883389
41.154898,-95.883489
41.159898,-95.881289
41.16026897,-95.88093556
41.165146,-95.876289
41.168122,-95.871912
41.16883,-95.86964
41.168734,-95.867344
41.167802,-95.865072
41.165398,-95.852788
41.166698,-95.846188
41.171098,-95.841888
41.174998,-95.841288
41.180598,-95.844088
41.184798,-95.850188
41.187098,-95.856788
41.188298,-95.864789
41.184398,-95.90969
41.185098,-95.91459
41.186698,-95.91829
41.190998,-95.92319
41.19104618,-95.9232187
41.195698,-95.92599
41.202198,-95.927491
41.211198,-95.924891
41.222998,-95.915091
41.226998,-95.912591
41.231798,-95.910891
41.233998,-95.910891
41.237998,-95.911391
41.258498,-95.921291
41.264598,-95.921891
41.268398,-95.920391
41.269698,-95.918791
41.271398,-95.913991
41.281398,-95.928691
41.285097,-95.929591
41.292297,-95.929591
41.298397,-95.927491
41.301097,-95.920291
41.300897,-95.90589
41.299597,-95.90429
41.293497,-95.90429
41.279498,-95.912491
41.273398,-95.90249
41.281397,-95.88239
41.285097,-95.87689
41.289497,-95.872889
41.295797,-95.871489
41.307097,-95.874689
41.312497,-95.878189
41.316697,-95.883089
41.319097,-95.88869
41.321197,-95.89929
41.320197,-95.91379
41.321097,-95.92209
41.322197,-95.92569
41.328897,-95.939291
41.334096,-95.946891
41.339896,-95.953091
41.345496,-95.956691
41.349196,-95.956791
41.351796,-95.954891
41.353496,-95.952191
41.357496,-95.94099
41.360596,-95.93549
41.364696,-95.93099
41.370096,-95.92879
41.374896,-95.92929
41.384395,-95.93519
41.39097943,-95.93693071
41.393095,-95.93749
41.396387,-95.93689
41.406179,-95.930778
41.411331,-95.929721
41.415155,-95.929889
41.422123,-95.932297
41.42943,-95.933169
41.431914,-95.932193
41.433894,-95.930705
41.439742,-95.923905
41.442062,-95.921833
41.444302,-95.920577
41.447922,-95.919865
41.451566,-95.920281
41.455766,-95.922529
41.459382,-95.925713
41.463798,-95.932921
41.46519,-95.936801
41.466262,-95.941969
41.466166,-95.946465
41.462814,-95.957017
41.46281,-95.962329
41.46351,-95.965481
41.467318,-95.973449
41.469778,-95.982962
41.470374,-95.991018
41.472342,-96.004708
41.474039,-96.008833
41.476212,-96.011757
41.481556,-96.016389
41.486617,-96.019542
41.48803,-96.019817
41.489296,-96.019224
41.492659,-96.015986
41.497631,-96.007334
41.504789,-95.997903
41.50695923,-95.9961745
41.509761,-95.993943
41.512002,-95.992833
41.514174,-95.992599
41.51729,-95.99267
41.523412,-95.993891
41.538679,-95.999529
41.541146,-96.001161
41.544004,-96.005079
41.545533,-96.010028
41.546085,-96.016474
41.545743,-96.019686
41.544364,-96.023182
41.541081,-96.027289
41.539616,-96.028439
41.527292,-96.030593
41.512853,-96.034305
41.509047,-96.036603
41.50799,-96.038101
41.507076,-96.040701
41.507271,-96.048118
41.508859,-96.05369
41.51149,-96.057935
41.516162,-96.063638
41.52034,-96.067527
41.525052,-96.07307
41.528199,-96.080493
41.530595,-96.08822
41.531778,-96.089714
41.539265,-96.09409
41.547192,-96.096186
41.55088,-96.095851
41.558271,-96.093613
41.561086,-96.09182
41.567831,-96.084786
41.571229,-96.082406
41.574274,-96.081178
41.577289,-96.081152
41.580407,-96.081843
41.583339,-96.083417
41.585746,-96.085771
41.58752,-96.088683
41.59158,-96.101496
41.593169,-96.104465
41.596871,-96.109387
41.602277,-96.113833
41.60576,-96.11583
41.609999,-96.117558
41.613495,-96.118105
41.617356,-96.11795
41.621574,-96.116233
41.623975,-96.114146
41.635507,-96.100701
41.639633,-96.097728
41.647365,-96.095046
41.652736,-96.095415
41.658682,-96.097933
41.66103,-96.099837
41.668548,-96.111483
41.67122,-96.114978
41.674399,-96.11812
41.677861,-96.120983
41.68274,-96.121726
41.68298986,-96.12171196
41.688522,-96.121401
41.69115,-96.120157
41.694221,-96.117751
41.697773,-96.111968
41.699917,-96.105119
41.697425,-96.090579
41.698159,-96.082429
41.701661,-96.075955
41.705004,-96.073063
41.706858,-96.072321
41.708794,-96.072494
41.710674,-96.073376
41.713265,-96.075151
41.717962,-96.079682
41.72218,-96.0876
41.728016,-96.10261
41.731647,-96.105582
41.734591,-96.106326
41.73789,-96.106425
41.744211,-96.104622
41.746339,-96.102772
41.749076,-96.097511
41.750419,-96.091687
41.753314,-96.084673
41.757895,-96.079915
41.761598,-96.0783
41.771353,-96.078939
41.777824,-96.077543
41.783009,-96.073197
41.788913,-96.066413
41.793002,-96.064537
41.79623,-96.064879
41.800628,-96.067329
41.803509,-96.069662
41.807811,-96.075548
41.810144,-96.081026
41.812785,-96.093835
41.814206,-96.09827
41.817151,-96.103749
41.820685,-96.107592
41.823735,-96.109347
41.828172,-96.11081
41.830818,-96.110907
41.840339,-96.107911
41.844397,-96.108029
41.84885,-96.110246
41.853102,-96.113962
41.854869,-96.116202
41.85858,-96.123215
41.860809,-96.13062
41.863128,-96.135253
41.86630101,-96.13900951
41.868865,-96.142045
41.871854,-96.144483
41.874988,-96.146083
41.877538,-96.146757
41.884811,-96.14735
41.888132,-96.148826
41.892085,-96.152179
41.897173,-96.158204
41.90182,-96.161756
41.905553,-96.161988
41.908044,-96.160767
41.910057,-96.159098
41.912421,-96.154301
41.915379,-96.142265
41.916838,-96.139653
41.920826,-96.136743
41.92353,-96.136133
41.927167,-96.136613
41.937387,-96.143493
41.941544,-96.144583
41.944512,-96.143603
41.945908,-96.142597
41.952223,-96.135393
41.955732,-96.133318
41.965136,-96.129186
41.969727,-96.1289
41.971673,-96.129505
41.974625,-96.132537
41.978063,-96.141228
41.980137,-96.156538
41.980114,-96.16068
41.978996,-96.168071
41.976864,-96.174154
41.976325,-96.177203
41.976696,-96.184243
41.977417,-96.186265
41.980721,-96.190602
41.982032,-96.191549
41.984461,-96.192141
41.989314,-96.189516
41.99546,-96.184784
41.99776,-96.183801
41.999987,-96.183568
42.002633,-96.184644
42.006323,-96.188067
42.008662,-96.194556
42.009267,-96.206083
42.006701,-96.215225
42.003862,-96.217637
41.997382,-96.221813
41.995456,-96.223896
41.994734,-96.225463
41.99441,-96.229739
41.996428,-96.236487
41.999351,-96.240713
42.000911,-96.242035
42.002899,-96.24238
42.006965,-96.241932
42.012315,-96.238859
42.018651,-96.227867
42.022652,-96.223611
42.026205,-96.22173
42.029558,-96.221901
42.033346,-96.223822
42.035217,-96.225656
42.039145,-96.232125
42.041088,-96.238392
42.041616,-96.246832
42.039454,-96.254542
42.03808,-96.256087
42.038974,-96.261132
42.039858,-96.263886
42.042314,-96.268637
42.044988,-96.271427
42.047238,-96.272877
42.04728125,-96.27290138
42.051976,-96.275548
42.060399,-96.278445
42.07028,-96.279342
42.074026,-96.279079
42.081416,-96.276758
42.085934,-96.274135
42.088697,-96.271777
42.096177,-96.267636
42.103262,-96.266594
42.110265,-96.267318
42.11359,-96.2689
42.118396,-96.272299
42.120779,-96.275002
42.12348,-96.279203
42.125619,-96.28567
42.128042,-96.301023
42.129826,-96.305884
42.132523,-96.310085
42.136338,-96.313819
42.143171,-96.316979
42.146647,-96.319528
42.151487,-96.325872
42.157197,-96.33798
42.160491,-96.342395
42.166806,-96.347752
42.172043,-96.349688
42.17744,-96.350323
42.186721,-96.347243
42.194747,-96.348066
42.197253,-96.349166
42.200485,-96.351515
42.207799,-96.359087
42.210545,-96.35987
42.214088,-96.358141
42.21513675,-96.35665511
42.215182,-96.356591
42.21749,-96.345055
42.218087,-96.339086
42.218922,-96.336323
42.221585,-96.332044
42.229887,-96.323723
42.231461,-96.322827
42.233637,-96.322868
42.240224,-96.330004
42.241885,-96.328955
42.249992,-96.327706
42.254734,-96.328905
42.25943,-96.331331
42.264806,-96.336003
42.269115,-96.34145
42.27648,-96.356389
42.27649311,-96.35640607
42.279867,-96.3608
42.285875,-96.365792
42.291848,-96.368454
42.303622,-96.368507
42.308344,-96.369212
42.310878,-96.369969
42.314172,-96.37179
42.318339,-96.375307
42.325874,-96.384169
42.330857,-96.396269
42.334156,-96.402957
42.337408,-96.407998
42.343393,-96.413895
42.351449,-96.417786
42.354678,-96.418168
42.3587,-96.417918
42.361443,-96.417093
42.365932,-96.413994
42.376092,-96.408436
42.381491,-96.409153
42.393442,-96.41498
42.400294,-96.415509
42.407894,-96.413609
42.410894,-96.411808
42.432494,-96.387608
42.437294,-96.384307
42.446394,-96.380707
42.451494,-96.380107
42.461694,-96.381307
42.473094,-96.385407
42.474495,-96.386007
42.484095,-96.396107
42.487595,-96.409408
42.48898,-96.423892
42.489495,-96.443408
42.492478,-96.456348
42.490788,-96.46255
42.491895,-96.474409
42.493595,-96.476509
42.497795,-96.476909
42.500095,-96.474709
42.503537,-96.473339
42.509589,-96.477454
42.511138,-96.479384
42.510345,-96.483592
42.512441,-96.490089
42.517282,-96.49297
42.520331,-96.490802
42.524195,-96.479909
42.526395,-96.479009
42.529595,-96.479809
42.535595,-96.477709
42.546434,-96.476962
42.556079,-96.476952
42.556745,-96.494699
42.558153,-96.498041
42.56087572,-96.49843873
42.567552,-96.499414
42.57087,-96.498709
42.571464,-96.497186
42.570736,-96.493279
42.5708,-96.489328
42.572198,-96.486855
42.573524,-96.485937
42.575001,-96.485796
42.576062,-96.486606
42.577023,-96.491402
42.579474,-96.49545
42.580872,-96.496066
42.582722,-96.49557
42.58402807,-96.49467636
42.58574074,-96.4947771
42.5876549,-96.496792
42.588539,-96.499885
42.589247,-96.501037
42.59061,-96.501434
42.592731,-96.500243
42.594106,-96.500183
42.605001,-96.504654
42.61273,-96.509468
42.61489412,-96.51323653
42.61534251,-96.51704784
42.614371,-96.51951397
42.612558,-96.522309
42.609312,-96.525671
42.608986,-96.527928
42.610432,-96.529894
42.615148,-96.531604
42.617129,-96.530896
42.618447,-96.528185
42.6186307,-96.52399787
42.61922855,-96.52115807
42.62034952,-96.51854247
42.622361,-96.516599
42.624994,-96.515918
42.627645,-96.51535
42.630435,-96.516338
42.641184,-96.526766
42.643541,-96.533701
42.646446,-96.537881
42.648092,-96.538468
42.652161,-96.5376
42.655431,-96.537877
42.660736,-96.542366
42.661377,-96.543698
42.661491,-96.546827
42.657949,-96.556214
42.657903,-96.559281
42.658543,-96.559962
42.662819,-96.5599
42.663642,-96.558939
42.663939,-96.556461
42.664396,-96.556244
42.669198,-96.56055
42.675942,-96.566684
42.676241,-96.568078
42.675509,-96.569194
42.674068,-96.570247
42.671691,-96.570743
42.670776,-96.572261
42.671302,-96.576381
42.672079,-96.578581
42.672765,-96.578148
42.67541712,-96.57527208
42.67699739,-96.57431753
42.67801032,-96.57406428
42.682665,-96.575299
42.687076,-96.58562
42.688081,-96.591602
42.688514,-96.596405
42.69122163,-96.59554782
42.695122,-96.596625
42.69729613,-96.59907976
42.69769836,-96.60078927
42.697429,-96.601989
42.695119,-96.604839
42.694661,-96.60614
42.694568,-96.61017
42.695688,-96.612061
42.69658,-96.612124
42.69709501,-96.6119011
42.69754753,-96.61185082
42.69815088,-96.61220278
42.69840228,-96.61255474
42.6986034,-96.61305754
42.69870396,-96.6134095
42.69870396,-96.61391229
42.69865368,-96.61451565
42.698613,-96.615257
42.700189,-96.619536
42.705102,-96.629625
42.70588,-96.630617
42.708852,-96.629777
42.709947,-96.627233
42.714294,-96.624446
42.725497,-96.624704
42.725951,-96.626317
42.725086,-96.631931
42.734921,-96.638621
42.737071,-96.639704
42.741002,-96.635886
42.745641,-96.632314
42.750378,-96.630485
42.752729,-96.626108
42.753534,-96.620548
42.754792,-96.619494
42.757124,-96.620272
42.758084,-96.621235
42.758449,-96.622538
42.757808,-96.62412
42.757532,-96.628741
42.761512,-96.632212
42.768325,-96.633168
42.770863,-96.632142
42.770885,-96.630311
42.77351788,-96.626406
42.779255,-96.621875
42.784034,-96.61949
42.784996,-96.615579
42.783034,-96.604559
42.78372,-96.603784
42.787767,-96.602575
42.792982,-96.595283
42.801122,-96.592493
42.808255,-96.590757
42.808987,-96.590913
42.809924,-96.592155
42.810426,-96.595664
42.815044,-96.596008
42.815844,-96.594983
42.815365,-96.591039
42.818041,-96.585699
42.818979,-96.584488
42.827645,-96.577937
42.828719,-96.577813
42.833657,-96.58238
42.837521,-96.581604
42.838093,-96.579772
42.837155,-96.571353
42.830434,-96.565605
42.831051,-96.563058
42.836309,-96.56284
42.839373,-96.560572
42.839487,-96.558584
42.836675,-96.556162
42.836034,-96.553987
42.836057,-96.552092
42.836606,-96.551285
42.839143,-96.549513
42.84070513,-96.54997565
42.841864,-96.552184
42.843648,-96.554203
42.84614165,-96.55470918
42.84750078,-96.55377185
42.847648,-96.550847
42.849956,-96.545502
42.851282,-96.544321
42.857682,-96.54146
42.858871,-96.541708
42.859717,-96.542702
42.859466,-96.543417
42.858254,-96.54379
42.857158,-96.545282
42.857273,-96.546556
42.863171,-96.550439
42.863742,-96.550469
42.870281,-96.549659
42.87371,-96.547327
42.874464,-96.546394
42.874614,-96.543908
42.878475,-96.537851
42.886111,-96.538438
42.888877,-96.540396
42.889678,-96.540116
42.890659,-96.534395
42.890588,-96.52774
42.8918522,-96.52635725
42.8937546,-96.52656291
42.89795,-96.528886
42.900901,-96.536007
42.899964,-96.539397
42.903737,-96.542847
42.90456,-96.542971
42.90504,-96.542473
42.904605,-96.538555
42.905656,-96.536564
42.9087913,-96.53735387
42.910709,-96.537837
42.918666,-96.540229
42.920678,-96.541628
42.922576,-96.541689
42.924496,-96.541098
42.935511,-96.525536
42.935784,-96.523513
42.934846,-96.52118
42.932765,-96.520559
42.931987,-96.519378
42.931849,-96.518258
42.932512,-96.516888
42.933769,-96.516203
42.935438,-96.516419
42.938183,-96.52012
42.93976,-96.519994
42.943668,-96.514888
42.944397,-96.510749
42.945151,-96.509472
42.948534,-96.508069
42.954659,-96.504857
42.959391,-96.500308
42.968192,-96.503132
42.970844,-96.505028
42.971348,-96.506148
42.97126,-96.510693
42.972886,-96.515922
42.977643,-96.520246
42.980385,-96.520773
42.981458,-96.516724
42.985937,-96.512237
42.988818,-96.512203
42.991424,-96.512886
42.995126,-96.509986
42.996519,-96.507337
42.997066,-96.502728
42.998143,-96.49782
42.998807,-96.496699
43.001819,-96.494341
43.005089,-96.492693
43.009707,-96.49167
43.014551,-96.494416
43.019213,-96.499187
43.019805,-96.503209
43.024701,-96.510995
43.025799,-96.511804
43.02843659,-96.51308503
43.02996184,-96.51291556
43.031902,-96.510802
43.03668,-96.509146
43.037297,-96.509145
43.039927,-96.511605
43.03981361,-96.51387343
43.03938789,-96.51575179
43.04024739,-96.51731912
43.04206752,-96.51843142
43.049917,-96.510256
43.049985,-96.508916
43.048726,-96.505239
43.048632,-96.501748
43.050789,-96.490365
43.051475,-96.488839
43.054013,-96.488155
43.055498,-96.486722
43.062383,-96.476905
43.06355,-96.473165
43.062088,-96.469953
43.06186,-96.468207
43.062981,-96.463094
43.064033,-96.46085
43.067554,-96.458201
43.075053,-96.455209
43.08337919,-96.45418826
43.084197,-96.454088
43.086826,-96.454526
43.088129,-96.455337
43.089614,-96.462636
43.091419,-96.462855
43.09494,-96.460516
43.100474,-96.451877
43.104452,-96.448134
43.113916,-96.439335
43.120842,-96.436589
43.121963,-96.439615
43.123129,-96.440801
43.124687,-96.441644
43.128841,-96.442711
43.133825,-96.443431
43.142237,-96.450361
43.144157,-96.455544
43.143356,-96.458854
43.143516,-96.459978
43.147515,-96.465099
43.150281,-96.466537
43.159608,-96.467384
43.164066,-96.467292
43.182034,-96.464896
43.182971,-96.465146
43.184502,-96.467146
43.184525,-96.468802
43.185644,-96.472395
43.189804,-96.473834
43.198766,-96.473777
43.205099,-96.470781
43.207225,-96.470626
43.209534,-96.472158
43.217351,-96.474912
43.221054,-96.475571
43.222014,-96.476697
43.224183,-96.485264
43.223652,-96.496454
43.220767,-96.500759
43.218556,-96.512458
43.21769,-96.519273
43.21824,-96.520961
43.22096,-96.522084
43.224071,-96.526865
43.22764,-96.535741
43.225698,-96.540088
43.225928,-96.544902
43.226912,-96.548184
43.226775,-96.554937
43.226135,-96.556313
43.22477817,-96.55731712
43.22412571,-96.55899489
43.22421892,-96.56043963
43.231554,-96.568505
43.238961,-96.571194
43.244241,-96.565253
43.245155,-96.559186
43.247281,-96.552963
43.251117,-96.55203
43.257769,-96.552591
43.259141,-96.553217
43.259999,-96.554965
43.25999757,-96.55496818
43.259096,-96.55697
43.259279,-96.560099
43.260239,-96.564165
43.262662,-96.568576
43.268308,-96.576804
43.26769,-96.582904
43.268878,-96.58522
43.274319,-96.586317
43.276879,-96.583533
43.276536,-96.582939
43.274594,-96.582876
43.2748,-96.580904
43.2788,-96.577588
43.29109465,-96.57882263
43.293797,-96.579094
43.2951102,-96.57947808
43.295854,-96.580409
43.29711819,-96.58105191
43.29820359,-96.5803464
43.29917,-96.573556
43.298187,-96.571646
43.296701,-96.570707
43.295535,-96.56911
43.294804,-96.56429
43.29480392,-96.56352272
43.294803,-96.555246
43.29286,-96.553087
43.295556,-96.541037
43.300034,-96.530392
43.309999,-96.526004
43.312467,-96.525564
43.316561,-96.528817
43.328587,-96.533101
43.336473,-96.534913
43.33869,-96.531905
43.347214,-96.524289
43.348151,-96.524476
43.348335,-96.52551
43.351833,-96.526635
43.362257,-96.527223
43.368109,-96.527345
43.368314,-96.526467
43.371947,-96.522203
43.374607,-96.521323
43.375947,-96.521297
43.38564,-96.521572
43.394762,-96.524044
43.396317,-96.525453
43.397735,-96.529152
43.397553,-96.530124
43.39641,-96.530124
43.39561,-96.531159
43.395063,-96.537116
43.404117,-96.553008
43.406792,-96.557586
43.412782,-96.562728
43.417217,-96.568499
43.419228,-96.573579
43.423755,-96.570788
43.427527,-96.569628
43.428601,-96.570224
43.431756,-96.575181
43.432212,-96.581956
43.431685,-96.587884
43.43317,-96.592905
43.434153,-96.594254
43.449649,-96.602608
43.450907,-96.60286
43.45708,-96.600039
43.464878,-96.587929
43.46961,-96.584603
43.471141,-96.585137
43.478251,-96.586364
43.481384,-96.580997
43.489887,-96.585049
43.491099,-96.586274
43.494298,-96.590452
43.494367,-96.591676
43.493314,-96.594722
43.495074,-96.598396
43.496011,-96.599182
43.50044103,-96.59892891
43.500457,-96.598928
43.500514,-96.591213
43.500415,-96.453049
43.500333,-96.351059
43.500415,-96.332062
43.500391,-96.208814
43.500312,-96.198766
43.500335,-96.198484
43.50017604,-96.05316254
43.499966,-95.861152
43.499966,-95.8609457
43.499966,-95.834421
43.499965,-95.821277
43.499891,-95.741569
43.499894,-95.740813
43.499865,-95.514774
43.500246,-95.486803
43.500274,-95.486737
43.500335,-95.475065
43.500563,-95.454706
43.500648,-95.454706
43.50064415,-95.45443303
43.50036,-95.434293
43.500314,-95.434199
43.50024,-95.387851
43.50024,-95.387812
43.50024016,-95.38778709
43.500322,-95.375269
43.500314,-95.374737
43.500464,-95.250969
43.500406,-95.250762
43.501196,-95.244844
43.500885,-95.214938
43.500774,-95.180423
43.500885,-95.167891
43.500771,-95.167294
43.500449,-95.154936
43.500755,-95.122633
43.500667,-95.114874
43.50086,-95.054289
43.500769,-95.053504
43.500811,-95.034
43.500872,-95.014245
43.500523,-94.99446
43.500508,-94.974359
43.500467,-94.954477
43.50049,-94.934625
43.50045,-94.914955
43.50045,-94.914905
43.50045,-94.91463356
43.50045,-94.914523
43.500502,-94.887291
43.500557,-94.874235
43.500564,-94.872725
43.500546,-94.860192
43.500615,-94.857867
43.50061403,-94.85455509
43.500544,-94.615916
43.50033,-94.565665
43.500377,-94.560838
43.50034,-94.47042
43.500639,-94.447048
43.50058317,-94.44284786
43.500583,-94.442835
43.500469,-94.390597
43.500379,-94.377466
43.50033254,-94.24796538
43.500283,-94.10988
43.5003,-94.108068
43.500302,-94.094339
43.500302,-94.092894
43.49960501,-93.97076156
43.499605,-93.97076
43.49952,-93.795793
43.499542,-93.794285
43.499563,-93.716217
43.499564,-93.708771
43.499568,-93.704916
43.499576,-93.699345
43.49955869,-93.64853304
43.499548,-93.617131
43.49952,-93.576728
43.499521,-93.558631
43.499472,-93.532178
43.499471,-93.528482
43.499456,-93.497405
43.49945577,-93.49734995
43.499417,-93.488261
43.499482,-93.482009
43.4994,-93.472804
43.499473,-93.468563
43.499478,-93.428509
43.499485,-93.399035
43.499356,-93.2718
43.499567,-93.228861
43.49957139,-93.049192
43.499572,-93.024429
43.49957216,-93.02434764
43.499604,-93.007871
43.499548,-92.870277
43.499567,-92.790317
43.500084,-92.752088
43.500069,-92.707312
43.500063,-92.692786
43.500062,-92.689033
43.500055,-92.67258
43.50005,-92.653318
43.500049,-92.649194
43.5003,-92.553161
43.50030002,-92.55312804
43.500345,-92.464505
43.50042017,-92.44894781
43.500614,-92.408832
43.500476,-92.40613
43.500483,-92.388298
43.500454,-92.368908
43.500436,-92.279084
43.500466,-92.277425
43.500527,-92.198788
43.500713,-92.178863
43.500735,-92.103886
43.500684,-92.08997
43.500647,-92.079954
43.50064681,-92.07980197
43.500485,-91.949879
43.500554,-91.941837
43.500684,-91.824848
43.500648,-91.807156
43.500716,-91.804925
43.500803,-91.77929
43.500711,-91.777688
43.500637,-91.761414
43.500525,-91.738446
43.500561,-91.736558
43.500623,-91.73333
43.50068,-91.730359
43.50067953,-91.73021742
43.500581,-91.700749
43.500513,-91.670872
43.500533,-91.658401
43.500454,-91.651396
43.500529,-91.644924
43.500573,-91.639772
43.500463,-91.635626
43.500439,-91.634495
43.500479,-91.634244
43.500727,-91.625611
43.500677,-91.620785
43.500687,-91.617407
43.500663,-91.616895
43.50055,-91.615293
43.50053,-91.610895
43.50053002,-91.61083159
43.500536,-91.591073
43.500539,-91.551021
43.500515,-91.54122
43.50056,-91.533806
43.50069,-91.491042
43.500608,-91.465063
43.500642,-91.461403
43.500588,-91.445932
43.500438,-91.441786
43.500887,-91.397319
43.500482,-91.37695
43.500945,-91.371608
43.500827,-91.369325
43.500993,-91.261781
43.500488,-91.246715
43.50055,-91.217706