1817,Illinois
42.500012,-89.361561
42.498853,-89.290896
42.497994,-89.250759
42.49813,-89.246972
42.498047,-89.228279
42.497957,-89.22627
42.497256,-89.166728
42.497347,-89.164905
42.496957,-89.125111
42.496992,-89.120365
42.49691,-89.116949
42.496499,-89.099012
42.496208,-89.071141
42.496255,-89.042898
42.496097,-89.013804
42.496087,-89.013667
42.49602594,-88.99297702
42.496025,-88.992659
42.495114,-88.943264
42.495046,-88.940391
42.49504594,-88.94038798
42.491983,-88.786681
42.49202362,-88.77649314
42.492068,-88.76536
42.493587,-88.70738
42.49358705,-88.70737771
42.495043,-88.638653
42.494883,-88.506912
42.49467156,-88.47059669
42.494618,-88.461397
42.494618,-88.417396
42.4947727,-88.304692
42.494818,-88.271691
42.495823,-88.25009
42.495923,-88.2169
42.496016,-88.200172
42.49601753,-88.19953146
42.496219,-88.115285
42.495319,-88.049782
42.494519,-87.99018
42.494019,-87.971279
42.49302,-87.900242
42.492307,-87.843594
42.49192,-87.815872
42.49192,-87.800561
42.49192,-87.800477
42.49057766,-87.80031711
42.47927789,-87.79897114
42.47305379,-87.79822975
42.471721,-87.798071
42.44586699,-87.80075203
42.420621,-87.80337
42.41775876,-87.80352946
42.41379308,-87.80375039
42.384721,-87.80537
42.38335735,-87.80612984
42.36641566,-87.81556999
42.364621,-87.81657
42.361584,-87.820858
42.36154431,-87.82087086
42.34349687,-87.82671678
42.3313679,-87.83064559
42.330317,-87.830986
42.32852967,-87.83122081
42.301522,-87.834769
42.2948916,-87.8334681
42.29117292,-87.83273848
42.29010921,-87.83252978
42.28377203,-87.83128641
42.269922,-87.828569
42.26867269,-87.82803444
42.26793715,-87.82771971
42.26612467,-87.82694418
42.26231271,-87.8253131
42.23227753,-87.81246149
42.23218538,-87.81242206
42.23193544,-87.81231511
42.231823,-87.812267
42.22427124,-87.80839545
42.21544943,-87.80387278
42.208024,-87.800066
42.2060066,-87.79858945
42.20561131,-87.79830013
42.20451402,-87.79749702
42.20444205,-87.79744435
42.2037482,-87.79693651
42.20353319,-87.79677914
42.19196555,-87.78831271
42.19050132,-87.78724103
42.17417903,-87.77529462
42.15236198,-87.75932657
42.14834987,-87.75639007
42.14757881,-87.75582573
42.14613245,-87.75476713
42.14569087,-87.75444393
42.14557318,-87.75435779
42.1401605,-87.75039621
42.13755046,-87.74848591
42.13472921,-87.74642102
42.128227,-87.741662
42.1278118,-87.74131767
42.12717235,-87.74078736
42.12708865,-87.74071794
42.12590322,-87.73973485
42.12565531,-87.73952926
42.11890287,-87.73392934
42.11472274,-87.73046269
42.11342583,-87.72938713
42.11341439,-87.72937765
42.11215733,-87.72833515
42.11198403,-87.72819143
42.11084698,-87.72724845
42.11055392,-87.72700541
42.10837267,-87.72519646
42.107727,-87.724661
42.10767438,-87.72460286
42.10687856,-87.72372347
42.1055962,-87.72230645
42.10551824,-87.7222203
42.10486605,-87.72149962
42.10387767,-87.72040746
42.10378325,-87.72030312
42.10175751,-87.71806466
42.10125016,-87.71750403
42.10104366,-87.71727585
42.10094713,-87.71716918
42.09645546,-87.71220585
42.095328,-87.71096
42.09221321,-87.70641455
42.09096571,-87.70459406
42.0904777,-87.70388191
42.08944178,-87.70237018
42.075729,-87.682359
42.07544099,-87.68217858
42.07315969,-87.6807495
42.07171305,-87.67984328
42.05833417,-87.67146233
42.05298048,-87.67051248
42.05230539,-87.67069872
42.05078132,-87.67111915
42.05054774,-87.67118358
42.0479722,-87.67189408
42.04280175,-87.67109447
42.029142,-87.668982
41.933132,-87.630953
41.93278423,-87.63086996
41.9167379,-87.62703827
41.90720859,-87.62476278
41.9045735,-87.62413355
41.904232,-87.624052
41.90201959,-87.62294377
41.90139237,-87.61985244
41.89803223,-87.61743314
41.89341764,-87.61416261
41.89333496,-87.61229097
41.89221599,-87.6116585
41.8907078,-87.6116585
41.88924827,-87.61268017
41.88842121,-87.61418836
41.88448048,-87.61355589
41.884412,-87.61365385
41.88295804,-87.61573369
41.8823964,-87.61653711
41.868933,-87.616251
41.845233,-87.60945
41.826833,-87.600549
41.81142152,-87.58712261
41.81134231,-87.5870536
41.804334,-87.580948
41.80422455,-87.58092048
41.8027502,-87.5805498
41.786034,-87.576347
41.766034,-87.560646
41.752135,-87.542845
41.748235,-87.530745
41.72399,-87.524141
41.708335,-87.524044
41.702635,-87.524944
41.691635,-87.524844
41.634935,-87.524642
41.632435,-87.524742
41.622535,-87.524642
41.563335,-87.524641
41.559235,-87.525041
41.529735,-87.52494
41.47028256,-87.52566895
41.470115,-87.525671
41.453619,-87.525623
41.380851,-87.52535
41.355812,-87.526404
41.298177,-87.526768
41.2980516,-87.52676781
41.16609666,-87.52657034
41.163865,-87.526567
41.16009,-87.52666
41.159448,-87.526719
41.153958,-87.526693
41.149222,-87.526696
41.139658,-87.5267
41.121485,-87.526711
41.024837,-87.52652
41.010583,-87.526346
41.01035493,-87.52630654
41.010346,-87.526305
40.911914,-87.526084
40.895582,-87.526014
40.894209,-87.526437
40.880618,-87.525962
40.879703,-87.526113
40.854357,-87.525783
40.73695,-87.526129
40.73688508,-87.52612905
40.535409,-87.526292
40.535111,-87.526352
40.491574,-87.526376
40.49123671,-87.52637895
40.477158,-87.526502
40.47687903,-87.52651075
40.475659,-87.526549
40.46217,-87.526809
40.250671,-87.530054
40.250036,-87.529992
40.191812,-87.530828
40.17003,-87.531133
40.14812332,-87.53143766
40.148027,-87.531439
40.144273,-87.531759
40.133005,-87.531561
40.011587,-87.532308
40.011492,-87.532308
40.000037,-87.532287
39.997776,-87.532331
39.987462,-87.532542
39.977691,-87.532683
39.97501,-87.53279
39.971077,-87.532776
39.883127,-87.533227
39.883,-87.53322685
39.810947,-87.533142
39.803922,-87.533056
39.796243,-87.533058
39.781743,-87.533066
39.664868,-87.532703
39.646102,-87.532444
39.646126,-87.532365
39.60730599,-87.53219622
39.564013,-87.532008
39.545853,-87.531939
39.526937,-87.531965
39.495516,-87.531692
39.491698,-87.531627
39.47712,-87.531663
39.47711015,-87.53166295
39.469378,-87.531624
39.466225,-87.531608
39.449474,-87.531489
39.437732,-87.531355
39.436656,-87.531355
39.347888,-87.531646
39.352907,-87.544013
39.340488,-87.5544
39.340343,-87.578331
39.333831,-87.589084
39.31290425,-87.60039744
39.299479,-87.597946
39.296388,-87.597545
39.282232,-87.61005
39.261122,-87.605543
39.25945852,-87.6040758
39.247452,-87.593486
39.24357923,-87.58353459
39.23296188,-87.57916274
39.218404,-87.574558
39.211123,-87.577029
39.197824,-87.588614
39.17479,-87.620796
39.166727,-87.640435
39.15752479,-87.64277683
39.14490037,-87.64598956
39.128562,-87.643145
39.118702,-87.632245
39.11429745,-87.632874
39.11055016,-87.632874
39.10680286,-87.63224946
39.10430465,-87.63037581
39.10180646,-87.62537942
39.10055735,-87.61913392
39.09618551,-87.61726029
39.08994002,-87.61663573
39.08556817,-87.613513
39.08244542,-87.60851657
39.079639,-87.596373
39.057286,-87.572588
39.034062,-87.575027
39.019413,-87.569696
39.001607,-87.579117
38.988786,-87.578319
38.971925,-87.529496
38.954417,-87.512187
38.923205,-87.518826
38.907688,-87.527645
38.895093,-87.544089
38.875614,-87.54737
38.863344,-87.553384
38.85956,-87.550515
38.85249465,-87.53435493
38.848795,-87.525893
38.826576,-87.521681
38.818121,-87.527342
38.778571,-87.496537
38.757774,-87.498948
38.742728,-87.496494
38.716333,-87.516707
38.697198,-87.519609
38.684036,-87.531231
38.677613,-87.545538
38.667402,-87.593678
38.639489,-87.62012
38.618873,-87.622375
38.60544,-87.627348
38.596955,-87.624143
38.5939838,-87.62389044
38.59106564,-87.62644382
38.58997134,-87.62936198
38.58851227,-87.63775167
38.568166,-87.651529
38.55624,-87.650704
38.54109224,-87.66073214
38.521206,-87.65578
38.51738224,-87.65380153
38.5119107,-87.65416629
38.5071687,-87.65708445
38.502931,-87.663701
38.498438,-87.678374
38.488038,-87.693188
38.47988,-87.714047
38.47871669,-87.73076785
38.475069,-87.73952231
38.46777361,-87.74353479
38.45901914,-87.74317002
38.452986,-87.735729
38.446518,-87.730134
38.442908,-87.730699
38.435576,-87.74104
38.41449654,-87.74438194
38.408996,-87.745254
38.370842,-87.779996
38.363143,-87.806075
38.346912,-87.822721
38.324853,-87.832723
38.30724058,-87.83197156
38.29913273,-87.8337572
38.29374967,-87.83824308
38.29060958,-87.84497189
38.28926379,-87.85304645
38.29150675,-87.86022386
38.29913273,-87.868747
38.30137566,-87.87547582
38.29958131,-87.88041029
38.29330109,-87.88310178
38.285299,-87.887849
38.27625478,-87.89880235
38.27401186,-87.90822268
38.27670336,-87.91360573
38.28477794,-87.91674584
38.28971239,-87.92168029
38.29240392,-87.9288577
38.28926379,-87.9387266
38.273763,-87.952125
38.26875,-87.951277
38.25696553,-87.94590399
38.24709662,-87.95083845
38.237118,-87.960225
38.237389,-87.968968
38.23500758,-87.9723208
38.23274183,-87.97551075
38.2302582,-87.97774601
38.22825595,-87.97954803
38.22152715,-87.98268814
38.20996,-87.984234
38.197834,-87.975819
38.184376,-87.9595
38.172189,-87.937162
38.16859387,-87.9288577
38.16007071,-87.92257746
38.14840745,-87.92168029
38.126616,-87.945472
38.121981,-87.974272
38.11072612,-87.99076273
38.1008572,-87.99973446
38.09009111,-87.99838869
38.08336231,-87.99480001
38.07618492,-87.98672543
38.06900753,-87.98493108
38.05644709,-87.99031413
38.04926969,-88.00960337
38.04657816,-88.02036946
38.03805501,-88.02530392
38.02504598,-88.02978979
38.007245,-88.025831
37.977062,-88.012574
37.966544,-88.012929
37.942746,-88.036124
37.92680542,-88.04414457
37.91334779,-88.03741578
37.90168453,-88.03158413
37.89405856,-88.03337849
37.88732975,-88.0432474
37.88284389,-88.05042481
37.87746084,-88.05446209
37.87556858,-88.05525053
37.87207779,-88.05670501
37.865349,-88.05849937
37.85548006,-88.05670501
37.84785409,-88.05311632
37.84381681,-88.04863045
37.84067669,-88.04459317
37.83663941,-88.0432474
37.83080777,-88.04414457
37.8263219,-88.04907904
37.82228462,-88.05042481
37.81779875,-88.05177056
37.81376146,-88.05177056
37.81106994,-88.04952764
37.80748124,-88.04593893
37.80578895,-88.03910467
37.80360135,-88.02938202
37.799224,-88.02803
37.796361,-88.032438
37.791917,-88.035827
37.784307,-88.038769
37.7759574,-88.04020602
37.772082,-88.040873
37.76712,-88.042602
37.754078,-88.049942
37.742608,-88.059588
37.738645,-88.063802
37.733286,-88.072538
37.730389,-88.081925
37.728587,-88.085901
37.723205,-88.095759
37.718036,-88.101844
37.715915,-88.107088
37.712583,-88.117803
37.709685,-88.122412
37.707094,-88.125033
37.697142,-88.132341
37.691498,-88.134282
37.68259,-88.145434
37.675098,-88.151646
37.664542,-88.158207
37.661847,-88.159372
37.657592,-88.160187
37.654332,-88.160062
37.649097,-88.15864
37.639948,-88.158374
37.632801,-88.156827
37.622827,-88.152691
37.603737,-88.142225
37.599158,-88.140752
37.595263,-88.140226
37.590865,-88.14094
37.586451,-88.139973
37.580285,-88.136164
37.57427299,-88.1334104
37.574235,-88.133393
37.572968,-88.131622
37.568166,-88.121517
37.562189,-88.11433
37.55618,-88.105585
37.55133,-88.101174
37.539637,-88.092814
37.535124,-88.088049
37.534186,-88.086194
37.532029,-88.078046
37.528826,-88.072242
37.525297,-88.069018
37.515755,-88.063311
37.513563,-88.062568
37.508123,-88.062828
37.50532656,-88.06134224
37.505232,-88.061292
37.495951,-88.062563
37.492013,-88.064115
37.489385,-88.06295
37.489057,-88.062174
37.487837,-88.062294
37.484548,-88.064234
37.481593,-88.067728
37.481921,-88.068504
37.483563,-88.072386
37.480146,-88.077987
37.472699,-88.084171
37.471059,-88.087664
37.471059,-88.09038
37.471715,-88.091156
37.472699,-88.091156
37.473025,-88.095818
37.472369,-88.109417
37.470507,-88.12801
37.471555,-88.132628
37.471626,-88.135142
37.466937,-88.157061
37.465612,-88.171764
37.46379,-88.175283
37.461896,-88.188615
37.460188,-88.206923
37.45739,-88.225012
37.456811,-88.237784
37.456748,-88.255193
37.452596,-88.281667
37.446816,-88.297821
37.440591,-88.312585
37.436178,-88.317525
37.434705,-88.321199
37.429316,-88.330622
37.42721,-88.333183
37.410726,-88.348405
37.40486,-88.358436
37.40481673,-88.35850601
37.402931,-88.361557
37.401663,-88.365471
37.40273,-88.371214
37.404342,-88.373445
37.409825,-88.377507
37.416482,-88.387669
37.421644,-88.39734
37.424146,-88.404127
37.425216,-88.408808
37.424468,-88.413108
37.42366559,-88.41488228
37.421987,-88.418594
37.419441,-88.425981
37.418169,-88.433182
37.416416,-88.439333
37.411717,-88.450127
37.408482,-88.456
37.400547,-88.465861
37.396255,-88.470224
37.386875,-88.476592
37.375052,-88.478523
37.364615,-88.482113
37.354915,-88.482612
37.345609,-88.484462
37.339596,-88.486947
37.335042,-88.49031
37.327689,-88.494137
37.317822,-88.500566
37.307858,-88.505087
37.303353,-88.508657
37.298527,-88.511497
37.290948,-88.514661
37.284043,-88.515939
37.273398,-88.509587
37.266656,-88.506942
37.26213,-88.509328
37.260261,-88.508031
37.253579,-88.500777
37.248445,-88.492383
37.244077,-88.487277
37.240774,-88.484982
37.229606,-88.47973
37.227251,-88.478179
37.220155,-88.471753
37.217026,-88.466981
37.213536,-88.458763
37.207046,-88.450653
37.203527,-88.447764
37.189036,-88.441956
37.18174,-88.439527
37.180007,-88.437781
37.165871,-88.433454
37.16407,-88.433782
37.160298,-88.431488
37.158668,-88.429906
37.157758,-88.428097
37.152428,-88.424403
37.149901,-88.424776
37.126424,-88.434701
37.125055,-88.435829
37.109192,-88.443538
37.108517,-88.443538
37.107842,-88.442743
37.098601,-88.444605
37.073796,-88.458948
37.068223,-88.476127
37.067114,-88.482856
37.067874,-88.490068
37.06783621,-88.49027613
37.065265,-88.504437
37.065231,-88.514356
37.065584,-88.521436
37.067192,-88.531576
37.070003,-88.545403
37.07601,-88.560032
37.0785416,-88.56384511
37.082213,-88.569375
37.085852,-88.576718
37.090567,-88.581635
37.099655,-88.589207
37.101761,-88.593922
37.107081,-88.601144
37.112745,-88.61144
37.119458,-88.625889
37.121003,-88.630605
37.121309,-88.637977
37.122844,-88.644872
37.139378,-88.687767
37.141155,-88.693983
37.142646,-88.702553
37.140641,-88.720224
37.141194,-88.72344
37.143956,-88.732105
37.146513,-88.737937
37.151564,-88.746065
37.154701,-88.753068
37.162662,-88.765357
37.16878,-88.77595
37.172495,-88.779466
37.178584,-88.786947
37.184854,-88.797373
37.188595,-88.80572
37.192203,-88.820935
37.196486,-88.835051
37.209711,-88.86953
37.219299,-88.902841
37.224291,-88.916934
37.224769,-88.920878
37.22662472,-88.92801899
37.227593,-88.931745
37.2277495,-88.93307688
37.228811,-88.942111
37.229891,-88.966831
37.228685,-88.98326
37.224401,-89.000968
37.220583,-89.008532
37.221198,-89.00592
37.21609,-89.014003
37.211144,-89.029981
37.203932,-89.037568
37.202881,-89.041263
37.188767,-89.058036
37.175125,-89.076221
37.165602,-89.086526
37.156439,-89.092934
37.150391,-89.095753
37.1462,-89.096669
37.140967,-89.099047
37.119052,-89.111189
37.115781,-89.115579
37.113487,-89.120465
37.111342,-89.12202
37.108813,-89.125072
37.103278,-89.134931
37.102197,-89.135847
37.096906,-89.138231
37.093865,-89.14132
37.090714,-89.146596
37.089828,-89.149797
37.090487,-89.151294
37.088907,-89.154504
37.074218,-89.168087
37.06818398,-89.17188055
37.062069,-89.175725
37.053012,-89.179384
37.046305,-89.181369
37.037275,-89.182509
37.026843,-89.180849
37.020928,-89.178975
37.011409,-89.173595
37.008072,-89.17112
37.003337,-89.166447
37.000051,-89.160667
36.985089,-89.138437
36.9822,-89.132685
36.979416,-89.140814
36.979133,-89.14411
36.977636,-89.149882
36.972768,-89.161767
36.970298,-89.170008
36.970885,-89.177235
36.973518,-89.185491
36.979995,-89.192097
36.989768,-89.195039
37.000051,-89.195029
37.011723,-89.198488
37.016164,-89.200793
37.020047,-89.205038
37.031077,-89.225482
37.037277,-89.234053
37.042853,-89.238253
37.057783,-89.245648
37.072014,-89.25493
37.064071,-89.259936
37.064814,-89.264484
37.065224,-89.280375
37.065811,-89.283488
37.066736,-89.283685
37.067345,-89.294036
37.069654,-89.307726
37.068371,-89.30829
37.057897,-89.310819
37.053769,-89.309401
37.050432,-89.307397
37.047565,-89.304752
37.044982,-89.301368
37.040408,-89.291185
37.03614,-89.277715
37.028683,-89.266286
37.023288,-89.260003
37.015496,-89.257608
37.00005,-89.263527
36.996302,-89.266242
36.993401,-89.269564
36.990495,-89.274198
36.98867,-89.278628
36.992189,-89.29213
37.0090469,-89.31264162
37.012767,-89.317168
37.01609,-89.322982
37.019936,-89.331164
37.025521,-89.345996
37.030156,-89.362397
37.039605,-89.378277
37.04301,-89.381644
37.046441,-89.383937
37.048251,-89.384681
37.05513,-89.385434
37.057748,-89.385186
37.070499,-89.378889
37.080505,-89.375712
37.085936,-89.375615
37.094586,-89.37871
37.103267,-89.384175
37.107481,-89.38805
37.111197,-89.393427
37.119307,-89.407451
37.122507,-89.41173
37.12505,-89.414471
37.138235,-89.42558
37.15209,-89.435202
37.161287,-89.438275
37.18812,-89.456105
37.199517,-89.461862
37.203351,-89.462676
37.2182,-89.467631
37.221844,-89.4675
37.240368,-89.458302
37.242594,-89.457832
37.247066,-89.458246
37.248661,-89.458827
37.250577,-89.460692
37.25152,-89.46266
37.253357,-89.470525
37.253052,-89.479205
37.25150748,-89.48872819
37.251315,-89.489915
37.258474,-89.496386
37.263738,-89.502303
37.268537,-89.506773
37.277164,-89.513905
37.28192,-89.517032
37.285497,-89.51834
37.289354,-89.518393
37.29204,-89.517692
37.295362,-89.515741
37.299323,-89.514605
37.303776,-89.514042
37.310825,-89.511842
37.31426,-89.509699
37.315662,-89.508174
37.32149,-89.49909
37.324795,-89.49516
37.331361,-89.491194
37.333368,-89.489005
37.3348293,-89.48592974
37.335646,-89.484211
37.338165,-89.474569
37.339283,-89.454723
37.340475,-89.447556
37.344441,-89.43604
37.347056,-89.432836
37.351956,-89.429738
37.356158,-89.428185
37.38053,-89.422037
37.387668,-89.421054
37.392077,-89.42132
37.397132,-89.422465
37.407471,-89.42594
37.426847,-89.43413
37.4372,-89.439769
37.442129,-89.443493
37.450069,-89.450969
37.466473,-89.471201
37.471388,-89.475525
37.494008,-89.492051
37.504948,-89.497689
37.512954,-89.500231
37.51787,-89.502917
37.524322,-89.507459
37.52981,-89.5124
37.535558,-89.516447
37.537278,-89.517051
37.553805,-89.521093
37.560735,-89.521925
37.56620952,-89.52172957
37.57215209,-89.52151743
37.578971,-89.521274
37.581155,-89.520804
37.582748,-89.519808
37.584504,-89.516538
37.584815,-89.513943
37.584147,-89.509542
37.580116,-89.494051
37.580853,-89.486062
37.582973,-89.481118
37.585885,-89.477548
37.590226,-89.47603
37.592998,-89.475932
37.595554,-89.476514
37.598869,-89.478399
37.607157,-89.485792
37.62505,-89.506563
37.631755,-89.510526
37.636446,-89.515649
37.641217,-89.517718
37.643789,-89.517136
37.645555,-89.51586
37.650803,-89.515903
37.656089,-89.516827
37.667975,-89.516146
37.676575,-89.513927
37.680985,-89.51204
37.685525,-89.512009
37.689923,-89.514255
37.692762,-89.516685
37.696475,-89.521948
37.698441,-89.52573
37.700334,-89.531427
37.701054,-89.538652
37.707189,-89.566704
37.709065,-89.573516
37.713261,-89.583316
37.71751,-89.587213
37.723599,-89.591289
37.732886,-89.596566
37.736492,-89.602406
37.739684,-89.608757
37.740036,-89.612478
37.74235,-89.615586
37.744283,-89.616194
37.748184,-89.615933
37.749167,-89.616389
37.74972,-89.617278
37.74912,-89.624023
37.748135,-89.62801
37.745782,-89.63337
37.746108,-89.645429
37.745498,-89.64953
37.74771,-89.658455
37.750052,-89.663352
37.752095,-89.665546
37.759484,-89.667993
37.764195,-89.666474
37.76851,-89.66413
37.775732,-89.66119
37.781032,-89.660227
37.786296,-89.66038
37.788204,-89.66132
37.790801,-89.663982
37.799922,-89.669644
37.80298854,-89.67438987
37.805066,-89.677605
37.807789,-89.68285
37.814337,-89.696559
37.816812,-89.702844
37.825724,-89.71748
37.835081,-89.729426
37.838507,-89.732737
37.843494,-89.736439
37.84693,-89.739873
37.846984,-89.749961
37.846358,-89.754104
37.847613,-89.757363
37.850657,-89.761992
37.851782,-89.765222
37.852123,-89.774306
37.853896,-89.779828
37.855092,-89.782035
37.851734,-89.786369
37.857054,-89.793718
37.859505,-89.796087
37.868625,-89.80036
37.871367,-89.799835
37.874202,-89.797678
37.879655,-89.798041
37.881517,-89.799333
37.882985,-89.803913
37.88771,-89.813647
37.901802,-89.836254
37.905196,-89.842649
37.905572,-89.844786
37.90398,-89.851048
37.896906,-89.862949
37.893519,-89.866988
37.883294,-89.876594
37.879591,-89.881475
37.871605,-89.897301
37.869822,-89.901832
37.869641,-89.913317
37.870672,-89.923185
37.874693,-89.937383
37.87511077,-89.93819072
37.881526,-89.950594
37.883218,-89.952499
37.91526,-89.971649
37.917661,-89.973642
37.919217,-89.974221
37.926719,-89.974918
37.931456,-89.968365
37.934363,-89.962273
37.940196,-89.959646
37.940336,-89.947429
37.946193,-89.937927
37.947497,-89.932467
37.95413,-89.925389
37.955823,-89.924811
37.960021,-89.925085
37.959143,-89.933797
37.959581,-89.935886
37.961042,-89.93693
37.964994,-89.93774
37.970121,-89.942099
37.966647,-89.95491
37.962791,-89.978919
37.962198,-89.986296
37.963225,-89.997103
37.964563,-90.00011
37.970179,-90.008353
37.995258,-90.03241
38.000052,-90.045908
38.001715,-90.049106
38.003584,-90.051357
38.005907,-90.052883
38.00844,-90.053541
38.011953,-90.055399
38.014362,-90.057269
38.015543,-90.059367
38.016875,-90.065045
38.017001,-90.072283
38.015428,-90.080959
38.015772,-90.08826
38.017833,-90.093774
38.026547,-90.11052
38.031708,-90.117423
38.040702,-90.126194
38.043981,-90.126612
38.05057,-90.126006
38.054897,-90.126396
38.059644,-90.128159
38.062341,-90.130788
38.069023,-90.144553
38.074735,-90.158533
38.07489,-90.161562
38.074347,-90.163411
38.069636,-90.17222
38.08796915,-90.20668445
38.094365,-90.218708
38.112669,-90.243116
38.125054,-90.250118
38.127571,-90.252484
38.12781294,-90.25266474
38.157615,-90.274928
38.164447,-90.283091
38.170453,-90.290765
38.175246,-90.30049
38.178572,-90.31063
38.179456,-90.316839
38.181593,-90.322353
38.18758,-90.331554
38.189932,-90.334258
38.213855,-90.353902
38.217501,-90.356176
38.224525,-90.359559
38.236355,-90.363926
38.250054,-90.367013
38.255807,-90.367764
38.267441,-90.370892
38.273926,-90.371869
38.281853,-90.373929
38.294454,-90.373819
38.304354,-90.371719
38.323354,-90.372519
38.333554,-90.370819
38.340254,-90.368219
38.360354,-90.356318
38.377609,-90.349743
38.381853,-90.346118
38.385453,-90.343118
38.38750629,-90.34075737
38.398153,-90.328517
38.401753,-90.322317
38.426753,-90.295316
38.438453,-90.288815
38.443453,-90.285215
38.451053,-90.284015
38.472453,-90.279215
38.479553,-90.275915
38.486253,-90.274914
38.496052,-90.271314
38.506152,-90.268814
38.520552,-90.263814
38.52075495,-90.26372293
38.528352,-90.260314
38.53200775,-90.25777259
38.544752,-90.248913
38.575051,-90.224212
38.576451,-90.222112
38.578751,-90.216712
38.583951,-90.210111
38.588651,-90.202511
38.594451,-90.196011
38.598951,-90.191811
38.611551,-90.18451
38.61793244,-90.18244317
38.62915,-90.17881
38.63375,-90.17801
38.64275,-90.17771
38.65955,-90.18111
38.66038143,-90.18132503
38.66535,-90.18261
38.67475,-90.18641
38.68755,-90.19521
38.69345,-90.20221
38.70275,-90.20921
38.71175,-90.21201
38.71795,-90.21191
38.72135,-90.21141
38.72605,-90.20991
38.73215,-90.20521
38.742949,-90.191309
38.746849,-90.183409
38.754449,-90.176309
38.760249,-90.175109
38.766549,-90.171309
38.772649,-90.166409
38.783049,-90.146708
38.798048,-90.123107
38.805748,-90.117707
38.815048,-90.114707
38.837448,-90.109107
38.843548,-90.109407
38.849306,-90.113327
38.867148,-90.151508
38.876348,-90.166409
38.885048,-90.186909
38.886248,-90.190309
38.886748,-90.19521
38.887648,-90.19761
38.89699443,-90.20922115
38.900454,-90.213519
38.907389,-90.223041
38.91086,-90.230336
38.914828,-90.241703
38.919344,-90.250248
38.920489,-90.254033
38.920763,-90.256993
38.920344,-90.262792
38.922556,-90.269872
38.92346469,-90.27582472
38.923716,-90.277471
38.924048,-90.283712
38.923395,-90.298711
38.923525,-90.306113
38.92412,-90.309454
38.927912,-90.317572
38.929827,-90.324179
38.933489,-90.333533
38.94079,-90.346442
38.955453,-90.383126
38.9564075,-90.38576838
38.960037,-90.395816
38.962554,-90.406367
38.96333,-90.413108
38.963785,-90.424726
38.965526,-90.433745
38.967364,-90.440078
38.967764,-90.450792
38.96775868,-90.45080994
38.964322,-90.462411
38.961809,-90.467784
38.958838,-90.472122
38.94446,-90.482419
38.942133,-90.483339
38.940436,-90.483452
38.934712,-90.482725
38.925982,-90.486974
38.910408,-90.500117
38.902767,-90.507451
38.898818,-90.516963
38.887078,-90.531118
38.87505,-90.54403
38.874008,-90.545872
38.870785,-90.555693
38.868847,-90.566557
38.868336,-90.576719
38.86903,-90.583388
38.87505,-90.595354
38.888654,-90.625122
38.891617,-90.628485
38.903941,-90.635896
38.908272,-90.639917
38.912106,-90.647988
38.916141,-90.653164
38.92027,-90.657254
38.924989,-90.6614
38.928042,-90.663372
38.934179,-90.665565
38.93419841,-90.66557008
38.948176,-90.669229
38.952296,-90.671844
38.96214,-90.675949
38.965812,-90.676417
38.984096,-90.676397
38.991851,-90.678193
38.998778,-90.682068
39.000049,-90.683683
39.005374,-90.687719
39.007342,-90.688813
39.012169,-90.69
39.016656,-90.692403
39.029074,-90.700595
39.042262,-90.707885
39.046798,-90.71158
39.053977,-90.713629
39.055567,-90.713585
39.057064,-90.712541
39.065568,-90.702136
39.070408,-90.701187
39.071787,-90.700424
39.088348,-90.682744
39.090066,-90.681994
39.10059,-90.681086
39.113567,-90.684518
39.117785,-90.686051
39.12968,-90.694945
39.135439,-90.700464
39.138749,-90.702923
39.143152,-90.705168
39.15086,-90.707902
39.155111,-90.709146
39.172924,-90.709953
39.176366,-90.71048
39.185308,-90.71437
39.197414,-90.717404
39.202791,-90.717427
39.206723,-90.716677
39.210414,-90.716597
39.213912,-90.717113
39.224108,-90.721835
39.230176,-90.721188
39.23273,-90.721593
39.251173,-90.726981
39.255894,-90.72996
39.259098,-90.733976
39.261893,-90.739087
39.264126,-90.748877
39.265432,-90.751599
39.280025,-90.767648
39.290544,-90.773887
39.292811,-90.775673
39.297164,-90.783789
39.302908,-90.790675
39.306957,-90.791689
39.309498,-90.793461
39.313087,-90.799346
39.320496,-90.816851
39.323659,-90.821306
39.340438,-90.840106
39.345272,-90.8475
39.35137,-90.859113
39.367343,-90.893777
39.372354,-90.900095
39.375366,-90.902656
39.377534,-90.902905
39.379403,-90.904862
39.380812,-90.907999
39.381956,-90.914658
39.383687,-90.920976
39.385136,-90.924601
39.387544,-90.928745
39.392127,-90.934007
39.397331,-90.935729
39.39948656,-90.93677822
39.400803,-90.937419
39.402744,-90.939025
39.403984,-90.940766
39.407502,-90.948299
39.408996,-90.957459
39.411948,-90.96748
39.414144,-90.972465
39.41829,-90.977618
39.420462,-90.98302
39.422959,-90.993789
39.427603,-91.003692
39.432661,-91.011954
39.438694,-91.02361
39.448436,-91.03827
39.462122,-91.053058
39.46886,-91.059439
39.474122,-91.062414
39.494643,-91.064305
39.502845,-91.075309
39.507728,-91.079769
39.517141,-91.086292
39.529275,-91.092869
39.538695,-91.100307
39.541098,-91.114305
39.542227,-91.126638
39.545798,-91.148275
39.548248,-91.153628
39.553048,-91.158606
39.558566,-91.163634
39.564928,-91.168419
39.569555,-91.16982
39.581899,-91.171641
39.591975,-91.174232
39.593313,-91.174651
39.598196,-91.178012
39.602677,-91.181936
39.605119,-91.185921
39.615124,-91.21664
39.617603,-91.223328
39.620853,-91.229317
39.630067,-91.241225
39.633064,-91.24356
39.637311,-91.245914
39.64088,-91.248779
39.649024,-91.260475
39.656993,-91.266765
39.665759,-91.27614
39.670134,-91.283329
39.674766,-91.293788
39.679631,-91.302485
39.683957,-91.305348
39.68488092,-91.30668198
39.692591,-91.317814
39.700433,-91.331603
39.709402,-91.3453
39.715279,-91.352749
39.729029,-91.367753
39.732524,-91.370009
39.745042,-91.369953
39.75388,-91.367406
39.755955,-91.366047
39.758723,-91.365125
39.764956,-91.365906
39.77491,-91.365694
39.779388,-91.364848
39.785079,-91.361744
39.787548,-91.361571
39.792804,-91.363444
39.800403,-91.367966
39.80886,-91.375148
39.811273,-91.377971
39.815553,-91.385773
39.821122,-91.397853
39.826472,-91.406223
39.829984,-91.414513
39.837801,-91.429519
39.840554,-91.432919
39.84551,-91.436051
39.870394,-91.446385
39.877951,-91.447844
39.883034,-91.446922
39.893583,-91.443513
39.907729,-91.428956
39.914865,-91.420878
39.916533,-91.41988
39.922126,-91.418807
39.927717,-91.41936
39.932973,-91.421832
39.937765,-91.425782
39.940741,-91.429055
39.94527792,-91.4354775
39.946417,-91.43709
39.951299,-91.44156
39.959502,-91.447236
39.965278,-91.449806
39.971306,-91.454647
39.979015,-91.458852
39.979892,-91.459533
39.981845,-91.463683
39.983995,-91.465315
39.987253,-91.466682
39.990631,-91.467294
39.995327,-91.469247
40.008993,-91.477298
40.019332,-91.484064
40.023201,-91.487351
40.036453,-91.494878
40.057435,-91.489606
40.070951,-91.495365
40.078257,-91.497663
40.090956,-91.500823
40.108126,-91.506006
40.121876,-91.509245
40.127994,-91.510322
40.147091,-91.511749
40.149269,-91.51159
40.156326,-91.508324
40.157665,-91.508224
40.170441,-91.511956
40.178537,-91.513079
40.181062,-91.512974
40.188794,-91.511073
40.191338,-91.509551
40.195606,-91.505495
40.198262,-91.504477
40.2004847,-91.50522531
40.204758,-91.506664
40.209338,-91.507269
40.21555,-91.506947
40.224299,-91.504282
40.231712,-91.504289
40.234305,-91.505968
40.236304,-91.506501
40.238839,-91.505828
40.243474,-91.503231
40.245722,-91.500855
40.247422,-91.498104
40.24876132,-91.49726332
40.259498,-91.490524
40.26234,-91.489969
40.264814,-91.490525
40.269923,-91.492891
40.275262,-91.493061
40.278217,-91.492727
40.286048,-91.489868
40.293426,-91.486078
40.31734,-91.471826
40.322409,-91.469656
40.334461,-91.466603
40.342414,-91.46214
40.35367,-91.452237
40.359129,-91.447835
40.361823,-91.446308
40.36317,-91.444833
40.366569,-91.439342
40.370386,-91.429442
40.371988,-91.426632
40.378264,-91.419422
40.381381,-91.415695
40.382277,-91.413011
40.383127,-91.396996
40.384929,-91.38836
40.387632,-91.381958
40.38967,-91.378422
40.391879,-91.375746
40.399108,-91.372921
40.4012,-91.372554
40.411475,-91.37245
40.417891,-91.373721
40.426335,-91.377625
40.435395,-91.380965
40.442555,-91.381769
40.44604,-91.381468
40.45211,-91.379907
40.456394,-91.378144
40.474642,-91.368074
40.484168,-91.364915
40.490122,-91.36391
40.494211,-91.363683
40.500043,-91.364211
40.510479,-91.367876
40.512532,-91.369059
40.528247,-91.381857
40.530948,-91.384531
40.533069,-91.388067
40.534543,-91.394475
40.536789,-91.400725
40.539127,-91.404125
40.542698,-91.406202
40.547557,-91.406851
40.551831,-91.406373
40.554641,-91.405241
40.559458,-91.401482
40.57445,-91.379752
40.58259,-91.374252
40.601805,-91.359873
40.606553,-91.353989
40.609695,-91.348733
40.613488,-91.339719
40.626231,-91.306524
40.63224,-91.276175
40.633893,-91.264953
40.636672,-91.258249
40.637962,-91.253074
40.63839,-91.247851
40.638437,-91.218437
40.636107,-91.197906
40.637297,-91.18698
40.63807066,-91.18542846
40.653596,-91.154293
40.660893,-91.138055
40.669152,-91.123928
40.670675,-91.122421
40.672777,-91.12082
40.675892,-91.119632
40.691825,-91.115407
40.69627869,-91.11243358
40.697018,-91.11194
40.703262,-91.110927
40.708282,-91.111095
40.719532,-91.113885
40.721895,-91.115158
40.725168,-91.115735
40.745528,-91.110424
40.750935,-91.1082
40.757076,-91.102486
40.763233,-91.098105
40.767134,-91.096133
40.779708,-91.091703
40.786724,-91.091246
40.792909,-91.092256
40.802471,-91.097031
40.805575,-91.097649
40.811617,-91.096846
40.821079,-91.092993
40.824638,-91.090072
40.833405,-91.077521
40.841997,-91.067159
40.846309,-91.058749
40.848387,-91.05643
40.858514,-91.050241
40.864654,-91.047344
40.868356,-91.044653
40.873565,-91.039097
40.875038,-91.036789
40.879173,-91.027489
40.884021,-91.021562
40.896622,-91.01324
40.900565,-91.009536
40.905146,-91.003536
40.90812,-90.9985
40.912141,-90.985462
40.915522,-90.97919
40.919127,-90.968995
40.921633,-90.965344
40.924957,-90.962916
40.936356,-90.960462
40.954047,-90.952233
40.958238,-90.951967
40.962087,-90.952715
40.969858,-90.955111
40.976643,-90.958089
40.979767,-90.958142
40.986805,-90.955201
40.995248,-90.949634
41.006495,-90.945949
41.011917,-90.945054
41.019279,-90.945324
41.034702,-90.942253
41.038472,-90.94232
41.048637,-90.943652
41.052255,-90.944577
41.06173,-90.945549
41.07024959,-90.94899003
41.070611,-90.949136
41.07271001,-90.94938288
41.072711,-90.949383
41.084413,-90.948207
41.094734,-90.946259
41.096632,-90.946627
41.111085,-90.957246
41.119559,-90.965905
41.130107,-90.970851
41.142659,-90.981311
41.155716,-90.989663
41.160624,-90.99496
41.162564,-90.997906
41.166183,-91.007586
41.165922,-91.012557
41.163373,-91.027214
41.16354,-91.030029
41.166138,-91.041536
41.185766,-91.055069
41.199517,-91.065899
41.207151,-91.07298
41.214429,-91.081445
41.222635,-91.093018
41.230532,-91.100829
41.236567,-91.109562
41.239003,-91.112333
41.241401,-91.113648
41.250029,-91.114186
41.256088,-91.110304
41.262104,-91.104462
41.267169,-91.101142
41.286911,-91.092034
41.294371,-91.08688
41.301828,-91.077505
41.305578,-91.074841
41.31344,-91.073233
41.33335835,-91.07195557
41.3335923,-91.07194056
41.339651,-91.071552
41.365246,-91.06652
41.369101,-91.065058
41.385283,-91.05158
41.387556,-91.05101
41.400049,-91.050328
41.4109,-91.047819
41.414085,-91.04589
41.415897,-91.043988
41.418523,-91.039872
41.420017,-91.037131
41.423603,-91.027787
41.425024,-91.01198
41.426135,-91.005846
41.433869,-90.984898
41.434321,-90.979815
41.433985,-90.975168
41.430051,-90.966662
41.425075,-90.953198
41.424163,-90.949791
41.421404,-90.930016
41.42286,-90.924343
41.425589,-90.919351
41.431154,-90.900471
41.435432,-90.890787
41.441065,-90.879778
41.448215,-90.867282
41.452751,-90.857554
41.453909,-90.853604
41.455141,-90.846558
41.455623,-90.837414
41.454467,-90.824736
41.454466,-90.807283
41.452888,-90.786282
41.451261,-90.777583
41.450761,-90.771672
41.449632,-90.750142
41.450127,-90.737537
41.452248,-90.723545
41.454743,-90.701159
41.456643,-90.690951
41.460832,-90.676439
41.460632,-90.666239
41.462132,-90.655839
41.465032,-90.650238
41.473332,-90.640238
41.478732,-90.632538
41.485032,-90.618537
41.494232,-90.605937
41.497032,-90.604237
41.506032,-90.602137
41.511032,-90.595237
41.512832,-90.591037
41.515132,-90.582036
41.516332,-90.571136
41.517532,-90.567236
41.524232,-90.556235
41.526133,-90.540935
41.524933,-90.533035
41.519533,-90.513134
41.518033,-90.500633
41.518233,-90.489933
41.519733,-90.474332
41.523533,-90.461432
41.536133,-90.445231
41.544133,-90.438431
41.549533,-90.432731
41.551533,-90.427231
41.554233,-90.42223
41.562933,-90.41583
41.565333,-90.41283
41.572233,-90.39793
41.576633,-90.381329
41.579633,-90.364128
41.587833,-90.343228
41.590633,-90.341528
41.598633,-90.339528
41.640855,-90.34333
41.646959,-90.343452
41.664532,-90.336729
41.679559,-90.334525
41.682146,-90.332481
41.683954,-90.330222
41.689721,-90.319924
41.69167,-90.317315
41.69483,-90.314687
41.698082,-90.313435
41.702426,-90.31277
41.707528,-90.312893
41.709494,-90.31332
41.718333,-90.317421
41.72269,-90.317668
41.7288848,-90.31635775
41.734264,-90.31522
41.742214,-90.310708
41.750031,-90.302782
41.767358,-90.278633
41.772112,-90.263286
41.775295,-90.258622
41.779805,-90.248631
41.78296451,-90.24238026
41.793133,-90.222263
41.795335,-90.216889
41.79761463,-90.20846706
41.803163,-90.187969
41.80707,-90.181973
41.809354,-90.180954
41.811979,-90.180643
41.822599,-90.18172
41.83307,-90.183973
41.83624,-90.183765
41.843216,-90.181901
41.844647,-90.181401
41.853629,-90.175051
41.857402,-90.173006
41.866149,-90.172765
41.876439,-90.170041
41.883777,-90.165065
41.898019,-90.157019
41.906614,-90.153584
41.915593,-90.153362
41.92891734,-90.15183838
41.931002,-90.1516
41.933058,-90.152659
41.938181,-90.156902
41.940845,-90.160648
41.944934,-90.163847
41.948861,-90.164939
41.956178,-90.164135
41.961293,-90.162141
41.974116,-90.153834
41.978269,-90.148599
41.981329,-90.146225
41.988139,-90.146033
41.995999,-90.140613
42.003252,-90.140061
42.008931,-90.141167
42.014881,-90.143776
42.020014,-90.148096
42.022679,-90.149112
42.026564,-90.149733
42.02944,-90.150916
42.030633,-90.151579
42.033073,-90.154221
42.037769,-90.158829
42.040407,-90.163446
42.042105,-90.164485
42.050973,-90.165294
42.062638,-90.165555
42.075779,-90.168358
42.087613,-90.163405
42.098912,-90.161504
42.106372,-90.161159
42.11378,-90.161884
42.116718,-90.162895
42.122475,-90.167533
42.125198,-90.17097
42.125423,-90.187474
42.125779,-90.190452
42.128163,-90.197342
42.130937,-90.201404
42.139079,-90.20536
42.1455,-90.206369
42.149109,-90.207421
42.15268,-90.209479
42.15673,-90.216107
42.160028,-90.224244
42.165431,-90.234919
42.171469,-90.250129
42.171821,-90.255456
42.1745,-90.26908
42.178846,-90.282173
42.187576,-90.298442
42.19357484,-90.31710762
42.193789,-90.317774
42.201047,-90.328273
42.203321,-90.338169
42.205445,-90.356964
42.210526,-90.365138
42.214811,-90.375129
42.225473,-90.391108
42.229059,-90.394749
42.233133,-90.395883
42.239293,-90.400653
42.247749,-90.410471
42.251679,-90.416315
42.254467,-90.419326
42.259899,-90.422181
42.266364,-90.424098
42.27823,-90.430884
42.284211,-90.430735
42.290719,-90.426909
42.293326,-90.424326
42.305374,-90.420454
42.31169,-90.4203
42.316109,-90.421047
42.317681,-90.420075
42.319943,-90.417125
42.321314,-90.4162
42.322699,-90.415937
42.325109,-90.416535
42.328505,-90.419027
42.330472,-90.42135
42.332615,-90.425363
42.33686,-90.430546
42.355218,-90.443874
42.357041,-90.44632
42.359303,-90.452724
42.367253,-90.462619
42.369452,-90.464788
42.378355,-90.470273
42.38145821,-90.47381217
42.381729,-90.474121
42.383794,-90.477279
42.384616,-90.480148
42.38453,-90.484621
42.385141,-90.487154
42.387093,-90.490334
42.392406,-90.495766
42.395539,-90.500128
42.398792,-90.506829
42.403019,-90.517516
42.413115,-90.548068
42.416138,-90.555018
42.419258,-90.55755
42.420984,-90.558168
42.428517,-90.558801
42.432897,-90.560439
42.438742,-90.565248
42.440389,-90.567968
42.441701,-90.570736
42.444437,-90.582128
42.447493,-90.590416
42.451505,-90.606328
42.458904,-90.624328
42.471904,-90.646727
42.478503,-90.654027
42.483603,-90.656327
42.489203,-90.656527
42.491703,-90.655927
42.498102,-90.648627
42.508302,-90.640927
42.508077,-90.617731
42.508053,-90.614589
42.5076,-90.565441
42.507509,-90.555862
42.507691,-90.551165
42.507713,-90.544799
42.507707,-90.544347
42.507573,-90.532254
42.507624,-90.491716
42.507416,-90.479446
42.507484,-90.474955
42.507147,-90.437011
42.50705943,-90.42637794
42.506891,-90.405927
42.507111,-90.370673
42.507114,-90.367874
42.507048,-90.362652
42.507469,-90.303823
42.507531,-90.272864
42.507726,-90.269335
42.507642,-90.267143
42.50734,-90.253121
42.507521,-90.250622
42.507765,-90.22319
42.507747,-90.206073
42.508068,-90.181572
42.508272,-90.164363
42.508151,-90.142922
42.507885,-90.095004
42.50816,-90.093026
42.508275,-90.07367
42.507288,-90.018665
42.507127,-90.017028
42.506914,-89.999314
42.506755,-89.997213
42.506431,-89.985645
42.506464,-89.985072
42.505626,-89.955291
42.505787,-89.926484
42.505788,-89.926374
42.50578759,-89.92622398
42.50554263,-89.83758746
42.505444,-89.801897
42.505421,-89.799704
42.505466,-89.793957
42.505349,-89.780302
42.505322,-89.769643
42.505382,-89.742395
42.505099,-89.693487
42.505191,-89.690088
42.50496,-89.667596
42.504613,-89.650324
42.50452,-89.644176
42.503942,-89.61341
42.503557,-89.603523
42.503672,-89.600001
42.503468,-89.594779
42.502628,-89.564407
42.501889,-89.522542
42.501514,-89.493216
42.501514,-89.492612
42.501426,-89.4843
42.500726,-89.425162
42.500818,-89.423926
42.50068,-89.422567
42.500589,-89.420991
42.500433,-89.401432
42.50043293,-89.40141639
42.500274,-89.366031