2432,Louisiana
29.62100258,-89.48670868
29.62044716,-89.48693085
29.63150787,-89.50473785
29.63942719,-89.52301788
29.6485672,-89.53520203
29.65283394,-89.58333588
29.65770721,-89.60892487
29.65710068,-89.62110901
29.6625843,-89.62355042
29.67172432,-89.63269806
29.67538071,-89.64427185
29.67294121,-89.64974976
29.64796066,-89.64122772
29.63577271,-89.64122772
29.62541389,-89.64732361
29.6241951,-89.6576767
29.62663269,-89.67473602
29.62480354,-89.68448639
29.61505508,-89.68814087
29.60286713,-89.68448639
29.58824348,-89.67108154
29.58032227,-89.66864777
29.56326294,-89.68448639
29.55107307,-89.68448639
29.534487,-89.681092
29.525004,-89.69623
29.52342283,-89.69969786
29.52078451,-89.70084495
29.51596671,-89.70050082
29.50855875,-89.69387665
29.49002017,-89.66581316
29.4923427,-89.64403944
29.48929438,-89.63532996
29.468298,-89.617558
29.456303,-89.596533
29.449822,-89.592474
29.43766248,-89.58953616
29.433692,-89.577096
29.435734,-89.574635
29.4411,-89.574653
29.465723,-89.548686
29.454702,-89.528429
29.434567,-89.53215
29.425679,-89.531943
29.40023,-89.518368
29.386168,-89.508551
29.38604,-89.505038
29.393346,-89.487308
29.397471,-89.484354
29.406222,-89.482318
29.411241,-89.47714
29.401471,-89.470142
29.393148,-89.457303
29.390628,-89.42238
29.391785,-89.380001
29.387175,-89.373109
29.381569,-89.355528
29.381412,-89.340304
29.378228,-89.336589
29.365,-89.347615
29.349544,-89.350694
29.343982,-89.32317
29.357455,-89.303766
29.356467,-89.283028
29.351195,-89.272543
29.345352,-89.2653
29.336872,-89.257852
29.322802,-89.253545
29.310081,-89.24087
29.31379193,-89.2241923
29.318066,-89.223444
29.324412,-89.219734
29.338674,-89.204703
29.344418,-89.200389
29.347672,-89.200599
29.345061,-89.189354
29.339608,-89.179547
29.33521,-89.177351
29.32697,-89.178221
29.303039,-89.165015
29.296691,-89.157593
29.291085,-89.140275
29.27934,-89.134337
29.275239,-89.136979
29.265632,-89.129688
29.25022,-89.100106
29.24293,-89.096173
29.238028,-89.095544
29.232963,-89.098389
29.231608,-89.105833
29.215912,-89.106244
29.206314,-89.10065
29.199992,-89.090724
29.204166,-89.068265
29.208636,-89.067371
29.220956,-89.029103
29.218162,-89.02185
29.211561,-89.015192
29.180091,-89.000674
29.164949,-89.00529
29.16328,-89.013254
29.165046,-89.018344
29.170043,-89.024269
29.162528,-89.043919
29.157833,-89.047233
29.14238,-89.03873
29.144747,-89.032004
29.137298,-89.024149
29.1337,-89.023942
29.130126,-89.026031
29.106554,-89.051953
29.084167,-89.055475
29.070234,-89.062335
29.066931,-89.09126
29.067984,-89.098068
29.073641,-89.105009
29.069074,-89.121542
29.047591,-89.143453
29.028782,-89.156339
29.01586,-89.162
29.01171278,-89.16232573
29.0087031,-89.16478819
29.0087031,-89.16984992
29.01212319,-89.17573247
29.017993,-89.186061
29.025486,-89.18215
29.032635,-89.189893
29.029701,-89.197871
29.031603,-89.202563
29.040813,-89.211144
29.056371,-89.216101
29.06141,-89.215531
29.067275,-89.217201
29.07866,-89.225865
29.084605,-89.23631
29.083261,-89.254726
29.081086,-89.257283
29.0738,-89.256869
29.064954,-89.25364
29.058358,-89.259354
29.053325,-89.283215
29.053097,-89.29109
29.04637851,-89.30488799
29.039081,-89.315389
29.035342,-89.318102
29.032662,-89.315182
29.013805,-89.32485
29.015003,-89.335228
29.0129348,-89.33824924
28.947434,-89.383814
28.925011,-89.41148
28.929709,-89.419865
28.957504,-89.412388
28.965341,-89.408157
28.977016,-89.398104
28.981525,-89.382106
28.985368,-89.375049
29.040335,-89.334735
29.052221,-89.339828
29.072543,-89.354798
29.084174,-89.374522
29.086936,-89.405654
29.105838,-89.411154
29.127855,-89.409371
29.13869,-89.417718
29.14451,-89.428965
29.149023,-89.432932
29.178576,-89.447472
29.190991,-89.455829
29.20755,-89.47231
29.215053,-89.482844
29.236212,-89.5366
29.252023,-89.606651
29.289028,-89.671781
29.296679,-89.697258
29.304026,-89.726162
29.311132,-89.782149
29.310241,-89.819859
29.311768,-89.850305
29.334997,-89.855109
29.34064,-89.853699
29.349186,-89.847124
29.359043,-89.835
29.377486,-89.820824
29.38438511,-89.81691599
29.3935179,-89.81615491
29.39884536,-89.81691599
29.40417282,-89.81919916
29.40950025,-89.82224342
29.41558881,-89.82604875
29.41853777,-89.83539175
29.42167735,-89.84355325
29.43461544,-89.8450754
29.4540403,-89.83677317
29.45668632,-89.83365941
29.4597306,-89.83365941
29.46353591,-89.83289833
29.46734127,-89.83365941
29.47038552,-89.83442049
29.47342977,-89.84050899
29.47799618,-89.84964181
29.47647406,-89.86257991
29.472168,-89.876224
29.460011,-89.902179
29.444254,-89.918999
29.42928795,-89.93259791
29.4285269,-89.9554299
29.43287363,-89.96195
29.43461544,-89.96456272
29.44374823,-89.97293443
29.44831574,-89.97732627
29.46353591,-89.99196106
29.46277486,-90.01250984
29.45211994,-90.01859838
29.44450928,-90.02240368
29.43201483,-90.02946575
29.42700478,-90.03229752
29.41254453,-90.03153647
29.393274,-90.033295
29.38813554,-90.0294679
29.38665813,-90.02961382
29.38308704,-90.02996652
29.37504286,-90.03076101
29.37500803,-90.03076445
29.37487596,-90.03085468
29.37085106,-90.03360448
29.368201,-90.035415
29.363661,-90.036374
29.34862447,-90.03284236
29.34425054,-90.03181505
29.32266055,-90.03427467
29.30708296,-90.02853556
29.30271031,-90.01377785
29.29478487,-90.00967848
29.28425686,-90.01628793
29.28221349,-90.01951697
29.28002716,-90.03208835
29.28248678,-90.04329327
29.28133122,-90.05709449
29.27674767,-90.0610572
29.2726483,-90.05969075
29.26772907,-90.06051062
29.26253654,-90.07062239
29.25925704,-90.08674655
29.26144337,-90.09111921
29.26198996,-90.09767819
29.25980362,-90.10123098
29.24067326,-90.09603845
29.22728199,-90.07335529
29.21061124,-90.07335529
29.2086982,-90.07062239
29.2094742,-90.06361029
29.211765,-90.04291
29.231903,-90.019772
29.240627,-90.005718
29.255753,-89.969981
29.259126,-89.965667
29.267677,-89.959509
29.266124,-89.951175
29.263154,-89.949925
29.260801,-89.950756
29.253744,-89.95646
29.216065,-90.022029
29.183687,-90.058512
29.16997,-90.079276
29.16257427,-90.08868408
29.150407,-90.104162
29.105301,-90.174273
29.085075,-90.223587
29.08773,-90.231984
29.085824,-90.245283
29.057062,-90.343293
29.057817,-90.348768
29.063681,-90.349891
29.075138,-90.325514
29.07733173,-90.30412861
29.07876127,-90.29293046
29.082326,-90.282983
29.089421,-90.26629
29.09162722,-90.25814475
29.09377155,-90.25314131
29.10091929,-90.24980571
29.10806705,-90.25004396
29.11044964,-90.24384924
29.110268,-90.234235
29.128824,-90.234405
29.136311,-90.243435
29.13837,-90.248629
29.139242,-90.26901
29.142521,-90.280516
29.150691,-90.27832
29.171317,-90.297
29.175098,-90.302846
29.187948,-90.302948
29.196171,-90.300885
29.199789,-90.293183
29.192545,-90.2828
29.193668,-90.275851
29.204639,-90.271251
29.225694,-90.286621
29.231241,-90.300304
29.237954,-90.311663
29.256374,-90.311523
29.264777,-90.316093
29.276956,-90.332796
29.274128,-90.367166
29.270736,-90.368154
29.264956,-90.367012
29.258923,-90.372565
29.252786,-90.387924
29.235606,-90.383857
29.201046,-90.399465
29.196421,-90.408578
29.19613539,-90.40941648
29.188132,-90.432912
29.188449,-90.435907
29.19583,-90.443954
29.192688,-90.472489
29.195224,-90.473273
29.198469,-90.468773
29.202549,-90.467233
29.209843,-90.485786
29.216713,-90.494928
29.220883,-90.490987
29.227532,-90.46832
29.242951,-90.465764
29.249809,-90.462866
29.263739,-90.450674
29.26625,-90.452186
29.272556,-90.472779
29.287277,-90.495299
29.290925,-90.510555
29.282719,-90.517277
29.276492,-90.526216
29.278512,-90.552005
29.285111,-90.565436
29.276037,-90.582525
29.248521,-90.589724
29.245863,-90.58847
29.242886,-90.583924
29.243986,-90.576506
29.242475,-90.565378
29.23068342,-90.54454734
29.22784296,-90.54324547
29.22429238,-90.54431064
29.21991333,-90.55650097
29.207881,-90.55739
29.204261,-90.560889
29.206827,-90.575277
29.20329,-90.618413
29.210366,-90.624161
29.211004,-90.62742
29.209128,-90.633819
29.196554,-90.640223
29.175867,-90.645612
29.172958,-90.645169
29.171261,-90.640863
29.164572,-90.636973
29.12858,-90.647042
29.118742,-90.677724
29.121722,-90.691109
29.12147,-90.700893
29.116611,-90.718035
29.122886,-90.731239
29.113374,-90.764189
29.100133,-90.773458
29.087377,-90.799444
29.083322,-90.802053
29.063709,-90.803699
29.054841,-90.79872
29.049431,-90.781981
29.049403,-90.765188
29.053247,-90.750092
29.066616,-90.7253
29.064305,-90.709105
29.062679,-90.70535
29.06027546,-90.70210229
29.05960671,-90.69220487
29.0609442,-90.68364495
29.06361918,-90.6769575
29.0672304,-90.66558885
29.06923663,-90.65234771
29.07151037,-90.64418903
29.07231286,-90.64124655
29.07284785,-90.63924032
29.072084,-90.637623
29.069792,-90.636033
29.066608,-90.637495
29.062649,-90.648058
29.042259,-90.730899
29.038997,-90.755677
29.039741,-90.79768
29.03658,-90.811473
29.039167,-90.839345
29.042947,-90.842762
29.048721,-90.844849
29.054266,-90.841226
29.06728,-90.844593
29.094863,-90.862757
29.095434,-90.867766
29.104891,-90.877583
29.117016,-90.885351
29.131342,-90.898215
29.153116,-90.925797
29.162373,-90.941877
29.174104,-90.948091
29.180817,-90.961278
29.171211,-90.981458
29.169481,-91.000096
29.174784,-91.023955
29.182188,-91.031786
29.181734,-91.05863
29.187711,-91.094015
29.207918,-91.11476
29.215863,-91.129141
29.221287,-91.199647
29.226051,-91.219032
29.247776,-91.278792
29.265958,-91.302677
29.298775,-91.334885
29.3058164,-91.3327497
29.305698,-91.309314
29.30901714,-91.29905395
29.311357,-91.291821
29.31306209,-91.29042003
29.32605849,-91.27974171
29.329825,-91.276647
29.33278272,-91.27618742
29.344878,-91.274308
29.3554147,-91.27058224
29.35691219,-91.27005273
29.357231,-91.26994
29.361218,-91.266589
29.36176725,-91.26547856
29.36865876,-91.2515457
29.3688138,-91.25123224
29.36966222,-91.24951695
29.369864,-91.249109
29.37057963,-91.24555798
29.371999,-91.238515
29.370638,-91.235348
29.36070335,-91.22237742
29.36070335,-91.20729869
29.36988171,-91.19746471
29.38954964,-91.20008712
29.407235,-91.218463
29.4125054,-91.21597557
29.41608863,-91.21428442
29.420931,-91.211999
29.42754187,-91.21509959
29.432549,-91.217448
29.43319339,-91.21806676
29.43441771,-91.21924239
29.436421,-91.221166
29.441021,-91.24164
29.44448345,-91.25131944
29.446954,-91.258226
29.45800052,-91.25953717
29.46058201,-91.25984358
29.46180273,-91.25998848
29.462102,-91.260024
29.4649541,-91.26158765
29.472362,-91.265649
29.481547,-91.2813
29.476894,-91.294325
29.48588581,-91.33574168
29.492593,-91.343567
29.504538,-91.34588
29.515191,-91.356625
29.511914,-91.402214
29.515745,-91.420449
29.520215,-91.42713
29.5328299,-91.43233655
29.54043421,-91.43994086
29.544749,-91.447345
29.544299,-91.468748
29.52973992,-91.5172737
29.53154281,-91.53102075
29.53537395,-91.53147147
29.545946,-91.52584
29.551904,-91.525523
29.558598,-91.529217
29.565888,-91.537445
29.594353,-91.541974
29.632766,-91.553537
29.63735,-91.560908
29.638312,-91.570589
29.637165,-91.581843
29.631156,-91.600179
29.626195,-91.625114
29.630625,-91.643832
29.63363507,-91.64894085
29.63671274,-91.64865738
29.639427,-91.646478
29.640274,-91.643198
29.647217,-91.637344
29.662132,-91.627286
29.671679,-91.625114
29.684753,-91.626826
29.69924,-91.623829
29.710816,-91.618479
29.720694,-91.61809
29.735429,-91.621512
29.742576,-91.632829
29.745822,-91.667128
29.738993,-91.710935
29.74937,-91.737253
29.748264,-91.752259
29.740689,-91.783674
29.718918,-91.830499
29.708763,-91.845962
29.703121,-91.85864
29.7071497,-91.8665159
29.710839,-91.88075
29.71333814,-91.88099884
29.716087,-91.878331
29.72231597,-91.87563664
29.72247116,-91.87556951
29.7280426,-91.87556951
29.73500689,-91.87835522
29.74266763,-91.87974807
29.75102477,-91.87835522
29.760083,-91.874761
29.783331,-91.859151
29.80743558,-91.85467662
29.8283285,-91.86999806
29.836023,-91.889118
29.83094,-91.90689
29.815654,-91.915989
29.815379,-91.919143
29.817008,-91.940723
29.81022132,-91.96123039
29.80431044,-91.97044269
29.799217,-91.978381
29.794516,-91.983871
29.781662,-92.035666
29.772313,-92.056398
29.744429,-92.107486
29.716418,-92.144431
29.697052,-92.149349
29.669516,-92.134347
29.660462,-92.132804
29.62177,-92.111787
29.618694,-92.093419
29.619967,-92.06564
29.624527,-92.04767
29.625647,-92.02532
29.618741,-92.01627
29.61314262,-92.0003711
29.613013,-92.000003
29.608019,-91.965031
29.610291,-91.939903
29.612239,-91.935024
29.61884,-91.929567
29.633173,-91.922825
29.63701,-91.898996
29.634618,-91.896763
29.62977,-91.882318
29.631583,-91.866113
29.633739,-91.863018
29.62962,-91.841294
29.624475,-91.838981
29.619913,-91.840921
29.616041,-91.838297
29.606049,-91.821693
29.599562,-91.803831
29.595204,-91.784976
29.58922,-91.7785
29.582113,-91.774805
29.576387,-91.774686
29.574337,-91.74632
29.565568,-91.719102
29.565844,-91.715642
29.5647403,-91.71200182
29.56101151,-91.70920523
29.55427,-91.711654
29.539504,-91.733956
29.535144,-91.747058
29.520844,-91.765448
29.504871,-91.771927
29.499016,-91.772529
29.493812,-91.770069
29.488953,-91.770516
29.482882,-91.782387
29.482081,-91.789119
29.486828,-91.800121
29.486851,-91.803448
29.482061,-91.814609
29.473925,-91.821576
29.478874,-91.8385
29.484144,-91.848665
29.494984,-91.852598
29.502393,-91.862324
29.502937,-91.878746
29.505577,-91.886815
29.518052,-91.906175
29.518513,-91.915322
29.53316,-91.947007
29.536893,-91.969312
29.547708,-91.985726
29.566805,-92.02681
29.57864,-92.035462
29.58164819,-92.04116821
29.584362,-92.046316
29.583842,-92.066533
29.586335,-92.105923
29.581616,-92.158624
29.562479,-92.21259
29.53935405,-92.25185968
29.533434,-92.280392
29.533026,-92.309357
29.539394,-92.347236
29.551269,-92.402165
29.561081,-92.473585
29.569935,-92.558602
29.578729,-92.61627
29.57909246,-92.61772526
29.588065,-92.653651
29.617608,-92.744126
29.670028,-92.871232
29.701033,-92.940455
29.71398,-92.974305
29.740966,-93.065354
29.749125,-93.088182
29.770487,-93.17693
29.777519,-93.226934
29.778113,-93.267456
29.775071,-93.295573
29.763402,-93.342104
29.759618,-93.344993
29.759046,-93.347331
29.763049,-93.372029
29.768949,-93.438973
29.769242,-93.475252
29.763299,-93.538462
29.755649,-93.590786
29.752806,-93.635304
29.747153,-93.68364
29.736343,-93.741948
29.7295,-93.766048
29.71526,-93.79925
29.704076,-93.818995
29.690619,-93.837971
29.724059,-93.863204
29.735482,-93.87002
29.73777,-93.873941
29.742234,-93.888821
29.744618,-93.891637
29.753033,-93.893829
29.761673,-93.890821
29.767289,-93.893862
29.771577,-93.89847
29.785048,-93.922407
29.78956,-93.926504
29.79708,-93.928808
29.802952,-93.929208
29.80964,-93.927992
29.818808,-93.922744
29.824968,-93.91636
29.836967,-93.900728
29.843159,-93.890679
29.85165,-93.872446
29.857177,-93.86357
29.864099,-93.85514
29.864991,-93.85434264
29.882855,-93.838374
29.894359,-93.830374
29.914822,-93.818998
29.920726,-93.81655
29.935126,-93.813735
29.954549,-93.807815
29.987812,-93.789431
29.99058,-93.786935
30.021571,-93.741078
30.023987,-93.739734
30.032627,-93.739158
30.037283,-93.737446
30.05116175,-93.72279141
30.053043,-93.720805
30.054291,-93.70394
30.056274,-93.70082
30.05925,-93.699396
30.063666,-93.70058
30.065474,-93.70218
30.069122,-93.716405
30.081282,-93.731605
30.08613,-93.734085
30.088914,-93.732485
30.09413,-93.723765
30.112721,-93.702436
30.137376,-93.701252
30.138608,-93.698276
30.135185,-93.69498
30.135217,-93.692868
30.141376,-93.688212
30.152944,-93.697748
30.173936,-93.703764
30.180671,-93.710468
30.193439,-93.717397
30.209852,-93.720946
30.218542,-93.71922
30.225261,-93.713359
30.242752,-93.705083
30.24418477,-93.70551931
30.249937,-93.707271
30.271827,-93.709132
30.27551278,-93.70718986
30.28118733,-93.70660785
30.28831691,-93.70864487
30.29137244,-93.7111184
30.29428247,-93.71431943
30.29500998,-93.71868447
30.295134,-93.72422
30.303794,-93.738699
30.329924,-93.760328
30.330223,-93.764265
30.333318,-93.765822
30.356166,-93.756352
30.37070915,-93.75589427
30.387077,-93.758554
30.390423,-93.757654
30.396288,-93.751437
30.397022,-93.745333
30.40226254,-93.74024454
30.420729,-93.722314
30.429947,-93.702665
30.440583,-93.6978
30.443838,-93.697828
30.457748,-93.705845
30.494006,-93.716678
30.5064,-93.710117
30.518562,-93.714322
30.525671,-93.727721
30.52996,-93.732793
30.539569,-93.740253
30.544842,-93.729195
30.556978,-93.725847
30.566487,-93.727746
30.57407,-93.727844
30.588479,-93.712454
30.594382,-93.692869
30.592759,-93.689534
30.59160108,-93.68728216
30.59258558,-93.68432867
30.59610164,-93.68123454
30.59975834,-93.67982812
30.60299311,-93.68081261
30.608041,-93.683397
30.625201,-93.685121
30.640763,-93.6831
30.658034,-93.670354
30.670184,-93.654971
30.673058,-93.638213
30.67994,-93.629904
30.695159,-93.621093
30.704122,-93.620774
30.71398,-93.616184
30.718053,-93.611192
30.723139,-93.609544
30.729182,-93.609719
30.738479,-93.617688
30.742002,-93.619129
30.757657,-93.607757
30.763986,-93.592828
30.77776,-93.589896
30.786681,-93.589381
30.796663,-93.584265
30.802047,-93.578395
30.802969,-93.569303
30.806218,-93.563243
30.807739,-93.561666
30.824941,-93.554057
30.83514,-93.553626
30.839974,-93.558172
30.86882182,-93.5586079
30.869424,-93.558617
30.87430998,-93.56542768
30.87852439,-93.5674506
30.88830183,-93.56778775
30.89504489,-93.56424764
30.90145081,-93.55649313
30.91122825,-93.55565024
30.91864561,-93.55194155
30.92100569,-93.54924433
30.92151142,-93.54688426
30.92083711,-93.54502991
30.920064,-93.542489
30.924534,-93.530936
30.930035,-93.526147
30.939411,-93.526245
30.950696,-93.532549
30.967118,-93.549841
30.971286,-93.560533
30.977981,-93.567972
30.98761428,-93.57190576
30.99671532,-93.56976433
31.00153352,-93.56797982
31.00456719,-93.56601685
31.00599481,-93.56262626
31.003919,-93.555581
31.008498,-93.539526
31.02366153,-93.51694262
31.02955043,-93.51640726
31.03258411,-93.51694262
31.037842,-93.523248
31.05167845,-93.53121876
31.055264,-93.532069
31.05756735,-93.52925579
31.06060104,-93.52532986
31.06524078,-93.52300998
31.07077278,-93.52604366
31.07469872,-93.53104031
31.078003,-93.540129
31.08298919,-93.54664377
31.09111129,-93.55103409
31.09725774,-93.55169264
31.10516032,-93.549717
31.11350194,-93.54137538
31.12184355,-93.53961925
31.12886807,-93.5402778
31.135889,-93.544702
31.14313661,-93.54488764
31.14884404,-93.54488764
31.15301485,-93.54400958
31.156579,-93.540253
31.15862,-93.53683
31.180817,-93.531744
31.184463,-93.533307
31.185614,-93.535097
31.186601,-93.548931
31.18560509,-93.55253995
31.185575,-93.552649
31.182482,-93.560943
31.177574,-93.569563
31.167422,-93.579215
31.165581,-93.588503
31.174679,-93.598828
31.176158,-93.600308
31.182541,-93.602443
31.205403,-93.607288
31.21528598,-93.60431947
31.22079413,-93.60431947
31.22415275,-93.60525989
31.22724268,-93.6074094
31.22966089,-93.60982761
31.23395993,-93.61600748
31.244595,-93.616308
31.251631,-93.614288
31.259375,-93.613942
31.271025,-93.620343
31.269508,-93.642516
31.281736,-93.657004
31.297975,-93.668928
31.30104,-93.67544
31.301771,-93.684039
31.305166,-93.68688
31.309835,-93.687851
31.330483,-93.677277
31.353012,-93.668439
31.35518423,-93.66582539
31.35769821,-93.66466509
31.36001881,-93.66369818
31.36195264,-93.66389156
31.36388648,-93.66505187
31.36640045,-93.66891952
31.37181518,-93.66969306
31.37510269,-93.66814599
31.37935712,-93.66853276
31.387184,-93.670182
31.393352,-93.671644
31.397681,-93.674117
31.409392,-93.695866
31.409334,-93.701611
31.410881,-93.704879
31.4189,-93.704678
31.42840867,-93.69760315
31.43778363,-93.70092975
31.442995,-93.709416
31.46869,-93.749476
31.4752761,-93.7498699
31.47892877,-93.7498699
31.48095804,-93.74784064
31.48197267,-93.74560845
31.483535,-93.741885
31.484622,-93.737168
31.49211899,-93.73099774
31.4967863,-93.72876555
31.50409165,-93.72592458
31.51159993,-93.72673629
31.51322334,-93.73343286
31.51504968,-93.73931773
31.51707894,-93.74033236
31.520101,-93.741111
31.52255796,-93.74154992
31.525196,-93.74337626
31.52600771,-93.746826
31.52621064,-93.7498699
31.52560186,-93.75189917
31.525331,-93.75386
31.523933,-93.760062
31.525384,-93.780835
31.527344,-93.787687
31.534044,-93.798087
31.554826,-93.818582
31.558221,-93.820764
31.56813,-93.822958
31.58620998,-93.83492332
31.586211,-93.834924
31.599075,-93.839383
31.606795,-93.838057
31.616551,-93.827852
31.614228,-93.823977
31.614556,-93.818717
31.622509,-93.816838
31.647892,-93.818037
31.661022,-93.825661
31.666919,-93.826462
31.673967,-93.822051
31.672146,-93.817425
31.685664,-93.804479
31.69318633,-93.80245162
31.69778308,-93.80269355
31.70068629,-93.80341935
31.70423183,-93.80727027
31.70548099,-93.81030394
31.70744396,-93.81458678
31.71190525,-93.81583594
31.71904331,-93.8156575
31.72885814,-93.81904808
31.734397,-93.824579
31.74581104,-93.83064742
31.75455517,-93.83011207
31.75937,-93.827343
31.773559,-93.822598
31.775098,-93.823443
31.777741,-93.827451
31.78022679,-93.83119707
31.78330906,-93.83464921
31.78873386,-93.83686845
31.79415866,-93.83686845
31.79859713,-93.83995073
31.802021,-93.846188
31.805467,-93.85339
31.816837,-93.870917
31.821661,-93.874761
31.840611,-93.874822
31.84397677,-93.87929446
31.847606,-93.884117
31.85691377,-93.88814857
31.8676929,-93.88919654
31.87338189,-93.89698146
31.880063,-93.901888
31.88595754,-93.90117335
31.89059855,-93.90476639
31.89314362,-93.90955711
31.892861,-93.915949
31.89074826,-93.91958769
31.88985,-93.92392928
31.89149681,-93.92767204
31.89553898,-93.93246276
31.90377304,-93.93500783
31.90691695,-93.93800204
31.90856376,-93.94354131
31.910563,-93.953546
31.920384,-93.971712
31.926419,-93.977461
31.98166835,-94.01279626
31.990843,-94.018664
31.995865,-94.029283
31.992437,-94.038412
31.992402,-94.041833
31.999265,-94.04272
32.056012,-94.0427
32.119914,-94.042337
32.125163,-94.042752
32.137956,-94.042681
32.158097,-94.042591
32.166826,-94.042539
32.166894,-94.042566
32.19600496,-94.04262053
32.218146,-94.042662
32.26962,-94.042732
32.269696,-94.042733
32.363559,-94.042739
32.373332,-94.042763
32.392283,-94.042901
32.399918,-94.042923
32.400659,-94.042899
32.435507,-94.042986
32.439891,-94.042908
32.470386,-94.042903
32.471348,-94.042875
32.472906,-94.042902
32.478004,-94.042995
32.480261,-94.042955
32.4843,-94.043072
32.486561,-94.043089
32.492852,-94.042911
32.505145,-94.042885
32.513613,-94.043081
32.559502,-94.043142
32.564261,-94.043083
32.610142,-94.042919
32.61826,-94.042929
32.622015,-94.042926
32.640305,-94.042824
32.643466,-94.04278
32.655127,-94.042913
32.69303,-94.04314699
32.693031,-94.043147
32.767991,-94.042947
32.776863,-94.043027
32.780558,-94.042938
32.785277,-94.042829
32.786973,-94.042747
32.797476,-94.043026
32.871486,-94.042785
32.880446,-94.043025
32.880965,-94.042886
32.88108856,-94.04288572
32.892771,-94.042859
32.898911,-94.042885
32.910021,-94.043092
32.937903,-94.043067
32.955592,-94.043088
33.019219,-94.042964
33.019188,-94.041444
33.019145,-94.035839
33.019139,-94.027983
33.019207,-94.024475
33.019372,-93.814553
33.01938097,-93.80491642
33.019457,-93.723273
33.018643,-93.531499
33.018637,-93.524916
33.01861612,-93.520994
33.018616,-93.520971
33.018442,-93.490893
33.01844227,-93.49051998
33.018443,-93.489506
33.018611,-93.467042
33.018234,-93.377134
33.018337,-93.340353
33.018179,-93.308398
33.018156,-93.308181
33.017992,-93.238607
33.018393,-93.215653
33.017951,-93.197402
33.017856,-93.154351
33.01774,-93.101443
33.017786,-93.100981
33.017928,-93.081428
33.017898,-93.073167
33.017792,-93.070686
33.0172979,-92.98870781
33.017192,-92.971137
33.016807,-92.946553
33.016062,-92.86751
33.016132,-92.854167
33.01607,-92.844286
33.016034,-92.844073
33.015661,-92.830798
33.014836,-92.796533
33.014347,-92.733197
33.014351,-92.724994
33.01434699,-92.72474283
33.014328,-92.723553
33.014398,-92.715884
33.014307,-92.711289
33.012161,-92.503776
33.01216,-92.501383
33.01201,-92.469762
33.010717,-92.37029
33.010628,-92.362865
33.010349,-92.335893
33.010103,-92.292664
33.00908,-92.222825
33.008163,-92.069105
33.007428,-91.951958
33.00752,-91.950001
33.007728,-91.875128
33.00701,-91.755068
33.007569,-91.735531
33.006639,-91.62667
33.006717,-91.617615
33.006556,-91.609001
33.006518,-91.579802
33.006472,-91.579639
33.006908,-91.572326
33.00684,-91.559494
33.006784,-91.500118
33.006182,-91.489176
33.00590957,-91.46040005
33.005843,-91.453369
33.006099,-91.435782
33.006016,-91.425466
33.005794,-91.376016
33.005529,-91.333011
33.005421,-91.329767
33.005376,-91.326396
33.005364,-91.325037
33.005341,-91.322506
33.005262,-91.312016
33.005007,-91.284398
33.005084,-91.265018
33.004106,-91.166073
33.002238,-91.166195
32.992132,-91.168973
32.986088,-91.173308
32.978639,-91.182158
32.976194,-91.186983
32.96482,-91.197433
32.963561,-91.199646
32.961212,-91.201842
32.957332,-91.20203
32.954982,-91.20119
32.952314,-91.199415
32.944393,-91.20744
32.939845,-91.210705
32.936076,-91.21282
32.93032,-91.214027
32.927198,-91.213972
32.922104,-91.212837
32.919624,-91.211597
32.915354,-91.208263
32.908512,-91.199775
32.906784,-91.196785
32.901446,-91.181631
32.899998,-91.175405
32.899391,-91.170235
32.899879,-91.159975
32.901935,-91.15169
32.905494,-91.145076
32.917676,-91.134041
32.923122,-91.132115
32.926919,-91.131304
32.930049,-91.131289
32.946164,-91.135507
32.952756,-91.137863
32.95652,-91.137167
32.957349,-91.136628
32.959056,-91.133335
32.960928,-91.131243
32.962257,-91.130721
32.963815,-91.130947
32.966541,-91.13305
32.96955,-91.137524
32.971352,-91.138585
32.979657,-91.135517
32.980533,-91.134414
32.984669,-91.125107
32.988361,-91.111757
32.988938,-91.106581
32.986412,-91.09693
32.984371,-91.094265
32.981174,-91.090887
32.976266,-91.086802
32.962794,-91.080355
32.951818,-91.078904
32.950123,-91.080507
32.949435,-91.081892
32.947909,-91.083084
32.944768,-91.081913
32.943206,-91.080431
32.937832,-91.072075
32.936036,-91.070547
32.926464,-91.064804
32.922692,-91.063875
32.91652,-91.064854
32.906364,-91.063684
32.903709,-91.063809
32.901064,-91.064449
32.891929,-91.068186
32.888659,-91.070602
32.873392,-91.086683
32.858396,-91.105631
32.855641,-91.116091
32.854861,-91.124725
32.855059,-91.127886
32.848975,-91.13789
32.844739,-91.143559
32.84287,-91.145002
32.83122,-91.149704
32.826673,-91.152174
32.823823,-91.157155
32.822304,-91.158336
32.812465,-91.161669
32.800004,-91.161412
32.785821,-91.164397
32.781096,-91.158583
32.780343,-91.156918
32.776033,-91.157614
32.761984,-91.164968
32.757842,-91.165814
32.751301,-91.165328
32.747009,-91.163389
32.743449,-91.15861
32.742339,-91.154461
32.741786,-91.150244
32.743107,-91.131691
32.742798,-91.123152
32.73997,-91.113652
32.7361,-91.090573
32.732534,-91.077176
32.727494,-91.060766
32.72558,-91.056999
32.722259,-91.054481
32.719229,-91.054749
32.712576,-91.057043
32.702926,-91.063946
32.693751,-91.076061
32.691127,-91.081145
32.685291,-91.098762
32.682434,-91.104443
32.674075,-91.118258
32.665343,-91.127723
32.65887,-91.130928
32.650621,-91.137638
32.649774,-91.138712
32.649265,-91.142038
32.648029,-91.144347
32.644041,-91.149753
32.641508,-91.152081
32.640757,-91.152699
32.635228,-91.153744
32.631282,-91.153821
32.626181,-91.153556
32.615919,-91.151318
32.604144,-91.146204
32.600613,-91.144074
32.597209,-91.141148
32.591651,-91.13528
32.586493,-91.127912
32.585187,-91.125108
32.584795,-91.119854
32.585139,-91.118641
32.590186,-91.112764
32.590879,-91.105704
32.59707,-91.087784
32.60068,-91.079506
32.605372,-91.061354
32.607188,-91.049796
32.613556,-91.0489
32.620779,-91.043263
32.625135,-91.041448
32.632521,-91.040401
32.636443,-91.038415
32.644052,-91.030181
32.646573,-91.025769
32.643845,-91.019115
32.640482,-91.014286
32.631261,-91.00682
32.624845,-91.0035
32.622555,-91.002962
32.614678,-91.002997
32.60978,-91.004599
32.601927,-91.010228
32.598419,-91.013723
32.596953,-91.016231
32.591848,-91.022943
32.583347,-91.030991
32.579556,-91.03617
32.57626955,-91.04345093
32.573624,-91.049312
32.563052,-91.069354
32.56279332,-91.06978621
32.556442,-91.080398
32.546718,-91.075373
32.536448,-91.061685
32.53089,-91.051168
32.516596,-91.011275
32.513842,-91.005468
32.506331,-90.994481
32.500139,-90.989826
32.496796,-90.988174
32.49419,-90.987831
32.49119,-90.988278
32.487749,-90.990703
32.483925,-90.996388
32.482615,-90.999223
32.48214,-91.004206
32.48374,-91.017106
32.48524,-91.024106
32.48854,-91.033906
32.49044,-91.038106
32.495539,-91.045807
32.500139,-91.050907
32.512361,-91.060516
32.528171,-91.070467
32.533467,-91.074817
32.549128,-91.093741
32.544752,-91.097878
32.537214,-91.097949
32.532968,-91.098756
32.525599,-91.101304
32.514934,-91.106985
32.500139,-91.116708
32.495039,-91.117308
32.48314,-91.116008
32.47614,-91.112108
32.47204,-91.108808
32.458741,-91.095308
32.450441,-91.081807
32.445141,-91.070207
32.438442,-91.052907
32.433542,-91.029606
32.434442,-91.026306
32.440342,-91.016506
32.445741,-91.004806
32.450165,-90.998974
32.45085,-90.993863
32.449077,-90.983423
32.447032,-90.978547
32.43949,-90.96959
32.438084,-90.96856
32.435499,-90.966869
32.433868,-90.966457
32.424806,-90.965986
32.421027,-90.966255
32.418279,-90.967767
32.414636,-90.971141
32.412001,-90.974461
32.408243,-90.980723
32.403862,-90.99408
32.396778,-90.99378
32.392277,-90.994686
32.388061,-90.996237
32.381644,-91.000606
32.368144,-91.004506
32.364744,-91.004506
32.362145,-91.003506
32.357695,-91.000106
32.354047,-90.993625
32.35176,-90.986672
32.345859,-90.954583
32.345956,-90.942981
32.344967,-90.934897
32.342073,-90.92117
32.339454,-90.912363
32.34361058,-90.90775623
32.35435974,-90.89776206
32.37057894,-90.89205956
32.37324568,-90.88894684
32.37454838,-90.87828947
32.37243394,-90.87563107
32.3575517,-90.8821614
32.330379,-90.90072
32.323386,-90.90124
32.319587,-90.902558
32.315497,-90.905173
32.303582,-90.916157
32.298639,-90.922231
32.290343,-90.933991
32.283486,-90.947834
32.283199,-90.951351
32.284043,-90.953008
32.286241,-90.955405
32.293288,-90.961171
32.296285,-90.963079
32.296872,-90.964149
32.297497,-90.971643
32.297122,-90.974602
32.29645,-90.976199
32.293702,-90.979475
32.29141,-90.980747
32.279954,-90.984077
32.270294,-90.982985
32.266733,-90.981028
32.265252,-90.979663
32.257742,-90.971344
32.25252,-90.969403
32.25168,-90.970016
32.248092,-90.976139
32.243601,-90.98029
32.231371,-90.983135
32.226201,-90.983263
32.22130539,-90.98343435
32.21785611,-90.98598937
32.2158121,-90.98867214
32.21466234,-90.99122716
32.21376808,-90.99429318
32.21389583,-90.9973592
32.21466234,-90.99953097
32.21517334,-91.00119174
32.2158121,-91.00246924
32.22104988,-91.00476876
32.22405,-91.006106
32.22615,-91.009606
32.236149,-91.021507
32.238749,-91.026607
32.241549,-91.034307
32.242349,-91.039007
32.241149,-91.046507
32.237949,-91.050307
32.234449,-91.051807
32.22795,-91.053107
32.22475,-91.055107
32.21865,-91.061408
32.22605,-91.071108
32.22705,-91.075108
32.22645,-91.083708
32.22385,-91.092108
32.21785,-91.100409
32.20815,-91.108509
32.20655,-91.113009
32.206697,-91.114084
32.206668,-91.11727
32.211104,-91.124043
32.213169,-91.128495
32.213666,-91.130197
32.213432,-91.133587
32.201956,-91.158026
32.199035,-91.162062
32.196888,-91.164171
32.186635,-91.168073
32.176526,-91.171046
32.164231,-91.173664
32.154978,-91.174552
32.149009,-91.173495
32.14425,-91.171702
32.13429,-91.165452
32.132694,-91.162822
32.132243,-91.155043
32.13039,-91.1444
32.127371,-91.136566
32.126213,-91.131403
32.125731,-91.113866
32.125036,-91.111294
32.130007,-91.103696
32.131136,-91.101181
32.133604,-91.091656
32.133992,-91.08163
32.133493,-91.077043
32.131478,-91.069081
32.126907,-91.061555
32.124237,-91.053175
32.144152,-91.051207
32.145252,-91.050207
32.150152,-91.048507
32.157352,-91.049707
32.163752,-91.055707
32.171251,-91.058907
32.17735374,-91.05764666
32.178451,-91.050207
32.174551,-91.041807
32.167851,-91.031907
32.162552,-91.025007
32.160852,-91.016606
32.15695693,-91.00619046
32.146152,-91.004106
32.142852,-91.005006
32.139952,-91.006406
32.131153,-91.011806
32.125153,-91.017606
32.123553,-91.020006
32.121053,-91.027007
32.12056585,-91.03079919
32.120552,-91.030907
32.11433689,-91.0307065
32.108153,-91.030507
32.101053,-91.034707
32.098254,-91.038607
32.08533,-91.066679
32.079154,-91.080008
32.077754,-91.081508
32.075754,-91.081708
32.050255,-91.079108
32.048355,-91.080208
32.047555,-91.082308
32.048355,-91.098708
32.050255,-91.103708
32.058255,-91.114309
32.071854,-91.124109
32.076554,-91.128609
32.080354,-91.134909
32.081754,-91.139309
32.081354,-91.14511
32.080154,-91.14881
32.075554,-91.15581
32.070354,-91.16031
32.067754,-91.16161
32.065354,-91.16201
32.062355,-91.16201
32.059755,-91.16131
32.055955,-91.15901
32.052655,-91.15631
32.049255,-91.15141
32.046555,-91.14511
32.042855,-91.125109
32.037455,-91.095508
32.034455,-91.088108
32.031456,-91.084408
32.028656,-91.082608
32.023456,-91.080808
32.018316,-91.079928
32.016828,-91.075908
32.000157,-91.090105
31.994857,-91.096108
31.990357,-91.104108
31.987057,-91.117409
31.982557,-91.16441
31.979057,-91.17021
31.973257,-91.17741
31.965557,-91.18481
31.960958,-91.18831
31.957458,-91.18911
31.953158,-91.18881
31.946358,-91.18951
31.935658,-91.19321
31.934958,-91.19291
31.934158,-91.19111
31.935058,-91.18471
31.933158,-91.18371
31.923759,-91.18491
31.920059,-91.18111
31.917959,-91.18061
31.916159,-91.18321
31.914259,-91.18921
31.912959,-91.19081
31.910159,-91.19261
31.909559,-91.19381
31.908659,-91.19751
31.909159,-91.20101
31.907959,-91.20281
31.904159,-91.20511
31.900459,-91.20881
31.885105,-91.226951
31.876863,-91.234899
31.869848,-91.248144
31.86546,-91.264412
31.86426,-91.266512
31.86266,-91.267712
31.858661,-91.269012
31.855161,-91.268812
31.853061,-91.268112
31.851161,-91.266612
31.846119,-91.261144
31.833165,-91.245624
31.831447,-91.245047
31.822323,-91.247367
31.817762,-91.250111
31.812662,-91.255611
31.809362,-91.262011
31.809162,-91.269212
31.811362,-91.276712
31.813162,-91.280212
31.814762,-91.282212
31.818362,-91.284912
31.824161,-91.287812
31.828661,-91.289412
31.833658,-91.290135
31.846861,-91.289312
31.86016,-91.293413
31.86046,-91.294713
31.854961,-91.326914
31.853261,-91.333814
31.851261,-91.338414
31.846861,-91.343014
31.842861,-91.345714
31.799362,-91.359514
31.780363,-91.363714
31.76162836,-91.36552892
31.758063,-91.355214
31.7615097,-91.32597289
31.76674756,-91.30131507
31.77206203,-91.28604492
31.77117841,-91.27387365
31.76699504,-91.2630433
31.7612904,-91.259611
31.75446798,-91.26340635
31.74551513,-91.27554547
31.74525981,-91.29172294
31.74907146,-91.31073388
31.7497918,-91.31786139
31.74998938,-91.3198164
31.75000522,-91.33866345
31.74910553,-91.35639366
31.74818419,-91.36503423
31.7429478,-91.37180416
31.73324192,-91.38023895
31.732464,-91.380915
31.711364,-91.397115
31.709364,-91.397915
31.697864,-91.400015
31.688164,-91.400115
31.662665,-91.398015
31.644165,-91.395715
31.639265,-91.396115
31.626265,-91.398315
31.620365,-91.401015
31.613133,-91.416498
31.611565,-91.421116
31.611365,-91.429616
31.612665,-91.436716
31.620365,-91.463817
31.625365,-91.474318
31.628965,-91.479818
31.631565,-91.482618
31.637065,-91.487518
31.641,-91.490027
31.644279,-91.492748
31.645013,-91.494478
31.645371,-91.497665
31.644658,-91.499278
31.639068,-91.50731
31.634722,-91.512336
31.630372,-91.515462
31.627332,-91.516659
31.618642,-91.517921
31.61346,-91.517233
31.611818,-91.516567
31.606885,-91.51301
31.595727,-91.502783
31.590165,-91.494118
31.587466,-91.488618
31.586166,-91.485218
31.585466,-91.479418
31.586066,-91.466317
31.587566,-91.457517
31.594965,-91.436316
31.596465,-91.430716
31.597065,-91.422716
31.596265,-91.417115
31.595365,-91.413015
31.589766,-91.403915
31.576466,-91.405415
31.571966,-91.406615
31.569366,-91.407915
31.562166,-91.414915
31.554566,-91.426416
31.546166,-91.437616
31.542466,-91.443916
31.539666,-91.450017
31.530366,-91.479718
31.530666,-91.481318
31.532566,-91.483918
31.534266,-91.489618
31.532616,-91.500118
31.532966,-91.506719
31.532612,-91.511217
31.532084,-91.513963
31.530894,-91.51581
31.523912,-91.521445
31.522078,-91.522536
31.519841,-91.52292
31.517493,-91.522862
31.513207,-91.520579
31.511772,-91.516759
31.510113,-91.514917
31.50338,-91.515157
31.498394,-91.51714
31.483483,-91.518148
31.460574,-91.516999
31.449206,-91.51513
31.444396,-91.513366
31.438928,-91.510356
31.43145959,-91.50642343
31.42051983,-91.50004556
31.41271563,-91.49003992
31.40439135,-91.48022961
31.39779631,-91.47692563
31.39592514,-91.47206541
31.39143433,-91.47214879
31.38214279,-91.4719917
31.3769174,-91.47109811
31.37132595,-91.47246451
31.364955,-91.47887
31.36495,-91.504163
31.366276,-91.508075
31.370286,-91.515978
31.37517,-91.521836
31.380855,-91.52695
31.390275,-91.532336
31.414021,-91.539458
31.41791,-91.539504
31.423184,-91.537002
31.424161,-91.537137
31.430758,-91.540647
31.431706,-91.541626
31.433026,-91.545013
31.432668,-91.548465
31.430692,-91.55275
31.42857,-91.554805
31.423447,-91.565179
31.419487,-91.570092
31.410498,-91.576265
31.403859,-91.578246
31.399067,-91.578334
31.390886,-91.573931
31.384664,-91.571234
31.377629,-91.568953
31.383219,-91.562555
31.384559,-91.560524
31.386413,-91.55568
31.385658,-91.552432
31.38248,-91.546207
31.381198,-91.546607
31.376315,-91.549915
31.363645,-91.551002
31.360574,-91.550869
31.353998,-91.548894
31.347255,-91.548967
31.343762,-91.545617
31.338355,-91.536061
31.333225,-91.533206
31.331801,-91.531657
31.323332,-91.518509
31.316822,-91.510049
31.315131,-91.50866
31.312943,-91.507977
31.295829,-91.508296
31.291644,-91.508858
31.284177,-91.512085
31.27821,-91.515614
31.275283,-91.518578
31.267369,-91.537734
31.26305,-91.553905
31.261633,-91.564192
31.261289,-91.574493
31.262563,-91.587749
31.2659,-91.606672
31.267811,-91.621358
31.26768,-91.637672
31.266917,-91.641253
31.262238,-91.648669
31.259528,-91.651369
31.255753,-91.654027
31.251815,-91.655009
31.250175,-91.654907
31.242691,-91.652019
31.234414,-91.644356
31.226071,-91.625119
31.208573,-91.601616
31.201969,-91.595029
31.193693,-91.590051
31.19113993,-91.58945129
31.188959,-91.588939
31.181025,-91.588695
31.178586,-91.589046
31.173118,-91.591502
31.163492,-91.597062
31.159592,-91.599732
31.154545,-91.604197
31.13687,-91.621671
31.133729,-91.624217
31.131879,-91.625118
31.128763,-91.625707
31.119125,-91.626476
31.116896,-91.625994
31.110257,-91.621535
31.107328,-91.61857
31.104357,-91.614763
31.101557,-91.609523
31.091444,-91.594693
31.070186,-91.567648
31.06683,-91.56415
31.060906,-91.561283
31.054119,-91.559907
31.049508,-91.560365
31.046225,-91.561232
31.038965,-91.564397
31.029782,-91.571695
31.02403,-91.578413
31.01727,-91.590463
31.011216,-91.60649
31.005374,-91.625118
30.999416,-91.636942
30.999167,-91.625118
30.999388,-91.538727
30.998691,-91.500116
30.999006,-91.49739
30.999007,-91.425749
30.998984,-91.423621
30.999474,-91.24649
30.999183,-91.224839
30.999183,-91.224068
30.999144,-91.176209
30.99914373,-91.17613975
30.99888,-91.108291
30.998857,-91.108114
30.998909,-91.080814
30.99892,-91.06827
30.99895296,-91.06021295
30.99963,-90.89473
30.99936,-90.826027
30.99936041,-90.82582937
30.999447,-90.783745
30.999457,-90.779858
30.999491,-90.775981
30.999374,-90.769333
30.999583,-90.758775
30.999222,-90.734552
30.999214,-90.734473
30.99951,-90.651193
30.999486,-90.648721
30.99965,-90.588676
30.999604,-90.587373
30.999698,-90.584448
30.999698,-90.583518
30.999733,-90.567195
30.99972326,-90.54761548
30.999693,-90.486749
30.99974,-90.485876
30.999717,-90.477284
30.99974,-90.475928
30.999798,-90.474094
30.999722,-90.442479
30.999729,-90.441725
30.99973,-90.437351
30.999776,-90.426849
30.99981,-90.422117
30.999872,-90.380536
31.000335,-90.369371
31.00035899,-90.34724096
31.000359,-90.34723
31.000363,-90.346007
31.00065716,-90.25955493
31.00098,-90.164676
31.001025,-90.164278
31.000924,-90.131395
31.001047,-90.128406
31.001215,-90.050706
31.00119,-90.029574
31.001302,-90.022185
31.001364,-90.005332
31.001692,-89.97543
31.001392,-89.972802
31.001437,-89.927161
31.001446,-89.923119
31.001913,-89.897516
31.001759,-89.892708
31.002075,-89.856862
31.00205927,-89.83590796
31.002059,-89.835542
31.00206,-89.824617
31.002084,-89.816429
31.001853,-89.75264211
31.000183,-89.752133
30.99969,-89.751481
30.999555,-89.749189
31.000184,-89.747229
31.002252,-89.745215
31.003441,-89.741821
31.004831,-89.732504
31.003927,-89.729616
31.002431,-89.728147
31.00229963,-89.72814513
31.000956,-89.728126
30.999749,-89.73
30.999715,-89.73554
30.995602,-89.734227
30.994409,-89.732035
30.994396,-89.728563
30.993329,-89.727698
30.98209,-89.72993
30.979707,-89.730501
30.978088,-89.732168
30.977865,-89.735912
30.977122,-89.736883
30.976081,-89.737149
30.974446,-89.736086
30.971141,-89.728382
30.969707,-89.727086
30.967395,-89.727072
30.966518,-89.728041
30.966242,-89.729327
30.96613,-89.731393
30.966919,-89.733933
30.966573,-89.735686
30.959993,-89.743134
30.958482,-89.743592
30.951439,-89.751196
30.943498,-89.756333
30.941949,-89.756554
30.939543,-89.755835
30.935763,-89.750073
30.933888,-89.748897
30.932816,-89.748851
30.929815,-89.750073
30.923369,-89.748208
30.922416,-89.745161
30.920577,-89.744448
30.918933,-89.744789
30.915805,-89.746718
30.91293,-89.750073
30.9128,-89.754086
30.914993,-89.757417
30.915134,-89.759403
30.913736,-89.7626
30.911906,-89.764202
30.910276,-89.764451
30.907732,-89.763622
30.906591,-89.761593
30.906216,-89.759803
30.901069,-89.756671
30.898947,-89.757024
30.897319,-89.758719
30.896306,-89.760701
30.896919,-89.765101
30.89939,-89.770269
30.899127,-89.771986
30.898338,-89.773099
30.896862,-89.773553
30.89024,-89.772011
30.882254,-89.770027
30.881497,-89.775458
30.881088,-89.77711
30.878903,-89.778583
30.875185,-89.779194
30.873411,-89.778005
30.866392,-89.768237
30.865577,-89.767789
30.863858,-89.767955
30.854677,-89.771722
30.85366,-89.772587
30.853254,-89.774739
30.8558,-89.778755
30.856613,-89.781643
30.856022,-89.783384
30.85527,-89.784073
30.853744,-89.784416
30.852131,-89.783791
30.848542,-89.780947
30.846235,-89.780228
30.845508,-89.7806
30.845264,-89.782649
30.844112,-89.7875
30.837983,-89.790121
30.832131,-89.790805
30.830985,-89.790432
30.83047,-89.789426
30.830642,-89.786837
30.827385,-89.783985
30.820123,-89.781168
30.817975,-89.782404
30.815962,-89.785894
30.820387,-89.791745
30.821648,-89.796634
30.821478,-89.797491
30.820855,-89.798654
30.819078,-89.800049
30.815172,-89.799673
30.810425,-89.800422
30.803247,-89.804065
30.802511,-89.804632
30.800562,-89.808176
30.79984599,-89.81014314
30.79892096,-89.81117095
30.79799593,-89.81147929
30.79737925,-89.81086261
30.79491251,-89.80860143
30.79390766,-89.80707073
30.7933708,-89.80623748
30.79254856,-89.80490133
30.79162353,-89.80469576
30.79059573,-89.80510689
30.78906872,-89.80676279
30.78802621,-89.81065704
30.78843733,-89.81209597
30.78987626,-89.81260988
30.79203466,-89.8135349
30.79378193,-89.81394602
30.796054,-89.816418
30.796054,-89.817559
30.795229,-89.819164
30.792523,-89.821078
30.791183,-89.821486
30.788609,-89.82113
30.779629,-89.824395
30.76761,-89.831537
30.75841921,-89.82788587
30.747305,-89.825774
30.7423221,-89.8260531
30.74098807,-89.82349175
30.740671,-89.819548
30.740076,-89.816764
30.739366,-89.816075
30.737946,-89.816499
30.737305,-89.81748
30.736618,-89.821535
30.736594,-89.826175
30.736972,-89.833818
30.73626,-89.835437
30.734661,-89.83687
30.728201,-89.836945
30.727197,-89.836331
30.726759,-89.833065
30.725018,-89.828061
30.71631,-89.83006
30.715384,-89.831961
30.716185,-89.836257
30.707314,-89.845801
30.706209,-89.846576
30.704157,-89.845926
30.702511,-89.843605
30.702713,-89.84173
30.704143,-89.839312
30.704036,-89.838065
30.699555,-89.835848
30.691166,-89.835478
30.690573,-89.836797
30.67469128,-89.844965
30.670038,-89.847201
30.668931,-89.845807
30.668761,-89.843816
30.669724,-89.842344
30.67196325,-89.84134968
30.67288005,-89.84059728
30.673731,-89.838868
30.672514,-89.837894
30.66909,-89.838804
30.66555653,-89.8417869
30.663699,-89.843355
30.66356908,-89.84564224
30.66395188,-89.84691724
30.665202,-89.848879
30.664781,-89.85055
30.662934,-89.852263
30.661199,-89.851889
30.658515,-89.840988
30.657298,-89.836047
30.657516,-89.833261
30.649423,-89.824986
30.644024,-89.821868
30.634019,-89.818081
30.622803,-89.823261
30.619815,-89.821424
30.618254,-89.820868
30.614462,-89.822389
30.60823,-89.823278
30.60713,-89.821286
30.60862,-89.816905
30.608566,-89.81538
30.607721,-89.81392
30.606152,-89.814563
30.600891,-89.817202
30.596785,-89.819696
30.59534,-89.819838
30.592688,-89.818527
30.591646,-89.816396
30.591473,-89.812109
30.587337,-89.807118
30.585825,-89.807762
30.584714,-89.809739
30.572039,-89.806843
30.568795,-89.808184
30.567998,-89.808027
30.567543,-89.806182
30.568148,-89.803753
30.569351,-89.799947
30.569653,-89.794495
30.56752416,-89.79031838
30.56657976,-89.78969498
30.56533296,-89.79007778
30.56308656,-89.79242978
30.561718,-89.796697
30.563695,-89.800277
30.563703,-89.801494
30.562879,-89.802833
30.560581,-89.803887
30.558888,-89.803831
30.557903,-89.802789
30.556554,-89.794532
30.551524,-89.791664
30.548788,-89.79196
30.548283,-89.793989
30.54813202,-89.79523059
30.54745198,-89.79538753
30.54656269,-89.79533522
30.54593495,-89.79381819
30.54504566,-89.7910457
30.544464,-89.788542
30.544075,-89.783994
30.544607,-89.780246
30.544345,-89.779565
30.538848,-89.775355
30.530249,-89.771643
30.527819,-89.770744
30.521896,-89.769996
30.51502,-89.768133
30.515761,-89.76057
30.513062,-89.758862
30.505942,-89.758575
30.505404,-89.758133
30.502493,-89.752931
30.502619,-89.746435
30.498704,-89.742816
30.49731602,-89.74239628
30.494723,-89.734615
30.49256,-89.726154
30.491902,-89.724614
30.488608,-89.721181
30.483166,-89.719652
30.477797,-89.715886
30.47751,-89.712493
30.478308,-89.710164
30.477853,-89.709551
30.47235,-89.705538
30.465115,-89.701799
30.463269,-89.695864
30.459657,-89.690102
30.45927798,-89.68977947
30.451793,-89.68341
30.44581,-89.682829
30.439511,-89.684816
30.434959,-89.683521
30.434073,-89.681946
30.428924,-89.680515
30.414012,-89.678514
30.4114,-89.680134
30.411492,-89.681165
30.412991,-89.68232
30.412646,-89.684118
30.405873,-89.683686
30.399991,-89.679153
30.389276,-89.672762
30.382429,-89.670134
30.371267,-89.662204
30.363487,-89.660274
30.356515,-89.657191
30.355536,-89.652693
30.3525,-89.6467
30.351314,-89.645617
30.348126,-89.645199
30.34397,-89.636299
30.339287,-89.629727
30.332933,-89.630399
30.321017,-89.629877
30.315457,-89.626606
30.314255,-89.626221
30.309332,-89.631643
30.308256,-89.634208
30.307281,-89.639872
30.306755,-89.640401
30.303799,-89.641705
30.287682,-89.64344
30.285032,-89.637647
30.279662,-89.631411
30.276562,-89.63052
30.267195,-89.629757
30.262084,-89.630649
30.261704,-89.631215
30.260137,-89.632225
30.256924,-89.631789
30.251745,-89.626922
30.249895,-89.623856
30.247395,-89.616156
30.244595,-89.614156
30.241495,-89.614056
30.235295,-89.615856
30.227495,-89.617056
30.225595,-89.616956
30.223195,-89.615856
30.219496,-89.612556
30.218096,-89.610655
30.217096,-89.607655
30.216096,-89.601255
30.211796,-89.596655
30.200296,-89.588854
30.195196,-89.587354
30.192096,-89.585754
30.186197,-89.580754
30.181697,-89.574454
30.180297,-89.570154
30.182397,-89.562253
30.185797,-89.554653
30.189197,-89.550853
30.191597,-89.549053
30.193097,-89.546953
30.195397,-89.541453
30.195797,-89.538652
30.194797,-89.533352
30.192197,-89.530452
30.188697,-89.527952
30.180753,-89.524504
30.177099,-89.531213
30.17174508,-89.53749339
30.1707981,-89.5550126
30.16866738,-89.56282522
30.16393246,-89.56827038
30.160362,-89.572093
30.150648,-89.587062
30.149891,-89.595021
30.152409,-89.598027
30.156422,-89.617542
30.15236755,-89.62287971
30.15071675,-89.625053
30.138612,-89.640989
30.13410823,-89.64455021
30.1266253,-89.65046709
30.118381,-89.656986
30.11736386,-89.65859412
30.1113109,-89.66816398
30.11101133,-89.66863761
30.11068274,-89.66915711
30.110667,-89.669182
30.11048987,-89.67288144
30.11043035,-89.67412435
30.110406,-89.674633
30.110212,-89.67495603
30.10972786,-89.67576216
30.10951497,-89.67611664
30.10829046,-89.67815558
30.108286,-89.678163
30.10774595,-89.67829255
30.10705903,-89.67845733
30.10688647,-89.67849872
30.10206681,-89.67965486
30.10136699,-89.67982274
30.10130364,-89.67983793
30.10045207,-89.68004221
30.09917053,-89.68034962
30.09860459,-89.68048538
30.09535478,-89.68126495
30.09268238,-89.68190601
30.09205227,-89.68205716
30.091536,-89.682181
30.09153147,-89.68218145
30.09056482,-89.68227682
30.09053062,-89.68228019
30.09001477,-89.68233108
30.08960733,-89.68237128
30.0893906,-89.68239266
30.0892251,-89.68240899
30.08636467,-89.6826912
30.08271808,-89.68305097
30.0815298,-89.68316821
30.076018,-89.683712
30.07084225,-89.69755645
30.0705039,-89.69846148
30.070491,-89.698496
30.07045088,-89.69890907
30.07042806,-89.69914403
30.07038101,-89.69962852
30.06919429,-89.71184756
30.069088,-89.712942
30.06906102,-89.71300293
30.06858198,-89.71408451
30.06825319,-89.71482684
30.06795769,-89.71549402
30.067785,-89.71588394
30.06762847,-89.71623735
30.06754542,-89.71642486
30.06740157,-89.71674966
30.06734071,-89.71688706
30.06507991,-89.72199154
30.06399868,-89.72443277
30.06315839,-89.72632999
30.062661,-89.727453
30.06184062,-89.72802565
30.05962777,-89.72957029
30.05947038,-89.72968015
30.05931359,-89.72978959
30.05913915,-89.72991136
30.05759359,-89.73099021
30.057581,-89.730999
30.05455754,-89.73120823
30.05137652,-89.73142836
30.05104032,-89.73145163
30.04969357,-89.73154482
30.049691,-89.731545
30.04969014,-89.73154439
30.02811,-89.7163
30.02810648,-89.71630014
30.02808848,-89.71630088
30.02741458,-89.71632836
30.02723034,-89.71633588
30.02668571,-89.71635809
30.026222,-89.716377
30.022454,-89.724649
30.02245308,-89.72466903
30.02240275,-89.72576038
30.022054,-89.733323
30.02288406,-89.73436063
30.0266177,-89.73902794
30.02705467,-89.73957419
30.02810382,-89.7408857
30.03205628,-89.74582656
30.0324452,-89.74631274
30.032599,-89.746505
30.03259975,-89.74650632
30.0386496,-89.75713824
30.042108,-89.763216
30.045372,-89.782534
30.04525308,-89.78463
30.04360468,-89.81368434
30.043328,-89.818561
30.033275,-89.82976175
30.03266411,-89.83044238
30.03107515,-89.83221276
30.03040015,-89.83296482
30.02965587,-89.83379407
30.02889332,-89.83464368
30.02839263,-89.83520154
30.02415257,-89.83992568
30.024146,-89.839933
30.02299457,-89.84096278
30.02212655,-89.8417391
30.00782102,-89.85453328
30.004439,-89.857558
29.97765,-89.852312
29.955645,-89.844202
29.945816,-89.8385
29.939228,-89.829023
29.934145,-89.81803
29.932588,-89.804463
29.937416,-89.775459
29.945831,-89.748492
29.95878,-89.727933
29.953699,-89.719067
29.946349,-89.71291
29.936263,-89.736311
29.935894,-89.742727
29.928221,-89.746273
29.90817,-89.742479
29.879287,-89.711158
29.868722,-89.692004
29.86753464,-89.67155457
29.86290932,-89.66056824
29.86406517,-89.63801575
29.87215996,-89.61315918
29.88140869,-89.59812927
29.89701843,-89.59119415
29.91725349,-89.59234619
29.93170547,-89.58309937
29.94558144,-89.58309937
29.95945549,-89.57499695
29.98373795,-89.57442474
29.99472237,-89.58135986
29.99992561,-89.5715332
30.00570869,-89.55129242
30.03403664,-89.50158691
30.04097176,-89.49406433
30.05080032,-89.49463654
30.0588932,-89.49927521
30.07219124,-89.4934845
30.07912827,-89.48192596
30.06344986,-89.45894623
30.06095886,-89.44461823
30.05224037,-89.42904663
30.04974747,-89.41846466
30.05472946,-89.37237549
30.04725647,-89.36863708
30.03667068,-89.37237549
30.03044128,-89.38109589
30.02981758,-89.39355469
30.02047729,-89.41596985
30.0154953,-89.42281342
30.00802231,-89.43278503
29.99120522,-89.43341064
29.97875214,-89.43278503
29.96567154,-89.40538025
29.96629524,-89.39355469
29.96380424,-89.37922668
29.91958809,-89.37860107
29.91149139,-89.3680191
29.91584969,-89.33189392
29.92320824,-89.31545258
29.97332001,-89.28356171
29.99382019,-89.27331543
30.0023613,-89.25053406
29.99723625,-89.24370575
29.97559738,-89.24996948
29.97274971,-89.21807098
29.96192932,-89.22377014
29.9254837,-89.23117828
29.93004036,-89.24484253
29.92947197,-89.26306152
29.92491531,-89.28014374
29.89814949,-89.31830597
29.88733292,-89.32228851
29.88163567,-89.3114624
29.88049889,-89.28925323
29.88676262,-89.27217865
29.88961029,-89.24142456
29.88676262,-89.23629761
29.87708092,-89.23629761
29.86455154,-89.2545166
29.8599968,-89.26989746
29.85714912,-89.29495239
29.85088539,-89.31772614
29.84576035,-89.36328888
29.83892822,-89.38378906
29.83038521,-89.38321686
29.82526016,-89.37297058
29.82013512,-89.34563446
29.79849625,-89.34278107
29.79052353,-89.33197021
29.78881454,-89.31830597
29.8030529,-89.29325104
29.80760765,-89.27729797
29.79963493,-89.27729797
29.79564857,-89.28413391
29.77002144,-89.28470612
29.76091194,-89.26932526
29.75635529,-89.27103424
29.75692558,-89.30519867
29.76091194,-89.31602478
29.77230072,-89.32513428
29.77913475,-89.33766174
29.78141212,-89.35417938
29.77514839,-89.36727142
29.78881454,-89.38606262
29.78482819,-89.39460754
29.77059174,-89.39916229
29.75237083,-89.41453552
29.74155045,-89.4282074
29.69763756,-89.42420959
29.70331573,-89.44812012
29.71859741,-89.47199249
29.72591972,-89.48696136
29.73165131,-89.50606537
29.74374962,-89.53025818
29.74374962,-89.54013062
29.73547173,-89.56018066
29.74661636,-89.57292175
29.74757004,-89.59806824
29.75298119,-89.63404846
29.74947929,-89.65123749
29.71987152,-89.64965057
29.71095657,-89.64456177
29.70076752,-89.61844635
29.70490837,-89.59902954
29.70204163,-89.59297943
29.69026184,-89.59966278
29.68421173,-89.59680176
29.67402458,-89.57388306
29.67020416,-89.55731964
29.67020416,-89.53376007
29.63040543,-89.48791504
29.62435722,-89.48536682
29.62100258,-89.48670868