1725,Michigan
41.72008944,-83.88038747
41.720081,-83.880539
41.719961,-83.899764
41.716822,-83.998849
41.716668,-84.019373
41.712931,-84.134417
41.70662462,-84.3604163
41.706621,-84.360546
41.705935,-84.396547
41.70586043,-84.3995471
41.704903,-84.438067
41.698245,-84.749955
41.696089,-84.806082
41.707485,-84.806018
41.720544,-84.806042
41.732909,-84.806065
41.737603,-84.806074
41.743115,-84.806134
41.760216,-84.805883
41.760059,-84.818873
41.75999072,-84.82512991
41.75999,-84.825196
41.759691,-84.932484
41.759438,-84.96086
41.759552,-84.961562
41.759527,-84.971551
41.759366,-84.972803
41.759801,-85.037817
41.759985,-85.039436
41.7597,-85.117267
41.759743,-85.123102
41.759618,-85.17223
41.759735,-85.196637
41.75973539,-85.19677374
41.759839,-85.232835
41.759999,-85.272216
41.759911,-85.272951
41.75977,-85.273713
41.759962,-85.292099
41.75996283,-85.29217788
41.760028,-85.298365
41.760097,-85.30814
41.759983,-85.318129
41.759982,-85.330623
41.759908,-85.350174
41.759875,-85.379133
41.759706,-85.427553
41.759684,-85.432471
41.759352,-85.515959
41.759513,-85.518251
41.759079,-85.607548
41.759193,-85.608312
41.759049,-85.622608
41.759093,-85.624987
41.759164,-85.632714
41.759125,-85.647683
41.759103,-85.650738
41.7591008,-85.65975001
41.759085,-85.724534
41.759091,-85.749992
41.75909,-85.750469
41.759147,-85.775039
41.75905117,-85.79133484
41.759051,-85.791363
41.759365,-85.872041
41.759341,-85.874997
41.759422,-85.888825
41.759849,-85.974901
41.759849,-85.97498
41.759949,-85.991302
41.76008913,-86.00367812
41.760512,-86.041027
41.76052841,-86.06257499
41.760576,-86.12506
41.76056,-86.12546
41.760592,-86.127844
41.760016,-86.21759
41.760016,-86.22607
41.76001613,-86.22609689
41.760207,-86.265496
41.759553,-86.501773
41.759447,-86.519318
41.7594561,-86.52422286
41.759671,-86.640044
41.759633,-86.641186
41.759982,-86.746521
41.759967,-86.748096
41.760251,-86.800611
41.76024,-86.800707
41.76024,-86.801578
41.76024,-86.804427
41.76024,-86.823628
41.76024,-86.824828
41.7608977,-86.82355015
41.77195604,-86.80206493
41.77210664,-86.80177232
41.77574042,-86.79471227
41.77578184,-86.79463178
41.77635947,-86.79350951
41.78437129,-86.77794336
41.78474,-86.777227
41.7853994,-86.77608022
41.78613655,-86.7747982
41.79965242,-86.75129216
41.80890117,-86.73520726
41.819349,-86.717037
41.8203342,-86.71557794
41.83251321,-86.6975411
41.84457905,-86.67967185
41.844793,-86.679355
41.86965949,-86.64897147
41.87078193,-86.6476
41.8726677,-86.64529584
41.87368894,-86.64404802
41.87375724,-86.64396457
41.88529523,-86.62986668
41.88572285,-86.62934419
41.89023045,-86.6238365
41.89028165,-86.62377395
41.89233988,-86.62125907
41.893827,-86.619442
41.89662458,-86.61697845
41.89673009,-86.61688554
41.89770274,-86.61602902
41.90199303,-86.61225099
41.90218756,-86.61207969
41.90283328,-86.61151107
41.90353164,-86.61089609
41.91530966,-86.60052437
41.918291,-86.597899
41.91996396,-86.59680218
41.93237956,-86.58866231
41.93365324,-86.58782727
41.93375185,-86.58776262
41.93534056,-86.58672104
41.93690383,-86.58569613
41.93756249,-86.5852643
41.94117862,-86.58289351
41.942241,-86.582197
41.94376455,-86.58151758
41.98142747,-86.56472204
41.98242724,-86.56427619
41.9828738,-86.56407705
41.98326173,-86.56390406
41.98394768,-86.56359816
41.98855853,-86.56154198
41.99978184,-86.55653702
42.000042,-86.556421
42.01091985,-86.54932783
42.01105947,-86.54923679
42.01711466,-86.54528835
42.0177612,-86.54486676
42.02259049,-86.5417177
42.02355452,-86.54108908
42.03126242,-86.53606295
42.03464791,-86.53385537
42.03606137,-86.53293368
42.03651247,-86.53263953
42.03724603,-86.5321612
42.07298565,-86.5088563
42.08454,-86.501322
42.105139,-86.490122
42.118239,-86.485223
42.12351883,-86.4790307
42.13413826,-86.46657601
42.134406,-86.466262
42.13575213,-86.46491276
42.13576739,-86.46489747
42.13630806,-86.46435555
42.13669564,-86.46396708
42.1369772,-86.46368486
42.15984731,-86.44076198
42.16119036,-86.43941583
42.16269416,-86.43790856
42.16345322,-86.43714776
42.196379,-86.404146
42.19854226,-86.40218281
42.20214325,-86.39891488
42.20256074,-86.39853599
42.20349129,-86.39769151
42.20646027,-86.39499712
42.20735737,-86.394183
42.2080387,-86.39356469
42.20809025,-86.3935179
42.21572265,-86.3865914
42.217279,-86.385179
42.21920744,-86.38366493
42.21930968,-86.38358466
42.22204844,-86.38143438
42.2233575,-86.3804066
42.22383019,-86.38003548
42.24313322,-86.36488014
42.254166,-86.356218
42.310743,-86.321803
42.358207,-86.297168
42.394563,-86.284448
42.401814,-86.284969
42.413317,-86.276878
42.41928,-86.27389328
42.443894,-86.261573
42.480212,-86.24971
42.53469653,-86.24144637
42.54,-86.240642
42.564958,-86.23528
42.56502333,-86.2352545
42.5663018,-86.23475542
42.5667155,-86.23459393
42.5754349,-86.23119015
42.583397,-86.228082
42.59281145,-86.22603729
42.59308373,-86.22597815
42.594765,-86.225613
42.637693,-86.22905
42.644922,-86.226638
42.664413,-86.21602
42.69209,-86.208654
42.719424,-86.206834
42.762789,-86.208309
42.76753964,-86.20888559
42.783832,-86.210863
42.833236,-86.211815
42.859128,-86.210737
42.883555,-86.214138
42.919007,-86.216209
42.988284,-86.226305
43.015762,-86.232707
43.049681,-86.244277
43.057489,-86.250069
43.066993,-86.250517
43.083409,-86.254646
43.11836512,-86.27199581
43.136015,-86.280756
43.16646479,-86.29904834
43.18691972,-86.31133639
43.18783661,-86.3118872
43.195114,-86.316259
43.21580036,-86.32983646
43.23836001,-86.34464344
43.24445942,-86.34864678
43.24486006,-86.34890974
43.2462175,-86.34980069
43.2465618,-86.35002667
43.2498603,-86.35219164
43.25004726,-86.35231435
43.25338454,-86.35450477
43.25870348,-86.35799585
43.29661978,-86.38288215
43.29805074,-86.38382135
43.30151602,-86.38609579
43.30194054,-86.38637442
43.30516799,-86.38849275
43.30656491,-86.38940962
43.31070109,-86.39212439
43.31262189,-86.39338511
43.316225,-86.39575
43.32713471,-86.4016845
43.32957201,-86.4030103
43.33054777,-86.40354108
43.33291995,-86.40483146
43.338436,-86.407832
43.34720891,-86.41194126
43.38060691,-86.427585
43.39591925,-86.43475736
43.39609967,-86.43484186
43.396702,-86.435124
43.39708322,-86.43527103
43.40388998,-86.43789631
43.40423103,-86.43802785
43.40485107,-86.43826699
43.40642747,-86.43887499
43.43132892,-86.44847916
43.432013,-86.448743
43.44947498,-86.45456968
43.45400999,-86.45608291
43.45629379,-86.45684497
43.45844052,-86.45756128
43.47232752,-86.46219507
43.491963,-86.468747
43.49197916,-86.46875428
43.49234376,-86.46891853
43.51018402,-86.4769555
43.51122308,-86.4774236
43.51409137,-86.47871575
43.515335,-86.479276
43.51574964,-86.47955248
43.51815815,-86.48115842
43.51889571,-86.48165021
43.5192254,-86.48187005
43.51980335,-86.48225541
43.52098414,-86.48304274
43.52104461,-86.48308305
43.55511202,-86.50579855
43.56022136,-86.50920536
43.56042127,-86.50933865
43.56488735,-86.51231655
43.56766445,-86.51416827
43.56907383,-86.51510801
43.57016895,-86.51583822
43.57085427,-86.51629518
43.57149888,-86.51672499
43.57265066,-86.51749297
43.57445783,-86.51869796
43.57627817,-86.51991173
43.576718,-86.520205
43.5767956,-86.52024811
43.593462,-86.529507
43.6159651,-86.53792261
43.617501,-86.538497
43.61995653,-86.53887638
43.62024422,-86.53892083
43.62142411,-86.53910312
43.62264178,-86.53929125
43.62271952,-86.53930326
43.633158,-86.540916
43.63404732,-86.54090597
43.6349688,-86.54089557
43.6425165,-86.54081043
43.644593,-86.540787
43.64549926,-86.54063991
43.65706131,-86.53876338
43.658795,-86.538482
43.65940265,-86.53818594
43.67684921,-86.52968561
43.677889,-86.529179
43.67955186,-86.52766658
43.68043501,-86.52686333
43.6903264,-86.51786682
43.69221193,-86.51615188
43.69416971,-86.51437121
43.69786725,-86.5110082
43.698625,-86.510319
43.70113825,-86.5076204
43.70200441,-86.50669037
43.70387757,-86.50467907
43.70526264,-86.50319186
43.70545153,-86.50298905
43.70646688,-86.50189881
43.71178664,-86.49618675
43.71905635,-86.48838092
43.72035808,-86.4869832
43.725135,-86.481854
43.72640741,-86.4806554
43.7264361,-86.48062837
43.72681924,-86.48026746
43.74468678,-86.46343631
43.746685,-86.461554
43.74836552,-86.46044412
43.7709452,-86.44553168
43.771564,-86.445123
43.77206862,-86.44490343
43.77693415,-86.44278637
43.78857324,-86.43772202
43.789334,-86.437391
43.81556943,-86.43113964
43.815975,-86.431043
43.81917806,-86.43106306
43.81940622,-86.43106449
43.83663813,-86.43117243
43.83717663,-86.4311758
43.83811919,-86.43118171
43.84072,-86.431198
43.84094069,-86.43123828
43.85001272,-86.43289388
43.85317569,-86.43347111
43.855608,-86.433915
43.85608979,-86.43407796
43.85662331,-86.43425842
43.85877052,-86.43498468
43.889726,-86.445455
43.89289704,-86.44573003
43.89528956,-86.44593754
43.90134906,-86.4464631
43.918089,-86.447915
43.91841631,-86.4480092
43.91889662,-86.44814744
43.92376953,-86.44954987
43.92976307,-86.45127483
43.94062384,-86.45440058
43.96965461,-86.4627557
43.97080707,-86.46308738
43.970976,-86.463136
43.97110133,-86.4632198
43.99859886,-86.48160581
44.001179,-86.483331
44.00238177,-86.48439884
44.021912,-86.501738
44.02383856,-86.50299755
44.02557503,-86.50413284
44.02604442,-86.50443972
44.032755,-86.508827
44.04792,-86.514742
44.05767243,-86.51470375
44.058119,-86.514702
44.05833027,-86.51457349
44.06740834,-86.50905151
44.067881,-86.508764
44.06820572,-86.50841469
44.07487266,-86.50124294
44.075607,-86.500453
44.07703323,-86.49793667
44.09326722,-86.46929474
44.10142895,-86.45489486
44.10551931,-86.44767816
44.105832,-86.44712647
44.10597,-86.446883
44.10619256,-86.44660888
44.119782,-86.429871
44.12309937,-86.42687346
44.12420293,-86.4258763
44.12499329,-86.42516214
44.12896185,-86.42157619
44.12948,-86.421108
44.156848,-86.400645
44.16123926,-86.39787449
44.16258924,-86.39702276
44.16341778,-86.39650002
44.17868536,-86.38686746
44.18927169,-86.38018838
44.189472,-86.380062
44.208113,-86.362847
44.22381119,-86.35459212
44.22434239,-86.35431279
44.229429,-86.351638
44.23545871,-86.34929383
44.249608,-86.343793
44.263057,-86.327287
44.26378064,-86.32690173
44.27850345,-86.31906321
44.27988398,-86.3183282
44.28303382,-86.31665121
44.28329308,-86.31651318
44.28421,-86.316025
44.28788241,-86.31361199
44.28915804,-86.31277382
44.29042222,-86.31194317
44.30145943,-86.30469102
44.30185209,-86.30443301
44.308197,-86.300264
44.345324,-86.26871
44.400984,-86.251926
44.420946,-86.248083
44.434758,-86.24832
44.451632,-86.251843
44.465443,-86.251605
44.483004,-86.248914
44.48302384,-86.24889669
44.4831158,-86.24881646
44.488929,-86.243745
44.501682,-86.238743
44.51827763,-86.23350266
44.549043,-86.223788
44.566742,-86.220697
44.59459,-86.22545
44.609107,-86.231828
44.64808,-86.25395
44.663654,-86.259029
44.686769,-86.256796
44.691935,-86.254996
44.699046,-86.248474
44.70605,-86.232482
44.720623,-86.172201
44.72244792,-86.16932276
44.72798774,-86.16058543
44.728189,-86.160268
44.7279821,-86.12294646
44.72797943,-86.12246612
44.727972,-86.121125
44.72804838,-86.12075873
44.73064578,-86.10830269
44.731088,-86.106182
44.73152193,-86.1054734
44.74054448,-86.09073981
44.741496,-86.089186
44.758234,-86.077933
44.76049376,-86.07706828
44.76116673,-86.07681076
44.76140674,-86.07671892
44.76679232,-86.07465807
44.769803,-86.073506
44.77839256,-86.073073
44.804717,-86.071746
44.821522,-86.065966
44.834852,-86.066031
44.86542,-86.071112
44.884788,-86.072468
44.895876,-86.07099
44.905685,-86.066745
44.911012,-86.058862
44.915696,-86.038332
44.907349,-86.031194
44.902774,-86.021513
44.899454,-86.009355
44.900026,-85.992535
44.906136,-85.980219
44.914781,-85.972824
44.929484,-85.967169
44.935567,-85.961603
44.940758,-85.952721
44.954317,-85.942099
44.964559,-85.938589
44.968788,-85.9316
44.968307,-85.915851
44.962014,-85.897626
44.957783,-85.891543
44.943305,-85.879934
44.939031,-85.869852
44.938147,-85.854304
44.940256,-85.83615
44.945631,-85.815451
44.949814,-85.807403
44.977932,-85.780439
44.983075,-85.778278
45.000574,-85.776207
45.015181,-85.771395
45.023454,-85.761943
45.051229,-85.746444
45.055575,-85.740836
45.065622,-85.712262
45.076461,-85.695715
45.092693,-85.681096
45.10554,-85.675671
45.116216,-85.674861
45.145788,-85.656024
45.186771,-85.618639
45.184624,-85.613174
45.181104,-85.611684
45.178477,-85.606963
45.178527,-85.593064
45.180381,-85.585986
45.192546,-85.564654
45.200524,-85.561809
45.210742,-85.551072
45.210169,-85.540497
45.189316,-85.526734
45.177247,-85.531461
45.173385,-85.536892
45.167352,-85.552179
45.15894,-85.56168
45.15695441,-85.56210415
45.15535831,-85.56310171
45.15436075,-85.56389976
45.15396172,-85.56489732
45.15376221,-85.56649343
45.15376221,-85.56848855
45.155145,-85.570178
45.155488,-85.573893
45.153175,-85.590434
45.149286,-85.599801
45.127562,-85.614319
45.11351,-85.609266
45.071304,-85.583198
45.068382,-85.573353
45.059201,-85.566066
45.043633,-85.56613
45.041278,-85.57016
45.043361,-85.573976
45.040547,-85.597181
45.021749,-85.599652
45.013103,-85.609123
45.004529,-85.621878
44.990662,-85.606588
44.990983,-85.604301
44.974272,-85.602356
44.926743,-85.602034
44.923123,-85.621403
44.921107,-85.625497
44.890255,-85.639842
44.883645,-85.645456
44.87401,-85.648932
44.849092,-85.652355
44.831624,-85.651435
44.810816,-85.641652
44.790078,-85.637
44.775561,-85.640781
44.77505056,-85.64021604
44.771329,-85.636097
44.767508,-85.627982
44.76703845,-85.62454115
44.76691102,-85.6236074
44.76649399,-85.62055141
44.76637071,-85.61964802
44.76516,-85.610776
44.76536258,-85.60770132
44.76550197,-85.60558561
44.76587831,-85.59987363
44.765919,-85.599256
44.76599594,-85.59910329
44.7686508,-85.59383341
44.768783,-85.593571
44.76934782,-85.59347447
44.7694987,-85.59344868
44.77883875,-85.5918524
44.78298067,-85.59114451
44.78310028,-85.59112407
44.783914,-85.590985
44.807784,-85.581717
44.80829391,-85.58139218
44.864024,-85.545891
44.86886794,-85.53904206
44.87319,-85.532931
44.88918187,-85.53072902
44.88931383,-85.53071085
44.889763,-85.530649
44.89091585,-85.55334844
44.890924,-85.553509
44.888113,-85.559524
44.895246,-85.564509
44.89661164,-85.56293578
44.89698736,-85.56250295
44.90154121,-85.55725692
44.9020703,-85.55664742
44.9022234,-85.55647104
44.90648074,-85.55156659
44.916779,-85.539703
44.91788546,-85.53894549
44.91884509,-85.5382885
44.925762,-85.533553
44.93373216,-85.53047693
44.93695523,-85.529233
44.960347,-85.520205
44.96114895,-85.5204432
44.96200779,-85.52069829
44.966727,-85.5221
44.96744636,-85.52189554
44.9713383,-85.52078937
44.973996,-85.520034
44.97466509,-85.51887503
44.989834,-85.4926
44.98984902,-85.49238571
44.991053,-85.475204
44.98555831,-85.47267627
44.98345297,-85.47170775
44.980745,-85.470462
44.9798639,-85.47021499
44.9730083,-85.46829307
44.97203484,-85.46802016
44.96785255,-85.46684769
44.961062,-85.464944
44.958844,-85.46665
44.95923789,-85.47068828
44.95929374,-85.47126088
44.95933133,-85.47164629
44.959391,-85.472258
44.95852888,-85.47427415
44.953626,-85.48574
44.93808655,-85.48904947
44.934118,-85.48989465
44.9302742,-85.49071328
44.92791764,-85.49121516
44.92780392,-85.49123938
44.927585,-85.491286
44.92586833,-85.49139273
44.92569534,-85.49140349
44.92553109,-85.4914137
44.92461026,-85.49147095
44.92420502,-85.49149615
44.90971892,-85.49239681
44.90822,-85.49249
44.90314472,-85.4894774
44.90221671,-85.48892655
44.901707,-85.488624
44.89753336,-85.48970413
44.89669427,-85.48992129
44.865451,-85.498007
44.8588303,-85.50087169
44.855802,-85.502182
44.85555105,-85.50238564
44.84835232,-85.50822723
44.847872,-85.508617
44.84711433,-85.51175149
44.84667351,-85.51357512
44.84584644,-85.51699672
44.84539968,-85.51884497
44.845339,-85.519096
44.84100179,-85.52718116
44.83764761,-85.5334338
44.83491791,-85.53852233
44.834166,-85.539924
44.83139454,-85.54270591
44.82809198,-85.54602093
44.82699796,-85.54711908
44.82233756,-85.55179705
44.8212883,-85.55285027
44.82029785,-85.55384445
44.818256,-85.555894
44.81437224,-85.55795214
44.810072,-85.560231
44.80997414,-85.56023223
44.80835898,-85.56025259
44.80077247,-85.5603482
44.8004539,-85.56035221
44.79665517,-85.56040008
44.79594998,-85.56040897
44.7947724,-85.56042381
44.78968951,-85.56048787
44.789679,-85.560488
44.77447748,-85.56878124
44.77037716,-85.57101818
44.76276636,-85.57517028
44.76080658,-85.57623944
44.760208,-85.576566
44.75960162,-85.57591644
44.755293,-85.571301
44.74891695,-85.55477428
44.748744,-85.554326
44.74871484,-85.55408273
44.746821,-85.538285
44.748235,-85.527216
44.75170164,-85.52329627
44.76396368,-85.50943158
44.768082,-85.504775
44.768102,-85.50477155
44.76851848,-85.5046997
44.772951,-85.503935
44.77390065,-85.50407883
44.77857704,-85.50478707
44.781594,-85.505244
44.78427131,-85.50711298
44.787334,-85.509251
44.78868227,-85.50846184
44.79037247,-85.50747255
44.803838,-85.499591
44.80530793,-85.49631369
44.81053107,-85.48466835
44.81174023,-85.48197247
44.81378061,-85.4774233
44.81453209,-85.47574783
44.81481625,-85.47511427
44.814959,-85.474796
44.81510685,-85.47462223
44.82504371,-85.46294337
44.825067,-85.462916
44.82511023,-85.46290592
44.82632703,-85.46262227
44.835667,-85.460445
44.83960886,-85.45747517
44.83961319,-85.4574719
44.83980384,-85.45732826
44.84155822,-85.4560065
44.84244803,-85.45533611
44.84596886,-85.45268349
44.85981688,-85.44225026
44.881646,-85.425804
44.895019,-85.423003
44.911773,-85.406173
44.931018,-85.3958
44.998587,-85.378286
45.018407,-85.381654
45.046319,-85.380659
45.055713,-85.377586
45.069023,-85.366412
45.116938,-85.366908
45.126241,-85.372571
45.142881,-85.376948
45.180876,-85.380464
45.189497,-85.386726
45.20756533,-85.38746346
45.23524,-85.388593
45.270834,-85.371593
45.282774,-85.355478
45.294027,-85.335016
45.303355,-85.323941
45.31314,-85.307646
45.316408,-85.294848
45.314052,-85.289568
45.315443,-85.273789
45.319507,-85.262996
45.325675,-85.25505
45.330863,-85.252193
45.339374,-85.235629
45.356937,-85.209673
45.360641,-85.196704
45.360824,-85.182471
45.370369,-85.143651
45.36700085,-85.09598513
45.36542032,-85.07361747
45.36495053,-85.066969
45.3647584,-85.06425002
45.36470251,-85.06345905
45.36452205,-85.06090519
45.364091,-85.054805
45.36228659,-85.04663525
45.36204149,-85.04552552
45.361643,-85.04372128
45.36158213,-85.04344569
45.361506,-85.043101
45.361251,-85.032813
45.366701,-85.022234
45.37017251,-84.99860326
45.37358749,-84.97535728
45.375973,-84.959119
45.393115,-84.91585
45.402828,-84.912537
45.409776,-84.912956
45.417639,-84.916165
45.421914,-84.922006
45.42880136,-84.97636982
45.42883343,-84.97662298
45.42913066,-84.97896913
45.42932045,-84.98046719
45.429382,-84.980953
45.42933563,-84.98119187
45.427618,-84.990041
45.425264,-84.990785
45.42425284,-84.98922354
45.42308228,-84.98741593
45.42290568,-84.98714323
45.42147136,-84.98492833
45.420764,-84.983836
45.42017137,-84.97837303
45.420035,-84.977116
45.418663,-84.978608
45.42317273,-84.9941908
45.43494149,-85.03485623
45.43577646,-85.03774138
45.43650889,-85.04027219
45.436701,-85.040936
45.44142893,-85.04694335
45.44401877,-85.05023403
45.44442266,-85.05074722
45.44619101,-85.05299409
45.459239,-85.069573
45.46009609,-85.07048456
45.47633535,-85.0877557
45.476928,-85.088386
45.49568441,-85.0971419
45.51025235,-85.10394253
45.521626,-85.109252
45.52191543,-85.10935337
45.52628524,-85.11088378
45.52648848,-85.11095496
45.539406,-85.115479
45.54153302,-85.11578477
45.5421252,-85.1158699
45.55281122,-85.11740606
45.55454999,-85.11765601
45.56733803,-85.11949435
45.56859651,-85.11967526
45.56891492,-85.11972103
45.569026,-85.119737
45.57300241,-85.11902566
45.57412305,-85.11882519
45.575175,-85.118637
45.57562507,-85.11835278
45.57648217,-85.11781152
45.58500372,-85.11243016
45.58504185,-85.11240609
45.585829,-85.111909
45.58596241,-85.11173739
45.58906729,-85.10774354
45.58971623,-85.1069088
45.59023134,-85.1062462
45.59084381,-85.10545838
45.59235013,-85.10352078
45.59269531,-85.10307677
45.59281962,-85.10291687
45.5933604,-85.10222125
45.59355006,-85.10197729
45.59757614,-85.09679849
45.59856173,-85.09553071
45.600121,-85.093525
45.617083,-85.079528
45.61735539,-85.07936956
45.62265955,-85.07628423
45.623688,-85.075686
45.62374237,-85.0756784
45.62529549,-85.0754614
45.629242,-85.07491
45.62975231,-85.07424261
45.63194011,-85.0713814
45.636272,-85.06571613
45.63760382,-85.06397438
45.639505,-85.061488
45.63963086,-85.06100634
45.64384694,-85.04487241
45.6448493,-85.04103658
45.64627268,-85.03558967
45.65031862,-85.02010676
45.65051022,-85.01937357
45.651564,-85.015341
45.65213416,-85.01435249
45.65278867,-85.01321775
45.65636,-85.007026
45.65750382,-85.00564542
45.6602389,-85.00234421
45.661225,-85.001154
45.66776183,-84.99743125
45.669685,-84.996336
45.66986111,-84.99606747
45.68417824,-84.97423706
45.686334,-84.97095
45.68698368,-84.97021251
45.70862115,-84.94565042
45.71029,-84.943756
45.71429223,-84.94263599
45.71987868,-84.94107263
45.721832,-84.940526
45.72834946,-84.94209833
45.72846,-84.942125
45.72886483,-84.94254336
45.73025727,-84.94398237
45.73216857,-84.94595758
45.7334348,-84.94726615
45.73629883,-84.95022596
45.736893,-84.95084
45.7373262,-84.95174534
45.73853662,-84.95427495
45.73907197,-84.95539375
45.74038109,-84.95812965
45.74525188,-84.96830894
45.75196,-84.982328
45.75202205,-84.9829733
45.75205497,-84.9833156
45.75210435,-84.98382913
45.75211435,-84.98393313
45.75217536,-84.98456751
45.75224749,-84.98531756
45.75334736,-84.9967551
45.75381865,-85.00165602
45.75393964,-85.00291423
45.75796233,-85.01143288
45.76032862,-85.01450906
45.76246294,-85.00917327
45.76316818,-85.00741018
45.75985537,-84.99510546
45.759892,-84.938312
45.75977739,-84.93778974
45.75838898,-84.93146284
45.75736628,-84.92680246
45.75702122,-84.92523008
45.756897,-84.924664
45.75584191,-84.92247845
45.75497916,-84.92069132
45.75464346,-84.91999593
45.75001,-84.910398
45.752066,-84.866976
45.744751,-84.840981
45.74599273,-84.8109531
45.74601516,-84.81041061
45.74610306,-84.80828492
45.746171,-84.806642
45.74637787,-84.80511388
45.7469803,-84.80066379
45.74713,-84.799558
45.75052972,-84.7924742
45.75191874,-84.78957999
45.75224847,-84.78889294
45.752283,-84.788821
45.75229804,-84.78880827
45.76034519,-84.78199513
45.76108,-84.781373
45.76965,-84.7798
45.77489199,-84.78722837
45.77846402,-84.79229026
45.778497,-84.792337
45.780463,-84.793153
45.787224,-84.780313
45.78891836,-84.77415553
45.78895729,-84.77401407
45.789301,-84.772765
45.782733,-84.751571
45.784134,-84.742
45.788205,-84.734065
45.78792813,-84.73238822
45.786905,-84.726192
45.777599,-84.718904
45.766174,-84.715996
45.756197,-84.681967
45.749095,-84.679546
45.73999,-84.644822
45.721668,-84.604712
45.710381,-84.573631
45.702268,-84.555496
45.698566,-84.553311
45.69047973,-84.53916719
45.69047841,-84.53916488
45.690383,-84.538998
45.652404,-84.46168
45.654771,-84.442348
45.664106,-84.435415
45.669201,-84.427495
45.669427,-84.413642
45.663345,-84.400283
45.655565,-84.376403
45.66438,-84.329537
45.653296,-84.289685
45.64479,-84.270238
45.634767,-84.215268
45.627116,-84.20421771
45.621456,-84.196043
45.604639,-84.180514
45.585305,-84.157121
45.573714,-84.139462
45.562284,-84.128867
45.556616,-84.126532
45.542428,-84.126971
45.523788,-84.122309
45.51305,-84.116687
45.505171,-84.109238
45.497298,-84.095905
45.490537,-84.075792
45.489349,-84.056138
45.493733,-84.039958
45.496245,-84.036286
45.497225,-84.028813
45.495069,-84.009582
45.491158,-83.99835
45.494138,-83.978017
45.493189,-83.939261
45.485784,-83.909472
45.467907,-83.881813
45.446865,-83.85856
45.435287,-83.841543
45.419159,-83.806622
45.416415,-83.788777
45.417302,-83.773171
45.411034,-83.755569
45.410943,-83.737321
45.413304,-83.721815
45.396239,-83.697316
45.384675,-83.667934
45.37171,-83.64379
45.352561,-83.599273
45.347198,-83.570361
45.350832,-83.550268
45.352637,-83.546799
45.358397,-83.545729
45.358167,-83.538306
45.347239,-83.520258
45.34646,-83.514717
45.357536,-83.496704
45.355872,-83.488826
45.341891,-83.477794
45.34182721,-83.47772849
45.3324505,-83.46809907
45.310612,-83.445672
45.303688,-83.43304
45.296808,-83.42514
45.29250574,-83.4231782
45.29098861,-83.42248641
45.290775,-83.422389
45.29071341,-83.42227191
45.28978658,-83.42050991
45.279572,-83.401091
45.27952825,-83.40087988
45.27950206,-83.4007535
45.27940008,-83.40026135
45.27910666,-83.39884543
45.276916,-83.388274
45.274195,-83.385104
45.268983,-83.381743
45.254976,-83.388034
45.245807,-83.412569
45.238905,-83.41241
45.227157,-83.405914
45.20710692,-83.38758745
45.203472,-83.384265
45.203357,-83.381647
45.182168,-83.368896
45.172478,-83.368046
45.166469,-83.363678
45.16302,-83.359895
45.161516,-83.348684
45.14712,-83.337822
45.141958,-83.316118
45.139992,-83.315924
45.137684,-83.319315
45.12893,-83.318442
45.099093,-83.30788
45.090483,-83.298275
45.069157,-83.290827
45.062597,-83.291346
45.045962,-83.280272
45.044767,-83.277037
45.038114,-83.271464
45.026844,-83.265896
45.023417,-83.271506
45.026462,-83.287974
45.032315,-83.302153
45.041545,-83.340257
45.050613,-83.357609
45.062268,-83.36747
45.070364,-83.399255
45.057616,-83.433798
45.051056,-83.442052
45.035331,-83.453363
45.03188,-83.454168
45.016655,-83.446342
45.011883,-83.435249
45.007998,-83.431254
45.000012,-83.435822
45.000011,-83.438948
44.990219,-83.450013
44.952247,-83.443718
44.940843,-83.438856
44.93289,-83.433032
44.926741,-83.425311
44.918761,-83.404596
44.906417,-83.398879
44.903056,-83.39396
44.886164,-83.352815
44.880571,-83.320503
44.85849428,-83.32109312
44.85310231,-83.32123725
44.852962,-83.321241
44.85272254,-83.32108915
44.84843969,-83.31837319
44.84222,-83.314429
44.8421307,-83.31432967
44.84088154,-83.31294015
44.84078321,-83.31283077
44.84046604,-83.31247797
44.83695975,-83.30857772
44.83541011,-83.30685397
44.829831,-83.300648
44.82336224,-83.29973718
44.815416,-83.29861833
44.79348576,-83.2955305
44.793397,-83.295518
44.79023685,-83.29564956
44.78911188,-83.29569639
44.77882832,-83.29612451
44.75854263,-83.29696902
44.758495,-83.296971
44.75563225,-83.298021
44.754907,-83.298287
44.7544653,-83.29823731
44.75054718,-83.2977965
44.74813971,-83.29752565
44.74720328,-83.2974203
44.746134,-83.2973
44.74350197,-83.29626476
44.72997434,-83.290944
44.729265,-83.290665
44.72645348,-83.28821415
44.72244956,-83.28472387
44.721766,-83.284128
44.72101138,-83.28309801
44.71670006,-83.27721346
44.71489303,-83.27474703
44.71442094,-83.27410267
44.713901,-83.273393
44.70477048,-83.27467366
44.7018907,-83.27507758
44.70044075,-83.27528095
44.70017687,-83.27531797
44.69888188,-83.2754996
44.69857356,-83.27554285
44.69816135,-83.27560067
44.69433961,-83.27613671
44.689354,-83.276836
44.68750724,-83.27747582
44.68273542,-83.27912902
44.68227778,-83.27928757
44.6629268,-83.28599176
44.66037965,-83.28687422
44.6594088,-83.28721057
44.65832805,-83.287585
44.65770313,-83.2878015
44.652968,-83.289442
44.64535986,-83.29537748
44.63031289,-83.30711635
44.629816,-83.307504
44.62464955,-83.30922191
44.622906,-83.30980165
44.62270319,-83.30986909
44.60892593,-83.31445019
44.608725,-83.314517
44.60851216,-83.31453394
44.60219046,-83.31503704
44.6021519,-83.31504011
44.59917783,-83.3152768
44.59719302,-83.31543476
44.595079,-83.315603
44.59351367,-83.31550269
44.57204296,-83.31412675
44.5715924,-83.31409787
44.57026551,-83.31401284
44.5688877,-83.31392454
44.56839458,-83.31389294
44.56714804,-83.31381306
44.56682238,-83.31379219
44.56607645,-83.31374439
44.564588,-83.313649
44.56449752,-83.31362262
44.54944395,-83.30923401
44.54904324,-83.30911719
44.54836,-83.308918
44.54813979,-83.30890636
44.539902,-83.308471
44.53752774,-83.30938471
44.53544795,-83.31018509
44.53495219,-83.31037588
44.53269282,-83.31124537
44.5319562,-83.31152885
44.5148715,-83.31810371
44.514416,-83.318279
44.51429416,-83.31827613
44.51173424,-83.31821573
44.486058,-83.31761
44.444411,-83.326824
44.429234,-83.327171
44.415039,-83.324616
44.409119,-83.321553
44.404502,-83.321648
44.372486,-83.333757
44.357995,-83.335248
44.340464,-83.332533
44.332919,-83.336988
44.329763,-83.343738
44.332366,-83.352115
44.33259,-83.364312
44.327784,-83.373607
44.301831,-83.401822
44.294543,-83.414301
44.2878,-83.419236
44.272487,-83.425762
44.26970845,-83.42968899
44.265361,-83.44273134
44.273378,-83.445805
44.2739912,-83.44774164
44.27817591,-83.46095795
44.278838,-83.463049
44.28009,-83.479531
44.27661,-83.500392
44.273711,-83.508839
44.261558,-83.524817
44.248171,-83.53771
44.227282,-83.549096
44.210718,-83.552872
44.197956,-83.553834
44.1635166,-83.56522454
44.16341753,-83.56525731
44.16121926,-83.56598437
44.16006605,-83.56636578
44.155899,-83.567744
44.15098287,-83.56794139
44.14454235,-83.56819998
44.14358681,-83.56823835
44.14347496,-83.56824284
44.12951281,-83.56880343
44.12881935,-83.56883127
44.126734,-83.568915
44.12434269,-83.56850947
44.12120746,-83.56797778
44.119652,-83.567714
44.101298,-83.573071
44.086758,-83.588004
44.079237,-83.591361
44.069569,-83.590437
44.056748,-83.58409
44.054686,-83.601173
44.056186,-83.621078
44.052404,-83.650116
44.036365,-83.679654
44.020709,-83.687892
43.994196,-83.680108
43.99299714,-83.70874131
43.991529,-83.743806
43.988807,-83.746779
43.98659885,-83.75706332
43.98536065,-83.76283015
43.98532092,-83.7630152
43.9852501,-83.76334506
43.985158,-83.763774
43.98523491,-83.77908607
43.985279,-83.787863
43.98900271,-83.82808027
43.98903211,-83.82839777
43.989095,-83.829077
43.98908508,-83.82910238
43.98907685,-83.82912346
43.981594,-83.848276
43.97940349,-83.85149572
43.97923066,-83.85174975
43.97913956,-83.85188366
43.97798426,-83.85358177
43.977067,-83.85493
43.97599663,-83.85521913
43.97489939,-83.85551552
43.9746912,-83.85557176
43.97458077,-83.85560159
43.97439127,-83.85565278
43.97282224,-83.85607661
43.972632,-83.856128
43.97241408,-83.85637088
43.97061787,-83.85837291
43.970479,-83.85852769
43.96995291,-83.85911406
43.96978153,-83.85930508
43.96964303,-83.85945945
43.96950389,-83.85961453
43.96938866,-83.85974296
43.960719,-83.869406
43.96068173,-83.86961413
43.95935093,-83.87704655
43.959235,-83.877694
43.95542801,-83.88001085
43.95526078,-83.88011262
43.946691,-83.885328
43.94619731,-83.88552586
43.94615441,-83.88554305
43.934672,-83.890145
43.923314,-83.890912
43.918062,-83.907388
43.91052025,-83.91112753
43.89905,-83.916815
43.856509,-83.917875
43.787398,-83.926345
43.777091,-83.929375
43.759946,-83.945426
43.760932,-83.954792
43.759286,-83.956021
43.750647,-83.954347
43.715369,-83.939297
43.70126918,-83.92946173
43.672622,-83.909479
43.664022,-83.897078
43.644922,-83.852076
43.643022,-83.814674
43.641221,-83.806774
43.630056,-83.778919
43.628691,-83.770693
43.634924,-83.769886
43.618691,-83.725793
43.597646,-83.703446
43.59679168,-83.6992528
43.59079,-83.669795
43.591292,-83.666052
43.59929,-83.654192
43.628891,-83.618602
43.650249,-83.595579
43.684564,-83.563157
43.685432,-83.553707
43.693798,-83.549044
43.699901,-83.55147
43.708746,-83.540187
43.716948,-83.524837
43.718157,-83.515853
43.714607,-83.513461
43.710907,-83.506657
43.714636,-83.48007
43.723418,-83.470053
43.72891968,-83.46742856
43.733843,-83.46508
43.740931,-83.459628
43.761694,-83.440171
43.767135,-83.438878
43.770175,-83.441591
43.77186,-83.446752
43.786846,-83.438311
43.799915,-83.426068
43.801034,-83.416378
43.805033,-83.411453
43.80773,-83.410663
43.81756908,-83.41245628
43.82558522,-83.41085305
43.83199813,-83.40764659
43.839132,-83.390344
43.840457,-83.389017
43.844229,-83.389424
43.857395,-83.358869
43.880522,-83.33227
43.893901,-83.331788
43.89852,-83.333532
43.904541,-83.340976
43.90638789,-83.34800654
43.90991498,-83.34864782
43.9121595,-83.34736525
43.91568661,-83.33806652
43.91762,-83.318656
43.922489,-83.30569
43.938031,-83.28231
43.956132,-83.26898
43.969021,-83.26185
43.973525,-83.26153
43.981003,-83.227093
43.983137,-83.195688
43.982109,-83.180618
43.989441,-83.145407
43.993147,-83.134881
44.00095,-83.120659
44.003245,-83.10782
44.001079,-83.079297
44.003366,-83.066026
44.006224,-83.058741
44.01571,-83.046577
44.041175,-83.029868
44.045174,-83.024604
44.04651,-82.999283
44.048846,-82.990728
44.066138,-82.967439
44.065774,-82.958688
44.063306,-82.956658
44.062187,-82.947368
44.069389,-82.928884
44.070503,-82.915976
44.050952,-82.889831
44.045046,-82.875889
44.036851,-82.833103
44.023247,-82.793205
44.013712,-82.788298
44.009366,-82.783198
44.006845,-82.765018
43.996037,-82.746255
43.989506,-82.738992
43.972615,-82.728528
43.94961,-82.712235
43.948226,-82.709839
43.91798,-82.693505
43.88373,-82.678642
43.867883,-82.65545
43.852468,-82.643166
43.846419,-82.642899
43.84449,-82.647467
43.842684,-82.647784
43.837539,-82.644345
43.831224,-82.633641
43.768596,-82.617955
43.756088,-82.619079
43.746788,-82.617213
43.739771,-82.612224
43.69043735,-82.60623302
43.678884,-82.60483
43.669489,-82.605783
43.602935,-82.6005
43.590016,-82.597911
43.581467,-82.593785
43.543969,-82.585654
43.502904,-82.565691
43.497063,-82.565505
43.464111,-82.55354
43.437539,-82.539517
43.431594,-82.538578
43.422378,-82.53993
43.368062,-82.535627
43.34851,-82.536794
43.333805,-82.530128
43.316243,-82.529416
43.30577,-82.532396
43.225361,-82.523086
43.212737,-82.519123
43.196748,-82.508881
43.16894557,-82.50315683
43.16813698,-82.50299035
43.161656,-82.501656
43.16135112,-82.50152905
43.15782662,-82.50006142
43.1473163,-82.49568486
43.143736,-82.494194
43.1428644,-82.49407194
43.14272248,-82.49405207
43.14245274,-82.49401429
43.14218619,-82.49397696
43.13768467,-82.49334657
43.13536269,-82.4930214
43.12078183,-82.49097948
43.11831375,-82.49063385
43.118172,-82.490614
43.11775865,-82.49049352
43.10468816,-82.48668386
43.102486,-82.486042
43.087581,-82.471053
43.0614704,-82.45731852
43.061285,-82.457221
43.05122866,-82.45072414
43.03994234,-82.44343265
43.007956,-82.422768
43.005555,-82.415937
43.000029,-82.422586
42.996938,-82.424206
42.993393,-82.42455
42.988728,-82.423086
42.984451,-82.420346
42.977041,-82.412965
42.966613,-82.416737
42.952001,-82.428603
42.937752,-82.447142
42.926866,-82.455027
42.901456,-82.46404
42.887459,-82.469912
42.881421,-82.470032
42.859107,-82.46822
42.852314,-82.468961
42.836784,-82.472681
42.825187,-82.47864
42.808629,-82.482045
42.805519,-82.481576
42.802272,-82.480394
42.784002,-82.471159
42.769298,-82.467394
42.76191,-82.467483
42.733624,-82.483604
42.71798,-82.48387
42.700823,-82.494491
42.665172,-82.510533
42.637294,-82.509935
42.613888,-82.518782
42.607486,-82.523337
42.591848,-82.548169
42.590338,-82.549717
42.583981,-82.554236
42.582425,-82.555938
42.573551,-82.569801
42.567078,-82.57738
42.56534,-82.579205
42.554041,-82.583996
42.550678,-82.589779
42.548592,-82.604686
42.548843,-82.607068
42.550419,-82.611059
42.554601,-82.616848
42.557229,-82.624907
42.557051,-82.633491
42.554973,-82.640916
42.554333,-82.64268
42.550401,-82.648776
42.541875,-82.661677
42.535084,-82.666596
42.52221,-82.679059
42.518597,-82.686417
42.528659,-82.685397
42.53552,-82.679522
42.537989,-82.670956
42.546244,-82.664335
42.557909,-82.680758
42.574695,-82.681036
42.588417,-82.688061
42.585991,-82.701152
42.590884,-82.711151
42.597904,-82.713042
42.606687,-82.700818
42.609433,-82.683482
42.618672,-82.681593
42.625033,-82.690124
42.627148,-82.689836
42.637225,-82.669103
42.631145,-82.645715
42.64211,-82.630922
42.647385,-82.626396
42.655951,-82.623043
42.665395,-82.623797
42.673341,-82.630851
42.675552,-82.635262
42.678618,-82.659781
42.687049,-82.674287
42.690036,-82.6855
42.689548,-82.700964
42.683578,-82.706135
42.6835097,-82.70784094
42.682768,-82.726366
42.669732,-82.753317
42.655725,-82.765583
42.652232,-82.780817
42.655132,-82.792418
42.654032,-82.797318
42.640833,-82.813518
42.626333,-82.820118
42.616333,-82.819017
42.610933,-82.811017
42.603434,-82.789017
42.59829968,-82.78757334
42.592661,-82.788977
42.582835,-82.788116
42.571634,-82.781514
42.564834,-82.782414
42.563634,-82.784514
42.568434,-82.789114
42.571034,-82.796715
42.570734,-82.821016
42.567849,-82.834216
42.560634,-82.845916
42.555734,-82.849316
42.548935,-82.851016
42.541935,-82.859316
42.5408417,-82.86021322
42.523535,-82.874416
42.501035,-82.882316
42.471836,-82.883915
42.451235,-82.87057175
42.450888,-82.870347
42.408137,-82.886113
42.398237,-82.888413
42.389437,-82.894013
42.385437,-82.898413
42.378137,-82.915114
42.374437,-82.919114
42.359437,-82.928815
42.352068,-82.92397
42.347337,-82.945415
42.339638,-82.959416
42.332439,-82.988619
42.329739,-83.01832
42.317738,-83.064121
42.308638,-83.079721
42.290138,-83.096521
42.260638,-83.110922
42.238839,-83.128022
42.20276026,-83.13134344
42.17474,-83.133923
42.125742,-83.121323
42.088143,-83.133511
42.085542,-83.157624
42.073601,-83.168759
42.07293958,-83.17058911
42.066431,-83.188598
42.061853,-83.189115
42.061206,-83.186877
42.052243,-83.185526
42.031329,-83.18824
42.029451,-83.185858
42.02936748,-83.18582193
42.019301,-83.181475
42.007573,-83.187246
42.006172,-83.190535
42.00504,-83.208647
41.995736,-83.209379
41.98862037,-83.21683479
41.988561,-83.216897
41.989191,-83.223354
41.98918531,-83.22336941
41.98860289,-83.22494746
41.98757065,-83.22774429
41.98732482,-83.22841036
41.987291,-83.228502
41.98721578,-83.22860658
41.98672456,-83.22928959
41.97273471,-83.24874139
41.972402,-83.249204
41.97138561,-83.24982785
41.96275945,-83.25512254
41.96002145,-83.2568031
41.959686,-83.257009
41.95861535,-83.25704289
41.95543814,-83.25714345
41.95366995,-83.25719942
41.950745,-83.257292
41.939042,-83.269521
41.93933704,-83.27049119
41.944397,-83.28713
41.94461648,-83.2927613
41.94462637,-83.29301524
41.944742,-83.295982
41.94420004,-83.29822972
41.94390166,-83.29946723
41.943073,-83.302904
41.94276232,-83.30346456
41.94155703,-83.30563928
41.935893,-83.315859
41.92497914,-83.32600714
41.924961,-83.326024
41.92494836,-83.32602944
41.92255386,-83.32706002
41.91456535,-83.33049824
41.9087565,-83.33299834
41.907261,-83.333642
41.90324728,-83.33417266
41.90193884,-83.33434565
41.89620859,-83.33510326
41.89599188,-83.33513191
41.89200919,-83.33565847
41.889721,-83.335961
41.879956,-83.341557
41.867849,-83.359467
41.865505,-83.366187
41.87412244,-83.37219769
41.874477,-83.372445
41.8717288,-83.37970483
41.870877,-83.381955
41.86166761,-83.38928929
41.8559758,-83.39382222
41.852965,-83.39622
41.83265412,-83.40821992
41.830325,-83.409596
41.822278,-83.422316
41.82225457,-83.42239095
41.82131633,-83.42539251
41.82102621,-83.42632065
41.81950623,-83.43118328
41.818562,-83.434204
41.81682285,-83.43594573
41.81647066,-83.43629844
41.813162,-83.439612
41.808646,-83.441668
41.80118962,-83.44231558
41.79882953,-83.44252056
41.79512107,-83.44284264
41.789118,-83.443364
41.77108636,-83.4379352
41.769694,-83.437516
41.76914971,-83.43723078
41.76908483,-83.43719678
41.76598306,-83.43557138
41.76343892,-83.43423818
41.76102519,-83.43297333
41.7607561,-83.43283232
41.75931605,-83.4320777
41.75907385,-83.43195078
41.75745695,-83.43110348
41.7503456,-83.42737696
41.75026661,-83.42733557
41.750214,-83.427308
41.74763869,-83.42642963
41.74104195,-83.42417967
41.740738,-83.424076
41.74070961,-83.42415535
41.737058,-83.43436
41.734486,-83.451897
41.732647,-83.453832
41.731847,-83.497733
41.731647,-83.499733
41.731547,-83.503433
41.731547,-83.504334
41.729348,-83.585235
41.729148,-83.593835
41.729148,-83.595235
41.727849,-83.636636
41.727749,-83.639636
41.726949,-83.665937
41.726449,-83.685337
41.72515,-83.708937
41.72355,-83.763038
41.72354733,-83.76314999
41.72125,-83.859541
41.72008944,-83.88038747