2079,Mississippi
34.995694,-90.309297
34.994356,-89.893402
34.994261,-89.883365
34.994193,-89.848488
34.994293,-89.795187
34.995194,-89.741785
34.99521173,-89.72432443
34.995293,-89.644282
34.994755,-89.511153
34.994361,-89.493739
34.993975,-89.486897
34.993754,-89.434954
34.99412278,-89.35268016
34.994729,-89.217433
34.994484,-89.198288
34.993926,-89.156827
34.994307,-89.139136
34.99433,-89.138997
34.994956,-89.02654
34.99494541,-89.01712709
34.994842,-88.925241
34.995868,-88.886979
34.995085,-88.851037
34.99515755,-88.82304873
34.995252,-88.786612
34.996033,-88.469877
34.996052,-88.469801
34.99561,-88.380508
34.99558961,-88.36353086
34.995463,-88.258111
34.995553,-88.253825
34.995634,-88.200064
34.991192,-88.198811
34.974909,-88.187429
34.967466,-88.179973
34.962519,-88.176106
34.955213,-88.172102
34.933456,-88.161594
34.922392,-88.154617
34.914374,-88.146335
34.909631,-88.139721
34.907592,-88.136692
34.902227,-88.125038
34.894095,-88.099999
34.892202,-88.097888
34.811628,-88.10756
34.746303,-88.116418
34.724292,-88.118407
34.62266,-88.134263
34.589215,-88.138719
34.587795,-88.139246
34.581703,-88.139988
34.463214,-88.156292
34.383102,-88.165634
34.380926,-88.16591
34.321054,-88.173632
34.302171,-88.175867
34.293858,-88.176889
34.220952,-88.186667
34.204778,-88.18762
34.190123,-88.190678
34.175351,-88.192128
34.115948,-88.200196
34.08655424,-88.20378406
34.058333,-88.207229
34.029199,-88.210741
33.912875,-88.226428
33.911665,-88.226517
33.911551,-88.226517
33.847203,-88.235492
33.810879,-88.240054
33.79568,-88.243025
33.781673,-88.244142
33.74497368,-88.24893735
33.719568,-88.252257
33.698779,-88.254445
33.69578,-88.254622
33.68286,-88.256131
33.682053,-88.256343
33.594229,-88.267005
33.591989,-88.267148
33.58504,-88.26816
33.576929,-88.269076
33.572894,-88.269532
33.570819,-88.27005
33.534008,-88.274619
33.516463,-88.276805
33.512436,-88.277421
33.39905484,-88.29107825
33.28831795,-88.30441699
33.220923,-88.312535
33.203323,-88.315235
33.184123,-88.317135
33.073125,-88.330934
32.991199,-88.340432
32.92907758,-88.34785003
32.87513,-88.354292
32.747656,-88.368349
32.711825,-88.373338
32.626954,-88.382985
32.626679,-88.383039
32.57812292,-88.38885725
32.485415,-88.399966
32.449885,-88.403789
32.44977,-88.403789
32.380025,-88.4125
32.373922,-88.413819
32.30868,-88.421453
32.250143,-88.428278
32.2276546,-88.43129402
32.172806,-88.43865
32.172078,-88.43871
32.040576,-88.454959
32.039719,-88.455039
31.933173,-88.46866
31.930262,-88.468879
31.893856,-88.473227
31.875153,-88.472642
31.851385,-88.471214
31.850949,-88.471106
31.790722,-88.468669
31.722312,-88.465107
31.6979519,-88.46442698
31.697881,-88.464425
31.624002,-88.459722
31.621652,-88.459478
31.500164,-88.453013
31.481533,-88.451575
31.459448,-88.451045
31.43583474,-88.4495696
31.421277,-88.44866
31.420888,-88.448686
31.355969,-88.445209
31.355855,-88.445182
31.252654,-88.43878
31.246896,-88.43898
31.231252,-88.438211
31.23006,-88.438104
31.114298,-88.432007
31.001123,-88.425807
31.000183,-88.425729
30.99830113,-88.42563615
30.875186,-88.419562
30.866528,-88.41863
30.73559762,-88.4124506
30.731771,-88.41227
30.730395,-88.412209
30.712956,-88.41155
30.706334,-88.411339
30.668731,-88.409571
30.63697,-88.40807
30.631653,-88.407462
30.622736,-88.407484
30.54506,-88.404013
30.543359,-88.403931
30.5331,-88.403547
30.510852,-88.402283
30.369425,-88.395023
30.367689,-88.397236
30.360744,-88.399062
30.354785,-88.397082
30.352493,-88.39415
30.349307,-88.39398
30.344382,-88.401181
30.342115,-88.409927
30.353911,-88.418811
30.354652,-88.433891
30.347753,-88.446495
30.337671,-88.446625
30.329626,-88.45381
30.32002,-88.471875
30.318345,-88.480117
30.321472,-88.504802
30.322393,-88.506226
30.327398,-88.506334
30.340092,-88.522494
30.343299,-88.536214
30.34419,-88.579483
30.358365,-88.596349
30.358933,-88.599249
30.355876,-88.601762
30.353108,-88.613745
30.358713,-88.624523
30.362099,-88.66382
30.35571,-88.679575
30.347302,-88.692164
30.343689,-88.700587
30.342186,-88.714077
30.342671,-88.728893
30.347622,-88.746945
30.365403,-88.771742
30.384907,-88.811615
30.38768,-88.812576
30.391298,-88.810127
30.394698,-88.810227
30.402376,-88.823724
30.409598,-88.841328
30.40526552,-88.84560859
30.392898,-88.857828
30.3753545,-88.85144173
30.3866,-88.880526
30.389172,-88.883789
30.391998,-88.884829
30.393398,-88.89393
30.393798,-88.922031
30.390798,-88.971233
30.383898,-89.016334
30.368097,-89.083237
30.331197,-89.18684
30.322497,-89.220442
30.305491,-89.271833
30.303097,-89.285744
30.303296,-89.291444
30.307596,-89.294444
30.328096,-89.291844
30.333196,-89.287844
30.33198,-89.281564
30.34979,-89.279818
30.365635,-89.292499
30.375408,-89.315067
30.374016,-89.335942
30.37289641,-89.340947
30.370995,-89.349447
30.368795,-89.353248
30.357395,-89.363848
30.352169,-89.366116
30.343573,-89.345934
30.342995,-89.338847
30.337895,-89.332546
30.319296,-89.322345
30.314896,-89.322545
30.302896,-89.329946
30.293196,-89.344746
30.288896,-89.358546
30.284896,-89.365747
30.270396,-89.379547
30.267796,-89.383747
30.25432,-89.419348
30.245391,-89.424624
30.239092,-89.424493
30.223218,-89.430428
30.205098,-89.447465
30.185352,-89.44791
30.174745,-89.461275
30.173943,-89.463595
30.176278,-89.469792
30.191561,-89.475824
30.193751,-89.480214
30.187677,-89.490099
30.183051,-89.503231
30.183076,-89.522814
30.180753,-89.524504
30.188697,-89.527952
30.192197,-89.530452
30.194797,-89.533352
30.195797,-89.538652
30.195397,-89.541453
30.193097,-89.546953
30.191597,-89.549053
30.189197,-89.550853
30.185797,-89.554653
30.182397,-89.562253
30.180297,-89.570154
30.181697,-89.574454
30.186197,-89.580754
30.192096,-89.585754
30.195196,-89.587354
30.200296,-89.588854
30.211796,-89.596655
30.216096,-89.601255
30.217096,-89.607655
30.218096,-89.610655
30.219496,-89.612556
30.223195,-89.615856
30.225595,-89.616956
30.227495,-89.617056
30.235295,-89.615856
30.241495,-89.614056
30.244595,-89.614156
30.247395,-89.616156
30.249895,-89.623856
30.251745,-89.626922
30.256924,-89.631789
30.260137,-89.632225
30.261704,-89.631215
30.262084,-89.630649
30.267195,-89.629757
30.276562,-89.63052
30.279662,-89.631411
30.285032,-89.637647
30.287682,-89.64344
30.303799,-89.641705
30.306755,-89.640401
30.307281,-89.639872
30.308256,-89.634208
30.309332,-89.631643
30.314255,-89.626221
30.315457,-89.626606
30.321017,-89.629877
30.332933,-89.630399
30.339287,-89.629727
30.34397,-89.636299
30.348126,-89.645199
30.351314,-89.645617
30.3525,-89.6467
30.355536,-89.652693
30.356515,-89.657191
30.363487,-89.660274
30.371267,-89.662204
30.382429,-89.670134
30.389276,-89.672762
30.399991,-89.679153
30.405873,-89.683686
30.412646,-89.684118
30.412991,-89.68232
30.411492,-89.681165
30.4114,-89.680134
30.414012,-89.678514
30.428924,-89.680515
30.434073,-89.681946
30.434959,-89.683521
30.439511,-89.684816
30.44581,-89.682829
30.451793,-89.68341
30.45927798,-89.68977947
30.459657,-89.690102
30.463269,-89.695864
30.465115,-89.701799
30.47235,-89.705538
30.477853,-89.709551
30.478308,-89.710164
30.47751,-89.712493
30.477797,-89.715886
30.483166,-89.719652
30.488608,-89.721181
30.491902,-89.724614
30.49256,-89.726154
30.494723,-89.734615
30.49731602,-89.74239628
30.498704,-89.742816
30.502619,-89.746435
30.502493,-89.752931
30.505404,-89.758133
30.505942,-89.758575
30.513062,-89.758862
30.515761,-89.76057
30.51502,-89.768133
30.521896,-89.769996
30.527819,-89.770744
30.530249,-89.771643
30.538848,-89.775355
30.544345,-89.779565
30.544607,-89.780246
30.544075,-89.783994
30.544464,-89.788542
30.54504566,-89.7910457
30.54593495,-89.79381819
30.54656269,-89.79533522
30.54745198,-89.79538753
30.54813202,-89.79523059
30.548283,-89.793989
30.548788,-89.79196
30.551524,-89.791664
30.556554,-89.794532
30.557903,-89.802789
30.558888,-89.803831
30.560581,-89.803887
30.562879,-89.802833
30.563703,-89.801494
30.563695,-89.800277
30.561718,-89.796697
30.56308656,-89.79242978
30.56533296,-89.79007778
30.56657976,-89.78969498
30.56752416,-89.79031838
30.569653,-89.794495
30.569351,-89.799947
30.568148,-89.803753
30.567543,-89.806182
30.567998,-89.808027
30.568795,-89.808184
30.572039,-89.806843
30.584714,-89.809739
30.585825,-89.807762
30.587337,-89.807118
30.591473,-89.812109
30.591646,-89.816396
30.592688,-89.818527
30.59534,-89.819838
30.596785,-89.819696
30.600891,-89.817202
30.606152,-89.814563
30.607721,-89.81392
30.608566,-89.81538
30.60862,-89.816905
30.60713,-89.821286
30.60823,-89.823278
30.614462,-89.822389
30.618254,-89.820868
30.619815,-89.821424
30.622803,-89.823261
30.634019,-89.818081
30.644024,-89.821868
30.649423,-89.824986
30.657516,-89.833261
30.657298,-89.836047
30.658515,-89.840988
30.661199,-89.851889
30.662934,-89.852263
30.664781,-89.85055
30.665202,-89.848879
30.66395188,-89.84691724
30.66356908,-89.84564224
30.663699,-89.843355
30.66555653,-89.8417869
30.66909,-89.838804
30.672514,-89.837894
30.673731,-89.838868
30.67288005,-89.84059728
30.67196325,-89.84134968
30.669724,-89.842344
30.668761,-89.843816
30.668931,-89.845807
30.670038,-89.847201
30.67469128,-89.844965
30.690573,-89.836797
30.691166,-89.835478
30.699555,-89.835848
30.704036,-89.838065
30.704143,-89.839312
30.702713,-89.84173
30.702511,-89.843605
30.704157,-89.845926
30.706209,-89.846576
30.707314,-89.845801
30.716185,-89.836257
30.715384,-89.831961
30.71631,-89.83006
30.725018,-89.828061
30.726759,-89.833065
30.727197,-89.836331
30.728201,-89.836945
30.734661,-89.83687
30.73626,-89.835437
30.736972,-89.833818
30.736594,-89.826175
30.736618,-89.821535
30.737305,-89.81748
30.737946,-89.816499
30.739366,-89.816075
30.740076,-89.816764
30.740671,-89.819548
30.74098807,-89.82349175
30.7423221,-89.8260531
30.747305,-89.825774
30.75841921,-89.82788587
30.76761,-89.831537
30.779629,-89.824395
30.788609,-89.82113
30.791183,-89.821486
30.792523,-89.821078
30.795229,-89.819164
30.796054,-89.817559
30.796054,-89.816418
30.79378193,-89.81394602
30.79203466,-89.8135349
30.78987626,-89.81260988
30.78843733,-89.81209597
30.78802621,-89.81065704
30.78906872,-89.80676279
30.79059573,-89.80510689
30.79162353,-89.80469576
30.79254856,-89.80490133
30.7933708,-89.80623748
30.79390766,-89.80707073
30.79491251,-89.80860143
30.79737925,-89.81086261
30.79799593,-89.81147929
30.79892096,-89.81117095
30.79984599,-89.81014314
30.800562,-89.808176
30.802511,-89.804632
30.803247,-89.804065
30.810425,-89.800422
30.815172,-89.799673
30.819078,-89.800049
30.820855,-89.798654
30.821478,-89.797491
30.821648,-89.796634
30.820387,-89.791745
30.815962,-89.785894
30.817975,-89.782404
30.820123,-89.781168
30.827385,-89.783985
30.830642,-89.786837
30.83047,-89.789426
30.830985,-89.790432
30.832131,-89.790805
30.837983,-89.790121
30.844112,-89.7875
30.845264,-89.782649
30.845508,-89.7806
30.846235,-89.780228
30.848542,-89.780947
30.852131,-89.783791
30.853744,-89.784416
30.85527,-89.784073
30.856022,-89.783384
30.856613,-89.781643
30.8558,-89.778755
30.853254,-89.774739
30.85366,-89.772587
30.854677,-89.771722
30.863858,-89.767955
30.865577,-89.767789
30.866392,-89.768237
30.873411,-89.778005
30.875185,-89.779194
30.878903,-89.778583
30.881088,-89.77711
30.881497,-89.775458
30.882254,-89.770027
30.89024,-89.772011
30.896862,-89.773553
30.898338,-89.773099
30.899127,-89.771986
30.89939,-89.770269
30.896919,-89.765101
30.896306,-89.760701
30.897319,-89.758719
30.898947,-89.757024
30.901069,-89.756671
30.906216,-89.759803
30.906591,-89.761593
30.907732,-89.763622
30.910276,-89.764451
30.911906,-89.764202
30.913736,-89.7626
30.915134,-89.759403
30.914993,-89.757417
30.9128,-89.754086
30.91293,-89.750073
30.915805,-89.746718
30.918933,-89.744789
30.920577,-89.744448
30.922416,-89.745161
30.923369,-89.748208
30.929815,-89.750073
30.932816,-89.748851
30.933888,-89.748897
30.935763,-89.750073
30.939543,-89.755835
30.941949,-89.756554
30.943498,-89.756333
30.951439,-89.751196
30.958482,-89.743592
30.959993,-89.743134
30.966573,-89.735686
30.966919,-89.733933
30.96613,-89.731393
30.966242,-89.729327
30.966518,-89.728041
30.967395,-89.727072
30.969707,-89.727086
30.971141,-89.728382
30.974446,-89.736086
30.976081,-89.737149
30.977122,-89.736883
30.977865,-89.735912
30.978088,-89.732168
30.979707,-89.730501
30.98209,-89.72993
30.993329,-89.727698
30.994396,-89.728563
30.994409,-89.732035
30.995602,-89.734227
30.999715,-89.73554
30.999749,-89.73
31.000956,-89.728126
31.00229963,-89.72814513
31.002431,-89.728147
31.003927,-89.729616
31.004831,-89.732504
31.003441,-89.741821
31.002252,-89.745215
31.000184,-89.747229
30.999555,-89.749189
30.99969,-89.751481
31.000183,-89.752133
31.001853,-89.75264211
31.002084,-89.816429
31.00206,-89.824617
31.002059,-89.835542
31.00205927,-89.83590796
31.002075,-89.856862
31.001759,-89.892708
31.001913,-89.897516
31.001446,-89.923119
31.001437,-89.927161
31.001392,-89.972802
31.001692,-89.97543
31.001364,-90.005332
31.001302,-90.022185
31.00119,-90.029574
31.001215,-90.050706
31.001047,-90.128406
31.000924,-90.131395
31.001025,-90.164278
31.00098,-90.164676
31.00065716,-90.25955493
31.000363,-90.346007
31.000359,-90.34723
31.00035899,-90.34724096
31.000335,-90.369371
30.999872,-90.380536
30.99981,-90.422117
30.999776,-90.426849
30.99973,-90.437351
30.999729,-90.441725
30.999722,-90.442479
30.999798,-90.474094
30.99974,-90.475928
30.999717,-90.477284
30.99974,-90.485876
30.999693,-90.486749
30.99972326,-90.54761548
30.999733,-90.567195
30.999698,-90.583518
30.999698,-90.584448
30.999604,-90.587373
30.99965,-90.588676
30.999486,-90.648721
30.99951,-90.651193
30.999214,-90.734473
30.999222,-90.734552
30.999583,-90.758775
30.999374,-90.769333
30.999491,-90.775981
30.999457,-90.779858
30.999447,-90.783745
30.99936041,-90.82582937
30.99936,-90.826027
30.99963,-90.89473
30.99895296,-91.06021295
30.99892,-91.06827
30.998909,-91.080814
30.998857,-91.108114
30.99888,-91.108291
30.99914373,-91.17613975
30.999144,-91.176209
30.999183,-91.224068
30.999183,-91.224839
30.999474,-91.24649
30.998984,-91.423621
30.999007,-91.425749
30.999006,-91.49739
30.998691,-91.500116
30.999388,-91.538727
30.999167,-91.625118
30.999416,-91.636942
31.005374,-91.625118
31.011216,-91.60649
31.01727,-91.590463
31.02403,-91.578413
31.029782,-91.571695
31.038965,-91.564397
31.046225,-91.561232
31.049508,-91.560365
31.054119,-91.559907
31.060906,-91.561283
31.06683,-91.56415
31.070186,-91.567648
31.091444,-91.594693
31.101557,-91.609523
31.104357,-91.614763
31.107328,-91.61857
31.110257,-91.621535
31.116896,-91.625994
31.119125,-91.626476
31.128763,-91.625707
31.131879,-91.625118
31.133729,-91.624217
31.13687,-91.621671
31.154545,-91.604197
31.159592,-91.599732
31.163492,-91.597062
31.173118,-91.591502
31.178586,-91.589046
31.181025,-91.588695
31.188959,-91.588939
31.19113993,-91.58945129
31.193693,-91.590051
31.201969,-91.595029
31.208573,-91.601616
31.226071,-91.625119
31.234414,-91.644356
31.242691,-91.652019
31.250175,-91.654907
31.251815,-91.655009
31.255753,-91.654027
31.259528,-91.651369
31.262238,-91.648669
31.266917,-91.641253
31.26768,-91.637672
31.267811,-91.621358
31.2659,-91.606672
31.262563,-91.587749
31.261289,-91.574493
31.261633,-91.564192
31.26305,-91.553905
31.267369,-91.537734
31.275283,-91.518578
31.27821,-91.515614
31.284177,-91.512085
31.291644,-91.508858
31.295829,-91.508296
31.312943,-91.507977
31.315131,-91.50866
31.316822,-91.510049
31.323332,-91.518509
31.331801,-91.531657
31.333225,-91.533206
31.338355,-91.536061
31.343762,-91.545617
31.347255,-91.548967
31.353998,-91.548894
31.360574,-91.550869
31.363645,-91.551002
31.376315,-91.549915
31.381198,-91.546607
31.38248,-91.546207
31.385658,-91.552432
31.386413,-91.55568
31.384559,-91.560524
31.383219,-91.562555
31.377629,-91.568953
31.384664,-91.571234
31.390886,-91.573931
31.399067,-91.578334
31.403859,-91.578246
31.410498,-91.576265
31.419487,-91.570092
31.423447,-91.565179
31.42857,-91.554805
31.430692,-91.55275
31.432668,-91.548465
31.433026,-91.545013
31.431706,-91.541626
31.430758,-91.540647
31.424161,-91.537137
31.423184,-91.537002
31.41791,-91.539504
31.414021,-91.539458
31.390275,-91.532336
31.380855,-91.52695
31.37517,-91.521836
31.370286,-91.515978
31.366276,-91.508075
31.36495,-91.504163
31.364955,-91.47887
31.37132595,-91.47246451
31.3769174,-91.47109811
31.38214279,-91.4719917
31.39143433,-91.47214879
31.39592514,-91.47206541
31.39779631,-91.47692563
31.40439135,-91.48022961
31.41271563,-91.49003992
31.42051983,-91.50004556
31.43145959,-91.50642343
31.438928,-91.510356
31.444396,-91.513366
31.449206,-91.51513
31.460574,-91.516999
31.483483,-91.518148
31.498394,-91.51714
31.50338,-91.515157
31.510113,-91.514917
31.511772,-91.516759
31.513207,-91.520579
31.517493,-91.522862
31.519841,-91.52292
31.522078,-91.522536
31.523912,-91.521445
31.530894,-91.51581
31.532084,-91.513963
31.532612,-91.511217
31.532966,-91.506719
31.532616,-91.500118
31.534266,-91.489618
31.532566,-91.483918
31.530666,-91.481318
31.530366,-91.479718
31.539666,-91.450017
31.542466,-91.443916
31.546166,-91.437616
31.554566,-91.426416
31.562166,-91.414915
31.569366,-91.407915
31.571966,-91.406615
31.576466,-91.405415
31.589766,-91.403915
31.595365,-91.413015
31.596265,-91.417115
31.597065,-91.422716
31.596465,-91.430716
31.594965,-91.436316
31.587566,-91.457517
31.586066,-91.466317
31.585466,-91.479418
31.586166,-91.485218
31.587466,-91.488618
31.590165,-91.494118
31.595727,-91.502783
31.606885,-91.51301
31.611818,-91.516567
31.61346,-91.517233
31.618642,-91.517921
31.627332,-91.516659
31.630372,-91.515462
31.634722,-91.512336
31.639068,-91.50731
31.644658,-91.499278
31.645371,-91.497665
31.645013,-91.494478
31.644279,-91.492748
31.641,-91.490027
31.637065,-91.487518
31.631565,-91.482618
31.628965,-91.479818
31.625365,-91.474318
31.620365,-91.463817
31.612665,-91.436716
31.611365,-91.429616
31.611565,-91.421116
31.613133,-91.416498
31.620365,-91.401015
31.626265,-91.398315
31.639265,-91.396115
31.644165,-91.395715
31.662665,-91.398015
31.688164,-91.400115
31.697864,-91.400015
31.709364,-91.397915
31.711364,-91.397115
31.732464,-91.380915
31.73324192,-91.38023895
31.7429478,-91.37180416
31.74818419,-91.36503423
31.74910553,-91.35639366
31.75000522,-91.33866345
31.74998938,-91.3198164
31.7497918,-91.31786139
31.74907146,-91.31073388
31.74525981,-91.29172294
31.74551513,-91.27554547
31.75446798,-91.26340635
31.7612904,-91.259611
31.76699504,-91.2630433
31.77117841,-91.27387365
31.77206203,-91.28604492
31.76674756,-91.30131507
31.7615097,-91.32597289
31.758063,-91.355214
31.76162836,-91.36552892
31.780363,-91.363714
31.799362,-91.359514
31.842861,-91.345714
31.846861,-91.343014
31.851261,-91.338414
31.853261,-91.333814
31.854961,-91.326914
31.86046,-91.294713
31.86016,-91.293413
31.846861,-91.289312
31.833658,-91.290135
31.828661,-91.289412
31.824161,-91.287812
31.818362,-91.284912
31.814762,-91.282212
31.813162,-91.280212
31.811362,-91.276712
31.809162,-91.269212
31.809362,-91.262011
31.812662,-91.255611
31.817762,-91.250111
31.822323,-91.247367
31.831447,-91.245047
31.833165,-91.245624
31.846119,-91.261144
31.851161,-91.266612
31.853061,-91.268112
31.855161,-91.268812
31.858661,-91.269012
31.86266,-91.267712
31.86426,-91.266512
31.86546,-91.264412
31.869848,-91.248144
31.876863,-91.234899
31.885105,-91.226951
31.900459,-91.20881
31.904159,-91.20511
31.907959,-91.20281
31.909159,-91.20101
31.908659,-91.19751
31.909559,-91.19381
31.910159,-91.19261
31.912959,-91.19081
31.914259,-91.18921
31.916159,-91.18321
31.917959,-91.18061
31.920059,-91.18111
31.923759,-91.18491
31.933158,-91.18371
31.935058,-91.18471
31.934158,-91.19111
31.934958,-91.19291
31.935658,-91.19321
31.946358,-91.18951
31.953158,-91.18881
31.957458,-91.18911
31.960958,-91.18831
31.965557,-91.18481
31.973257,-91.17741
31.979057,-91.17021
31.982557,-91.16441
31.987057,-91.117409
31.990357,-91.104108
31.994857,-91.096108
32.000157,-91.090105
32.016828,-91.075908
32.018316,-91.079928
32.023456,-91.080808
32.028656,-91.082608
32.031456,-91.084408
32.034455,-91.088108
32.037455,-91.095508
32.042855,-91.125109
32.046555,-91.14511
32.049255,-91.15141
32.052655,-91.15631
32.055955,-91.15901
32.059755,-91.16131
32.062355,-91.16201
32.065354,-91.16201
32.067754,-91.16161
32.070354,-91.16031
32.075554,-91.15581
32.080154,-91.14881
32.081354,-91.14511
32.081754,-91.139309
32.080354,-91.134909
32.076554,-91.128609
32.071854,-91.124109
32.058255,-91.114309
32.050255,-91.103708
32.048355,-91.098708
32.047555,-91.082308
32.048355,-91.080208
32.050255,-91.079108
32.075754,-91.081708
32.077754,-91.081508
32.079154,-91.080008
32.08533,-91.066679
32.098254,-91.038607
32.101053,-91.034707
32.108153,-91.030507
32.11433689,-91.0307065
32.120552,-91.030907
32.12056585,-91.03079919
32.121053,-91.027007
32.123553,-91.020006
32.125153,-91.017606
32.131153,-91.011806
32.139952,-91.006406
32.142852,-91.005006
32.146152,-91.004106
32.15695693,-91.00619046
32.160852,-91.016606
32.162552,-91.025007
32.167851,-91.031907
32.174551,-91.041807
32.178451,-91.050207
32.17735374,-91.05764666
32.171251,-91.058907
32.163752,-91.055707
32.157352,-91.049707
32.150152,-91.048507
32.145252,-91.050207
32.144152,-91.051207
32.124237,-91.053175
32.126907,-91.061555
32.131478,-91.069081
32.133493,-91.077043
32.133992,-91.08163
32.133604,-91.091656
32.131136,-91.101181
32.130007,-91.103696
32.125036,-91.111294
32.125731,-91.113866
32.126213,-91.131403
32.127371,-91.136566
32.13039,-91.1444
32.132243,-91.155043
32.132694,-91.162822
32.13429,-91.165452
32.14425,-91.171702
32.149009,-91.173495
32.154978,-91.174552
32.164231,-91.173664
32.176526,-91.171046
32.186635,-91.168073
32.196888,-91.164171
32.199035,-91.162062
32.201956,-91.158026
32.213432,-91.133587
32.213666,-91.130197
32.213169,-91.128495
32.211104,-91.124043
32.206668,-91.11727
32.206697,-91.114084
32.20655,-91.113009
32.20815,-91.108509
32.21785,-91.100409
32.22385,-91.092108
32.22645,-91.083708
32.22705,-91.075108
32.22605,-91.071108
32.21865,-91.061408
32.22475,-91.055107
32.22795,-91.053107
32.234449,-91.051807
32.237949,-91.050307
32.241149,-91.046507
32.242349,-91.039007
32.241549,-91.034307
32.238749,-91.026607
32.236149,-91.021507
32.22615,-91.009606
32.22405,-91.006106
32.22104988,-91.00476876
32.2158121,-91.00246924
32.21517334,-91.00119174
32.21466234,-90.99953097
32.21389583,-90.9973592
32.21376808,-90.99429318
32.21466234,-90.99122716
32.2158121,-90.98867214
32.21785611,-90.98598937
32.22130539,-90.98343435
32.226201,-90.983263
32.231371,-90.983135
32.243601,-90.98029
32.248092,-90.976139
32.25168,-90.970016
32.25252,-90.969403
32.257742,-90.971344
32.265252,-90.979663
32.266733,-90.981028
32.270294,-90.982985
32.279954,-90.984077
32.29141,-90.980747
32.293702,-90.979475
32.29645,-90.976199
32.297122,-90.974602
32.297497,-90.971643
32.296872,-90.964149
32.296285,-90.963079
32.293288,-90.961171
32.286241,-90.955405
32.284043,-90.953008
32.283199,-90.951351
32.283486,-90.947834
32.290343,-90.933991
32.298639,-90.922231
32.303582,-90.916157
32.315497,-90.905173
32.319587,-90.902558
32.323386,-90.90124
32.330379,-90.90072
32.3575517,-90.8821614
32.37243394,-90.87563107
32.37454838,-90.87828947
32.37324568,-90.88894684
32.37057894,-90.89205956
32.35435974,-90.89776206
32.34361058,-90.90775623
32.339454,-90.912363
32.342073,-90.92117
32.344967,-90.934897
32.345956,-90.942981
32.345859,-90.954583
32.35176,-90.986672
32.354047,-90.993625
32.357695,-91.000106
32.362145,-91.003506
32.364744,-91.004506
32.368144,-91.004506
32.381644,-91.000606
32.388061,-90.996237
32.392277,-90.994686
32.396778,-90.99378
32.403862,-90.99408
32.408243,-90.980723
32.412001,-90.974461
32.414636,-90.971141
32.418279,-90.967767
32.421027,-90.966255
32.424806,-90.965986
32.433868,-90.966457
32.435499,-90.966869
32.438084,-90.96856
32.43949,-90.96959
32.447032,-90.978547
32.449077,-90.983423
32.45085,-90.993863
32.450165,-90.998974
32.445741,-91.004806
32.440342,-91.016506
32.434442,-91.026306
32.433542,-91.029606
32.438442,-91.052907
32.445141,-91.070207
32.450441,-91.081807
32.458741,-91.095308
32.47204,-91.108808
32.47614,-91.112108
32.48314,-91.116008
32.495039,-91.117308
32.500139,-91.116708
32.514934,-91.106985
32.525599,-91.101304
32.532968,-91.098756
32.537214,-91.097949
32.544752,-91.097878
32.549128,-91.093741
32.533467,-91.074817
32.528171,-91.070467
32.512361,-91.060516
32.500139,-91.050907
32.495539,-91.045807
32.49044,-91.038106
32.48854,-91.033906
32.48524,-91.024106
32.48374,-91.017106
32.48214,-91.004206
32.482615,-90.999223
32.483925,-90.996388
32.487749,-90.990703
32.49119,-90.988278
32.49419,-90.987831
32.496796,-90.988174
32.500139,-90.989826
32.506331,-90.994481
32.513842,-91.005468
32.516596,-91.011275
32.53089,-91.051168
32.536448,-91.061685
32.546718,-91.075373
32.556442,-91.080398
32.56279332,-91.06978621
32.563052,-91.069354
32.573624,-91.049312
32.57626955,-91.04345093
32.579556,-91.03617
32.583347,-91.030991
32.591848,-91.022943
32.596953,-91.016231
32.598419,-91.013723
32.601927,-91.010228
32.60978,-91.004599
32.614678,-91.002997
32.622555,-91.002962
32.624845,-91.0035
32.631261,-91.00682
32.640482,-91.014286
32.643845,-91.019115
32.646573,-91.025769
32.644052,-91.030181
32.636443,-91.038415
32.632521,-91.040401
32.625135,-91.041448
32.620779,-91.043263
32.613556,-91.0489
32.607188,-91.049796
32.605372,-91.061354
32.60068,-91.079506
32.59707,-91.087784
32.590879,-91.105704
32.590186,-91.112764
32.585139,-91.118641
32.584795,-91.119854
32.585187,-91.125108
32.586493,-91.127912
32.591651,-91.13528
32.597209,-91.141148
32.600613,-91.144074
32.604144,-91.146204
32.615919,-91.151318
32.626181,-91.153556
32.631282,-91.153821
32.635228,-91.153744
32.640757,-91.152699
32.641508,-91.152081
32.644041,-91.149753
32.648029,-91.144347
32.649265,-91.142038
32.649774,-91.138712
32.650621,-91.137638
32.65887,-91.130928
32.665343,-91.127723
32.674075,-91.118258
32.682434,-91.104443
32.685291,-91.098762
32.691127,-91.081145
32.693751,-91.076061
32.702926,-91.063946
32.712576,-91.057043
32.719229,-91.054749
32.722259,-91.054481
32.72558,-91.056999
32.727494,-91.060766
32.732534,-91.077176
32.7361,-91.090573
32.73997,-91.113652
32.742798,-91.123152
32.743107,-91.131691
32.741786,-91.150244
32.742339,-91.154461
32.743449,-91.15861
32.747009,-91.163389
32.751301,-91.165328
32.757842,-91.165814
32.761984,-91.164968
32.776033,-91.157614
32.780343,-91.156918
32.781096,-91.158583
32.785821,-91.164397
32.800004,-91.161412
32.812465,-91.161669
32.822304,-91.158336
32.823823,-91.157155
32.826673,-91.152174
32.83122,-91.149704
32.84287,-91.145002
32.844739,-91.143559
32.848975,-91.13789
32.855059,-91.127886
32.854861,-91.124725
32.855641,-91.116091
32.858396,-91.105631
32.873392,-91.086683
32.888659,-91.070602
32.891929,-91.068186
32.901064,-91.064449
32.903709,-91.063809
32.906364,-91.063684
32.91652,-91.064854
32.922692,-91.063875
32.926464,-91.064804
32.936036,-91.070547
32.937832,-91.072075
32.943206,-91.080431
32.944768,-91.081913
32.947909,-91.083084
32.949435,-91.081892
32.950123,-91.080507
32.951818,-91.078904
32.962794,-91.080355
32.976266,-91.086802
32.981174,-91.090887
32.984371,-91.094265
32.986412,-91.09693
32.988938,-91.106581
32.988361,-91.111757
32.984669,-91.125107
32.980533,-91.134414
32.979657,-91.135517
32.971352,-91.138585
32.96955,-91.137524
32.966541,-91.13305
32.963815,-91.130947
32.962257,-91.130721
32.960928,-91.131243
32.959056,-91.133335
32.957349,-91.136628
32.95652,-91.137167
32.952756,-91.137863
32.946164,-91.135507
32.930049,-91.131289
32.926919,-91.131304
32.923122,-91.132115
32.917676,-91.134041
32.905494,-91.145076
32.901935,-91.15169
32.899879,-91.159975
32.899391,-91.170235
32.899998,-91.175405
32.901446,-91.181631
32.906784,-91.196785
32.908512,-91.199775
32.915354,-91.208263
32.919624,-91.211597
32.922104,-91.212837
32.927198,-91.213972
32.93032,-91.214027
32.936076,-91.21282
32.939845,-91.210705
32.944393,-91.20744
32.952314,-91.199415
32.954982,-91.20119
32.957332,-91.20203
32.961212,-91.201842
32.963561,-91.199646
32.96482,-91.197433
32.976194,-91.186983
32.978639,-91.182158
32.986088,-91.173308
32.992132,-91.168973
33.002238,-91.166195
33.004106,-91.166073
33.011331,-91.166282
33.019684,-91.162363
33.02358,-91.15616
33.026312,-91.149758
33.027231,-91.142424
33.028736,-91.137439
33.033554,-91.129088
33.038276,-91.125656
33.046577,-91.123441
33.05453,-91.120379
33.055921,-91.120293
33.059166,-91.121195
33.064127,-91.124639
33.081603,-91.149823
33.085596,-91.160656
33.086174,-91.165918
33.087818,-91.171514
33.089318,-91.173546
33.09164,-91.174723
33.098364,-91.180836
33.104561,-91.195953
33.10693,-91.200167
33.108185,-91.201125
33.109638,-91.201462
33.121249,-91.202089
33.125121,-91.20178
33.134731,-91.195296
33.136734,-91.193174
33.139811,-91.188718
33.141691,-91.183662
33.142639,-91.169406
33.141781,-91.161651
33.141216,-91.160298
33.135093,-91.153015
33.131802,-91.151853
33.130695,-91.150362
33.129785,-91.143334
33.129101,-91.131659
33.129834,-91.114087
33.131598,-91.104317
33.136726,-91.093201
33.139655,-91.089862
33.145177,-91.087589
33.155822,-91.085562
33.1618,-91.084889
33.180856,-91.084366
33.198509,-91.086963
33.210194,-91.089909
33.220813,-91.091711
33.221644,-91.085984
33.221621,-91.082878
33.223225,-91.079635
33.223889,-91.079227
33.2265,-91.079227
33.227485,-91.077673
33.226821,-91.074103
33.227302,-91.070697
33.230096,-91.071079
33.232936,-91.068708
33.232982,-91.065629
33.237356,-91.063912
33.246105,-91.054126
33.251202,-91.050407
33.259989,-91.047648
33.265404,-91.045191
33.269835,-91.043985
33.274636,-91.043624
33.279015,-91.045141
33.282796,-91.04815
33.285415,-91.052369
33.286901,-91.05873
33.28718,-91.067035
33.285885,-91.072567
33.283306,-91.07853
33.28125,-91.081244
33.278557,-91.083694
33.273652,-91.086137
33.257325,-91.090342
33.254838,-91.091489
33.250499,-91.094748
33.241628,-91.096931
33.238173,-91.099093
33.238125,-91.1001
33.241799,-91.106142
33.24593,-91.110561
33.252953,-91.114325
33.260685,-91.117223
33.262071,-91.118208
33.268502,-91.128078
33.274732,-91.125528
33.280255,-91.125539
33.296618,-91.140057
33.299539,-91.141615
33.314318,-91.141475
33.328398,-91.143667
33.33052,-91.143353
33.332963,-91.141893
33.336493,-91.140968
33.348989,-91.142219
33.350076,-91.141793
33.351452,-91.140192
33.360099,-91.125108
33.363809,-91.120409
33.38114142,-91.10675802
33.38719023,-91.10145606
33.39578085,-91.09085228
33.405966,-91.075293
33.421238,-91.062281
33.428705,-91.058152
33.445341,-91.057621
33.450257,-91.059828
33.453775,-91.064701
33.455104,-91.067623
33.455811,-91.074555
33.455648,-91.077814
33.454188,-91.081834
33.451576,-91.086498
33.446319,-91.091566
33.442671,-91.094279
33.437603,-91.096723
33.433725,-91.097531
33.431733,-91.097474
33.42568353,-91.09533499
33.41748839,-91.09521105
33.4082439,-91.09927698
33.39907774,-91.10717036
33.39312377,-91.11376434
33.38752555,-91.12362307
33.38047653,-91.14093769
33.3789138,-91.15401749
33.379709,-91.166304
33.38103,-91.171968
33.382841,-91.176942
33.389634,-91.191127
33.398823,-91.204758
33.402007,-91.208113
33.403633,-91.209032
33.40629,-91.20922
33.408719,-91.208702
33.414231,-91.205272
33.416832,-91.20258
33.418321,-91.199354
33.417728,-91.191973
33.419576,-91.184427
33.417151,-91.179368
33.416979,-91.17628
33.422157,-91.163387
33.427172,-91.147663
33.427706,-91.144877
33.426955,-91.13915
33.430063,-91.131885
33.4319,-91.130561
33.433263,-91.130552
33.436284,-91.128589
33.443563,-91.1211
33.449116,-91.118495
33.453807,-91.117975
33.46023,-91.119667
33.472842,-91.125109
33.481323,-91.136656
33.492923,-91.157319
33.49482943,-91.16014226
33.49744846,-91.16401895
33.49830438,-91.1674032
33.49669109,-91.17221256
33.49076982,-91.17548779
33.48617039,-91.17714835
33.47889945,-91.17698367
33.471761,-91.175635
33.462342,-91.171799
33.452629,-91.16936
33.443638,-91.177293
33.44078,-91.181787
33.438592,-91.186979
33.436358,-91.194658
33.433846,-91.206807
33.433796,-91.210275
33.434699,-91.217374
33.438972,-91.235181
33.440611,-91.235928
33.4423,-91.23431
33.444038,-91.233422
33.453958,-91.232587
33.4571,-91.231661
33.462764,-91.223338
33.463045,-91.220192
33.46478,-91.215508
33.468606,-91.208535
33.470308,-91.206753
33.473553,-91.205661
33.483125,-91.199593
33.488468,-91.195634
33.493005,-91.189375
33.49639937,-91.18563741
33.49861298,-91.18307041
33.50237853,-91.18290081
33.50736386,-91.18461159
33.510552,-91.187367
33.529423,-91.215671
33.532364,-91.219297
33.5412,-91.226325
33.547047,-91.229834
33.552788,-91.232295
33.557454,-91.232537
33.560593,-91.231418
33.56137195,-91.23085798
33.564667,-91.228489
33.567369,-91.224121
33.568166,-91.221466
33.570758,-91.203151
33.572061,-91.198285
33.576225,-91.188942
33.58152,-91.181068
33.582607,-91.17822
33.582968,-91.175979
33.581352,-91.160755
33.581372,-91.157429
33.582721,-91.152148
33.590896,-91.138418
33.594489,-91.134043
33.596989,-91.13245
33.59945,-91.131588
33.606034,-91.130445
33.610919,-91.130902
33.619512,-91.134389
33.625658,-91.139209
33.633013,-91.150499
33.643278,-91.164212
33.647766,-91.171168
33.651109,-91.178311
33.653604,-91.185455
33.658526,-91.211284
33.661503,-91.219048
33.664794,-91.223001
33.668665,-91.226537
33.671326,-91.228228
33.677543,-91.229015
33.683073,-91.227857
33.687749,-91.225279
33.692923,-91.22057
33.698249,-91.212077
33.700819,-91.205377
33.701535,-91.200712
33.70186,-91.190113
33.703116,-91.17573
33.705133,-91.165846
33.70684,-91.162464
33.707096,-91.160866
33.689596,-91.144188
33.67679,-91.133416
33.674522,-91.13045
33.660551,-91.10098
33.658351,-91.09404
33.657387,-91.088202
33.657322,-91.084126
33.658283,-91.078507
33.662689,-91.06711
33.6664,-91.059182
33.668064,-91.050523
33.668272,-91.046412
33.671316,-91.03684
33.673018,-91.034565
33.678142,-91.03146
33.681622,-91.030332
33.687766,-91.030402
33.688773,-91.033366
33.689113,-91.03612
33.692907,-91.03715
33.696595,-91.039025
33.699933,-91.041261
33.706313,-91.046778
33.712486,-91.055562
33.714816,-91.059891
33.715892,-91.063752
33.716477,-91.06829
33.714403,-91.075389
33.707364,-91.089873
33.705007,-91.101101
33.704679,-91.107646
33.705342,-91.117733
33.70878,-91.125527
33.714246,-91.132338
33.726803,-91.144732
33.728924,-91.145792
33.732456,-91.146618
33.736503,-91.146523
33.747141,-91.143287
33.749338,-91.144539
33.751607,-91.144571
33.755957,-91.141553
33.759735,-91.140756
33.760835,-91.141304
33.762095,-91.143634
33.763996,-91.144812
33.76734,-91.145112
33.77382,-91.14201
33.777117,-91.139869
33.779923,-91.137351
33.782814,-91.133854
33.78342,-91.132185
33.783447,-91.128222
33.782106,-91.123466
33.779026,-91.117836
33.774568,-91.111494
33.770619,-91.107318
33.775801,-91.088996
33.77641,-91.08551
33.77764,-91.060524
33.778701,-91.053886
33.763642,-91.026782
33.762991,-91.023285
33.764675,-91.01277
33.769165,-91.000106
33.773601,-90.993842
33.776791,-90.99122
33.780576,-90.989444
33.78453,-90.988466
33.788016,-90.989299
33.792597,-90.991747
33.799549,-91.000107
33.802591,-91.007767
33.804447,-91.020098
33.805953,-91.025173
33.812855,-91.042448
33.815365,-91.046849
33.818729,-91.049679
33.824181,-91.052819
33.828935,-91.056692
33.837126,-91.064977
33.840443,-91.067511
33.849539,-91.071195
33.857449,-91.073011
33.862396,-91.072798
33.866714,-91.070883
33.877505,-91.061247
33.883035,-91.055309
33.898531,-91.036674
33.90798,-91.026382
33.919083,-91.017481
33.925552,-91.010831
33.927003,-91.01004
33.929352,-91.010318
33.932276,-91.012994
33.937127,-91.020097
33.943758,-91.035961
33.947406,-91.046725
33.95406,-91.078496
33.956179,-91.084095
33.95827,-91.086758
33.961334,-91.088696
33.966004,-91.089787
33.969721,-91.089756
33.972653,-91.089119
33.975335,-91.087921
33.979865,-91.083187
33.982101,-91.079254
33.983586,-91.075378
33.984473,-91.071203
33.985083,-91.062264
33.985078,-91.048367
33.986811,-91.042751
33.989297,-91.039589
33.995323,-91.033765
34.003151,-91.01889
33.994495,-91.01361
33.977011,-91.004981
33.970902,-91.002986
33.966428,-91.000108
33.963118,-90.994856
33.960793,-90.987653
33.960186,-90.983359
33.960503,-90.976864
33.961868,-90.970856
33.963324,-90.967632
33.965461,-90.965187
33.967688,-90.96372
33.976151,-90.961222
33.979945,-90.961548
33.991885,-90.970947
33.996554,-90.977489
34.000106,-90.979945
34.019038,-90.987948
34.020469,-90.982742
34.021335,-90.976918
34.02162,-90.970726
34.020254,-90.958456
34.017822,-90.950311
34.01805,-90.942662
34.019262,-90.934896
34.023143,-90.923745
34.023216,-90.922017
34.021885,-90.914642
34.023796,-90.899467
34.02686,-90.89242
34.029788,-90.888956
34.032505,-90.887413
34.035094,-90.886991
34.039845,-90.887394
34.046362,-90.889058
34.052419,-90.888627
34.055403,-90.887837
34.058564,-90.886351
34.063903,-90.882115
34.072041,-90.874541
34.076362,-90.87194
34.080516,-90.870528
34.082739,-90.870461
34.086652,-90.871923
34.092911,-90.876606
34.094573,-90.878912
34.096615,-90.882628
34.09781,-90.888085
34.097795,-90.893526
34.094667,-90.90113
34.092756,-90.914066
34.093054,-90.918395
34.093958,-90.921273
34.109374,-90.946323
34.111269,-90.948514
34.1189731,-90.95500368
34.120125,-90.955974
34.125105,-90.958467
34.13035,-90.959317
34.138498,-90.9543
34.148754,-90.938064
34.165508,-90.91001
34.164332,-90.903577
34.160953,-90.894385
34.151502,-90.883073
34.14813,-90.876836
34.142146,-90.86788
34.140555,-90.86458
34.137511,-90.853471
34.136884,-90.847168
34.137876,-90.836099
34.139813,-90.830285
34.142011,-90.825708
34.144054,-90.822593
34.149879,-90.815878
34.155903,-90.810884
34.161474,-90.807813
34.16746,-90.807164
34.175878,-90.808685
34.178437,-90.810016
34.180767,-90.812374
34.183023,-90.816572
34.184784,-90.828388
34.183804,-90.838205
34.186053,-90.847108
34.18688,-90.8556
34.186288,-90.859087
34.183882,-90.864566
34.182965,-90.869651
34.18322,-90.87383
34.185633,-90.877475
34.184364,-90.882701
34.18198,-90.887884
34.184766,-90.891871
34.193897,-90.9118
34.196916,-90.916048
34.214824,-90.93268
34.21905,-90.93522
34.227041,-90.936988
34.23411,-90.937152
34.236698,-90.936404
34.240218,-90.933511
34.244541,-90.929015
34.24653,-90.923152
34.245932,-90.912396
34.244492,-90.907082
34.243529,-90.905934
34.24096,-90.904279
34.229621,-90.900078
34.227253,-90.898286
34.22438,-90.89456
34.21545,-90.87912
34.212141,-90.867064
34.211598,-90.856708
34.209403,-90.852764
34.20653,-90.847808
34.210999,-90.844824
34.21688,-90.842151
34.223077,-90.840009
34.226201,-90.839509
34.230104,-90.840128
34.236114,-90.839981
34.250104,-90.836972
34.267491,-90.832407
34.271245,-90.830612
34.27365,-90.828267
34.27624,-90.824478
34.27784,-90.820919
34.279438,-90.812829
34.282465,-90.802928
34.282402,-90.797569
34.279943,-90.772266
34.280524,-90.765165
34.286848,-90.755271
34.289266,-90.752681
34.302257,-90.743082
34.306538,-90.740889
34.313469,-90.74061
34.320263,-90.742694
34.324872,-90.744713
34.331045,-90.748942
34.342818,-90.765174
34.345264,-90.767108
34.346872,-90.767732
34.353469,-90.768445
34.360271,-90.767061
34.362109,-90.765764
34.364754,-90.762085
34.367256,-90.756197
34.367919,-90.750107
34.367225,-90.741616
34.364206,-90.729131
34.363659,-90.724909
34.363805,-90.712088
34.365855,-90.700147
34.368606,-90.690497
34.36881695,-90.68322215
34.365998,-90.6819211
34.36252853,-90.68051162
34.35291,-90.68162
34.338618,-90.691551
34.32968,-90.693686
34.32257,-90.693129
34.318584,-90.690005
34.315771,-90.686003
34.313031,-90.678097
34.31302,-90.669343
34.315398,-90.661395
34.322231,-90.657488
34.327287,-90.657371
34.33576,-90.660404
34.348569,-90.666862
34.35582,-90.666788
34.371846,-90.655346
34.375705,-90.658542
34.383869,-90.641398
34.386363,-90.63494
34.387193,-90.631586
34.388767,-90.61848
34.390723,-90.613944
34.410554,-90.580677
34.415152,-90.575336
34.420319,-90.571145
34.424805,-90.568397
34.429528,-90.566505
34.434379,-90.565826
34.440383,-90.56733
34.451875,-90.573959
34.454351,-90.576893
34.458829,-90.583717
34.461247,-90.585477
34.470562,-90.588346
34.484793,-90.589921
34.491097,-90.588942
34.500103,-90.586525
34.504085,-90.58353
34.512818,-90.581062
34.516296,-90.578493
34.524867,-90.569347
34.531012,-90.555276
34.53775,-90.545728
34.540378,-90.543633
34.545331,-90.541282
34.548085,-90.540736
34.550853,-90.540951
34.563257,-90.545891
34.568101,-90.549244
34.576929,-90.557666
34.582602,-90.564866
34.587457,-90.570133
34.595243,-90.574787
34.604227,-90.581693
34.615732,-90.587224
34.626616,-90.588255
34.64138926,-90.58344033
34.642679,-90.58302
34.64361,-90.583088
34.647072,-90.585031
34.651689,-90.586336
34.665407,-90.587323
34.668646,-90.588536
34.670963,-90.588419
34.680235,-90.582006
34.683844,-90.578745
34.686425,-90.573106
34.693371,-90.567334
34.695876,-90.563391
34.697946,-90.555627
34.697087,-90.552317
34.695478,-90.549856
34.693169,-90.548071
34.688781,-90.542761
34.684981,-90.540074
34.682463,-90.538856
34.673232,-90.538061
34.670902,-90.539409
34.663445,-90.550158
34.659707,-90.552642
34.655018,-90.553962
34.646236,-90.555104
34.640871,-90.554129
34.636484,-90.551761
34.631656,-90.547614
34.629559,-90.543696
34.627767,-90.537165
34.627487,-90.532188
34.628504,-90.524481
34.630928,-90.517168
34.636682,-90.5081
34.64079,-90.503061
34.648117,-90.496639
34.654881,-90.48789
34.659934,-90.479718
34.669436,-90.469821
34.674312,-90.466041
34.684074,-90.462816
34.687576,-90.462552
34.691093,-90.463734
34.695643,-90.467064
34.699066,-90.471185
34.700826,-90.475194
34.701515,-90.480041
34.701477,-90.486966
34.700578,-90.496552
34.698003,-90.509847
34.696605,-90.522084
34.696819,-90.529211
34.698783,-90.538974
34.702076,-90.546053
34.721053,-90.565646
34.723292,-90.567482
34.724802,-90.568081
34.727384,-90.568172
34.733463,-90.56724
34.736536,-90.565437
34.738671,-90.563544
34.740788,-90.559895
34.741541,-90.556308
34.74191163,-90.55318598
34.74280445,-90.5502843
34.74436689,-90.54760584
34.74592933,-90.54582019
34.74927742,-90.54381134
34.7526255,-90.54269531
34.764396,-90.542631
34.773443,-90.546225
34.779194,-90.547859
34.78189,-90.54817
34.784589,-90.547612
34.791159,-90.544067
34.795768,-90.540222
34.798572,-90.53651
34.800584,-90.53133
34.802265,-90.522892
34.801768,-90.514706
34.796488,-90.512761
34.780136,-90.503679
34.774795,-90.501523
34.771187,-90.500994
34.769931,-90.501325
34.764568,-90.505494
34.758333,-90.516522
34.75338811,-90.52055637
34.74846258,-90.52189968
34.74353706,-90.52189968
34.73861153,-90.52100414
34.73279046,-90.51831749
34.72965604,-90.51473529
34.724236,-90.501667
34.723731,-90.488865
34.724793,-90.479704
34.72703,-90.469897
34.732946,-90.45795
34.735557,-90.454968
34.739898,-90.452479
34.744485,-90.451257
34.747787,-90.45117
34.753352,-90.453038
34.764267,-90.458883
34.780877,-90.470411
34.788835,-90.473527
34.7932,-90.47459
34.798399,-90.473877
34.802465,-90.47228
34.805036,-90.470544
34.810592,-90.465367
34.81444,-90.459024
34.820395,-90.456761
34.823383,-90.456935
34.834923,-90.463795
34.849495,-90.474403
34.857805,-90.481955
34.861333,-90.483876
34.869252,-90.485038
34.875096,-90.484558
34.877176,-90.483969
34.883264,-90.479872
34.88631,-90.475686
34.890989,-90.466154
34.891946,-90.459819
34.891122,-90.453916
34.887994,-90.444806
34.886313,-90.441254
34.884581,-90.438313
34.882731,-90.436561
34.871212,-90.430096
34.867168,-90.42898
34.865087,-90.429115
34.858913,-90.431722
34.855051,-90.431741
34.848982,-90.430828
34.8414,-90.428754
34.834606,-90.423879
34.833675,-90.422355
34.831846,-90.414864
34.832028,-90.410666
34.83299848,-90.40799088
34.835305,-90.401633
34.845931,-90.379837
34.853196,-90.352174
34.855113,-90.348218
34.860357,-90.34038
34.85253,-90.332298
34.846391,-90.323067
34.844854,-90.319198
34.844223,-90.311312
34.846195,-90.307384
34.850517,-90.303944
34.854366,-90.302669
34.856471,-90.302523
34.859704,-90.303698
34.86058889,-90.30441939
34.871698,-90.313476
34.875097,-90.310005
34.880053,-90.301957
34.890077,-90.279364
34.90732,-90.250095
34.909739,-90.248308
34.914168,-90.246546
34.921031,-90.244725
34.937596,-90.244476
34.944316,-90.246116
34.947916,-90.247832
34.951196,-90.250056
34.954988,-90.253969
34.957793,-90.259663
34.965077,-90.27824
34.967661,-90.282234
34.972531,-90.287239
34.974574,-90.293083
34.976346,-90.296422
34.982077,-90.302471
34.984939,-90.304425
34.995694,-90.309297