3341,Maryland
38.72020155,-77.04204502
38.724515,-77.041398
38.737914,-77.040998
38.741514,-77.041898
38.773313,-77.041098
38.78535539,-77.04037255
38.789913,-77.040098
38.791113,-77.039498
38.791513,-77.038598
38.80296951,-77.02439155
38.821513,-77.001397
38.821913,-76.999997
38.828213,-76.992697
38.837812,-76.979497
38.858512,-76.953696
38.861312,-76.949696
38.884412,-76.920195
38.885112,-76.919295
38.891712,-76.910795
38.892812,-76.909395
38.913311,-76.935096
38.91827599,-76.94151935
38.96541,-77.002498
38.96552148,-77.00263557
38.97011,-77.008298
38.97441,-77.013798
38.97591,-77.015598
38.99171,-77.036299
38.99511,-77.040999
38.98511,-77.054299
38.95651,-77.0915
38.94891,-77.1007
38.94641,-77.1045
38.934311,-77.1199
38.94001,-77.127601
38.94741,-77.131901
38.95531,-77.137701
38.96421,-77.146601
38.965002,-77.148179
38.965832,-77.151084
38.96801,-77.165301
38.96811,-77.166901
38.96741,-77.168001
38.96751,-77.171901
38.96881,-77.183002
38.96751,-77.188302
38.96681,-77.197502
38.96791,-77.202502
38.96891,-77.203602
38.97041,-77.209302
38.96941,-77.211502
38.97131,-77.221502
38.973349,-77.224969
38.978404,-77.228395
38.979858,-77.229992
38.979917,-77.231601
38.979502,-77.232268
38.97631,-77.234803
38.985909,-77.249803
38.992309,-77.248303
38.993709,-77.249203
38.995709,-77.253003
39.002409,-77.255703
39.011409,-77.251803
39.014809,-77.246903
39.020109,-77.244603
39.024909,-77.246003
39.026909,-77.248403
39.030009,-77.255303
39.031909,-77.266004
39.034091,-77.274706
39.046508,-77.293105
39.049508,-77.301005
39.052008,-77.310705
39.052208,-77.314905
39.056508,-77.324206
39.05779487,-77.32828109
39.059508,-77.333706
39.060989,-77.33401
39.061771,-77.335511
39.062991,-77.340287
39.062133,-77.350311
39.062004,-77.359702
39.061087,-77.367529
39.061297,-77.375079
39.062808,-77.380108
39.061987,-77.38568
39.064784,-77.399204
39.064496,-77.404593
39.066435,-77.41543
39.066878,-77.42318
39.070611,-77.4374
39.072468,-77.452827
39.073723,-77.458202
39.075151,-77.46145
39.076248,-77.462617
39.086387,-77.469443
39.092524,-77.472414
39.100331,-77.47701
39.105658,-77.481279
39.109303,-77.4858
39.113038,-77.494955
39.11395,-77.499711
39.118591,-77.51532
39.120925,-77.519929
39.127821,-77.524559
39.137315,-77.526728
39.146236,-77.527282
39.148455,-77.524872
39.161057,-77.521222
39.170891,-77.516426
39.178484,-77.510631
39.18205,-77.505162
39.185665,-77.485971
39.189168,-77.478596
39.190495,-77.477362
39.194934,-77.475013
39.202024,-77.475929
39.208407,-77.47361
39.21184,-77.470113
39.218682,-77.459883
39.2203364,-77.45892235
39.222023,-77.457943
39.22502,-77.45768
39.22614,-77.45812
39.228359,-77.46021
39.234509,-77.471213
39.241664,-77.480807
39.246123,-77.484664
39.247586,-77.486813
39.251045,-77.496606
39.25263,-77.508427
39.257232,-77.519634
39.258491,-77.520986
39.259086,-77.522486
39.262361,-77.534461
39.264947,-77.540581
39.266937,-77.543228
39.26966,-77.544258
39.271535,-77.545846
39.275882,-77.551054
39.279268,-77.553114
39.286152,-77.560854
39.294501,-77.562768
39.301913,-77.561826
39.303903,-77.56321
39.306121,-77.566596
39.30635,-77.570041
39.305228,-77.578491
39.301955,-77.588235
39.30129,-77.592739
39.301883,-77.598892
39.303688,-77.6059
39.302722,-77.615939
39.307782,-77.636101
39.308241,-77.640282
39.310784,-77.650997
39.317008,-77.66613
39.321675,-77.671341
39.324192,-77.675846
39.32407737,-77.67712301
39.323666,-77.681706
39.319914,-77.687124
39.31845,-77.692984
39.318633,-77.697461
39.321559,-77.707709
39.320641,-77.715865
39.321125,-77.719029
39.321666,-77.727379
39.324684,-77.730914
39.327015,-77.735009
39.333899,-77.755789
39.337331,-77.759615
39.339757,-77.761115
39.342524,-77.761084
39.344171,-77.760435
39.345314,-77.759315
39.34945,-77.750387
39.353221,-77.74593
39.359947,-77.743874
39.365139,-77.744144
39.37832,-77.753274
39.379624,-77.753804
39.382094,-77.753389
39.383328,-77.752209
39.384171,-77.749715
39.385409,-77.740765
39.386211,-77.738084
39.387744,-77.736317
39.389665,-77.735905
39.392684,-77.736409
39.401694,-77.740012
39.41093,-77.747478
39.420174,-77.75268
39.423262,-77.75309
39.424658,-77.754681
39.42681,-77.75872
39.428436,-77.763319
39.427845,-77.77485
39.429335,-77.787266
39.430593,-77.792751
39.433339,-77.798855
39.435969,-77.802542
39.437136,-77.803249
39.439285,-77.802866
39.440841,-77.80086
39.442829,-77.78856
39.444224,-77.786052
39.445367,-77.78558
39.447197,-77.78611
39.451406,-77.7931
39.455981,-77.798144
39.458383,-77.799294
39.46067,-77.798468
39.461722,-77.796196
39.462042,-77.793157
39.460073,-77.783539
39.459867,-77.780471
39.460392,-77.779202
39.461924,-77.777815
39.462816,-77.777815
39.463663,-77.778522
39.467827,-77.789645
39.471259,-77.795634
39.472448,-77.796755
39.475719,-77.798201
39.47876,-77.797787
39.480498,-77.796695
39.481824,-77.795485
39.485048,-77.788519
39.487128,-77.78176
39.489207,-77.771723
39.490281,-77.769125
39.491333,-77.767087
39.493025,-77.765551
39.494397,-77.765403
39.495724,-77.765993
39.497783,-77.768442
39.499087,-77.77095
39.4995,-77.774374
39.499067,-77.781608
39.498061,-77.784442
39.496598,-77.786539
39.492207,-77.789757
39.490789,-77.791765
39.489623,-77.795631
39.489395,-77.80183
39.490241,-77.807821
39.4939,-77.820781
39.4942578,-77.82549852
39.494744,-77.831909
39.498628,-77.845666
39.500698,-77.847639
39.502093,-77.848112
39.503351,-77.847611
39.505845,-77.845103
39.514425,-77.829045
39.516895,-77.82565
39.524077,-77.823555
39.525907,-77.823762
39.529177,-77.825357
39.530458,-77.827188
39.532628,-77.833509
39.53217,-77.836935
39.531117,-77.839061
39.529196,-77.840536
39.520941,-77.840651
39.51847,-77.84192
39.515403,-77.850747
39.514325,-77.860195
39.515032,-77.86368
39.517661,-77.866132
39.520039,-77.866518
39.524727,-77.866138
39.528226,-77.865078
39.534813,-77.864315
39.536483,-77.864434
39.538381,-77.865351
39.544278,-77.87153
39.551947,-77.886436
39.55595,-77.888945
39.558054,-77.888648
39.559198,-77.887968
39.560432,-77.886135
39.563493,-77.878451
39.563895,-77.872723
39.563547,-77.865734
39.564607,-77.855847
39.564333,-77.842174
39.56637,-77.83633
39.571016,-77.833217
39.581178,-77.830775
39.587288,-77.829814
39.59105,-77.829753
39.601105,-77.831813
39.602936,-77.833568
39.606125,-77.838008
39.607255,-77.842785
39.607117,-77.853436
39.60788,-77.8578
39.611138,-77.868679
39.614293,-77.874718
39.615775,-77.885124
39.614518,-77.887017
39.613329,-77.886959
39.608112,-77.881936
39.606214,-77.88111
39.602852,-77.880993
39.600039,-77.881823
39.598828,-77.882977
39.597937,-77.885077
39.597343,-77.888477
39.602816,-77.91641
39.60294206,-77.91683647
39.604852,-77.923298
39.607642,-77.925988
39.613908,-77.928738
39.61767585,-77.93286151
39.61915032,-77.93749213
39.61878967,-77.94193993
39.61677209,-77.94462232
39.61461711,-77.94413349
39.61258047,-77.93836175
39.60807573,-77.93544955
39.594508,-77.936371
39.58713856,-77.93904994
39.58493252,-77.94215031
39.58481408,-77.94618174
39.5871097,-77.94983601
39.59270946,-77.95195514
39.59727226,-77.95215234
39.60116335,-77.95091551
39.60394351,-77.95059932
39.60635754,-77.95210435
39.60861408,-77.95764247
39.60870194,-77.96209176
39.60743492,-77.96622324
39.60509131,-77.97014998
39.601071,-77.973967
39.599744,-77.976686
39.59942,-77.984815
39.600194,-77.991437
39.600488,-78.00233
39.601337,-78.006734
39.602893,-78.009985
39.604083,-78.011343
39.61960047,-78.02240186
39.621697,-78.023896
39.627462,-78.03014
39.63572,-78.035992
39.638121,-78.03886
39.643107,-78.047672
39.645349,-78.04995
39.648207,-78.051932
39.66106,-78.068291
39.666686,-78.074595
39.66888,-78.077525
39.671166,-78.08226
39.671211,-78.088592
39.671668,-78.089835
39.678161,-78.097118
39.680286,-78.101737
39.682137,-78.107834
39.682593,-78.11183
39.685652,-78.123939
39.686977,-78.132706
39.688305,-78.135221
39.690412,-78.143478
39.690531,-78.154164
39.693643,-78.162126
39.695612,-78.171361
39.695967,-78.176625
39.69511,-78.182759
39.690262,-78.191107
39.689118,-78.192439
39.682074,-78.196701
39.677866,-78.201081
39.676653,-78.202945
39.67599,-78.206763
39.676121,-78.227333
39.674382,-78.231564
39.672875,-78.233138
39.670471,-78.233012
39.662607,-78.223864
39.661097,-78.223597
39.658878,-78.225075
39.656796,-78.227677
39.652081,-78.238059
39.644758,-78.246722
39.640089,-78.254077
39.630464,-78.262189
39.626417,-78.263344
39.621675,-78.263371
39.619274,-78.265088
39.618818,-78.266833
39.619642,-78.271122
39.62047,-78.283039
39.629606,-78.308152
39.631001,-78.313033
39.636054,-78.331934
39.63648592,-78.33388027
39.640486,-78.351905
39.640576,-78.355218
39.63966,-78.358264
39.638081,-78.359506
39.635589,-78.358735
39.633463,-78.355567
39.630787,-78.353673
39.628912,-78.353465
39.627722,-78.353878
39.626258,-78.35577
39.625581,-78.358343
39.626049,-78.362485
39.627534,-78.366212
39.628929,-78.367959
39.630459,-78.373166
39.629359,-78.380504
39.628216,-78.382487
39.625091,-78.383447
39.623321,-78.383461
39.622246,-78.382959
39.618127,-78.379118
39.612297,-78.372404
39.6112,-78.372255
39.60953,-78.3732
39.608635,-78.374732
39.608178,-78.378181
39.608912,-78.383591
39.612117,-78.390774
39.616076,-78.395828
39.621091,-78.41286
39.624021,-78.420549
39.624548,-78.425902
39.62329,-78.43025
39.620569,-78.433297
39.618259,-78.433623
39.61652,-78.433002
39.614484,-78.431524
39.607599,-78.425581
39.603183,-78.420644
39.598311,-78.41287
39.593596,-78.402702
39.590232,-78.397471
39.587372,-78.395463
39.584215,-78.395317
39.581952,-78.397446
39.580214,-78.400936
39.578593,-78.408031
39.581111,-78.41867
39.581706,-78.420059
39.584109,-78.422985
39.586717,-78.428246
39.591155,-78.443175
39.591223,-78.445983
39.590193,-78.451186
39.588958,-78.454527
39.587379,-78.457187
39.585241,-78.458052
39.580426,-78.458338
39.574319,-78.454376
39.570889,-78.450207
39.563524,-78.438179
39.559155,-78.426537
39.556319,-78.423287
39.55174549,-78.42001872
39.54895264,-78.41877746
39.54740106,-78.41939809
39.54678043,-78.42110482
39.54631495,-78.42405282
39.546598,-78.426953
39.54941812,-78.4304143
39.54895264,-78.43382777
39.54678043,-78.43475872
39.54398759,-78.43475872
39.541658,-78.435107
39.539302,-78.436378
39.538753,-78.438357
39.541223,-78.441961
39.54336695,-78.44530946
39.54336695,-78.44717135
39.54228085,-78.44949872
39.54103959,-78.4499642
39.53964316,-78.44965388
39.53809159,-78.44949872
39.53669516,-78.45105031
39.53591937,-78.45927367
39.53467811,-78.46129073
39.53297137,-78.46191136
39.529304,-78.461071
39.525987,-78.460951
39.52084,-78.462899
39.516789,-78.468639
39.516103,-78.471166
39.51624,-78.474178
39.51896,-78.480677
39.519507,-78.484044
39.519392,-78.485697
39.517789,-78.489742
39.518906,-78.499017
39.518652,-78.5032
39.522545,-78.513622
39.52479,-78.521388
39.524654,-78.527886
39.520998,-78.546584
39.520702,-78.550128
39.521388,-78.552756
39.521526,-78.557127
39.519444,-78.565929
39.519902,-78.567937
39.522372,-78.572692
39.526695,-78.578956
39.52802,-78.587079
39.530192,-78.590654
39.531816,-78.592131
39.53440083,-78.593114
39.53515831,-78.59387148
39.53548294,-78.59560287
39.53505009,-78.59765889
39.533434,-78.600511
39.534304,-78.605868
39.535082,-78.606873
39.537595,-78.614526
39.539512,-78.623037
39.53919,-78.628566
39.537863,-78.628744
39.537109,-78.630842
39.534695,-78.655984
39.53506772,-78.65741656
39.536778,-78.66399
39.540164,-78.668745
39.540371,-78.675629
39.543848,-78.682423
39.54577,-78.689455
39.547646,-78.691494
39.55078,-78.691996
39.55197,-78.692824
39.553251,-78.694626
39.555857,-78.707098
39.556795,-78.708664
39.562032,-78.713335
39.562558,-78.714784
39.563973,-78.72501
39.567587,-78.726342
39.575364,-78.731992
39.58369,-78.733149
39.586618,-78.733979
39.586319,-78.738502
39.585655,-78.740246
39.580712,-78.743318
39.579544,-78.746421
39.58069,-78.756747
39.582154,-78.760196
39.587487,-78.76749
39.589394,-78.768314
39.591583,-78.768481
39.594994,-78.770511
39.596497,-78.772128
39.597328,-78.774281
39.601364,-78.778141
39.602097,-78.778096
39.604027,-78.77686
39.608704,-78.768115
39.609984,-78.760497
39.609947,-78.751514
39.608572,-78.74935
39.606536,-78.749222
39.60569,-78.747063
39.609697,-78.73905
39.613931,-78.733759
39.615533,-78.733553
39.621708,-78.736189
39.625088,-78.74288
39.626262,-78.748499
39.622971,-78.756686
39.618897,-78.763171
39.619431,-78.769565
39.621712,-78.777516
39.62265,-78.778477
39.624405,-78.778477
39.636887,-78.77264
39.638387,-78.77114
39.639287,-78.76814
39.643987,-78.76534
39.646087,-78.76504
39.648487,-78.76584
39.645687,-78.775241
39.636787,-78.781341
39.636687,-78.784041
39.638287,-78.790941
39.637287,-78.795941
39.627488,-78.801741
39.614205,-78.795964
39.61071,-78.795368
39.606934,-78.795857
39.604897,-78.79784
39.605232,-78.800434
39.606812,-78.801792
39.608063,-78.809347
39.60054,-78.812154
39.597717,-78.812215
39.59037,-78.818899
39.590233,-78.824788
39.588829,-78.826009
39.577333,-78.82636
39.576287,-78.820104
39.571351,-78.815114
39.56772,-78.813512
39.561691,-78.816764
39.560616,-78.821404
39.562589,-78.826407
39.565355,-78.830298
39.5673,-78.838553
39.559924,-78.851196
39.554044,-78.851016
39.551848,-78.851931
39.532487,-78.868908
39.531366,-78.868966
39.522611,-78.874744
39.52125,-78.87681
39.521205,-78.879084
39.522581,-78.885996
39.5189,-78.891197
39.512085,-78.895307
39.496699,-78.908719
39.486544,-78.916488
39.485858,-78.918142
39.487003,-78.926999
39.48618,-78.933613
39.483732,-78.938751
39.480987,-78.942293
39.479614,-78.942618
39.476869,-78.941526
39.475267,-78.939164
39.4741,-78.938869
39.469959,-78.941969
39.46614,-78.946603
39.463645,-78.953333
39.442277,-78.955483
39.440264,-78.956751
39.438455,-78.965484
39.439804,-78.967461
39.443327,-78.970118
39.448678,-78.978826
39.454961,-78.99695
39.461048,-79.010097
39.466977,-79.017147
39.467002,-79.020542
39.46506,-79.028159
39.465403,-79.030343
39.467761,-79.033884
39.471331,-79.035712
39.473344,-79.035623
39.476795,-79.036915
39.483801,-79.046276
39.483299,-79.050528
39.482315,-79.052447
39.480094,-79.05388
39.473096,-79.054989
39.471014,-79.056583
39.474515,-79.068627
39.471379,-79.08327
39.472407,-79.091329
39.47325253,-79.09470231
39.47279897,-79.09651656
39.47207327,-79.09805868
39.47143827,-79.0988751
39.47025901,-79.09905652
39.46844475,-79.09824011
39.46554194,-79.09615371
39.46254842,-79.09542801
39.448358,-79.104217
39.445748,-79.107933
39.443321,-79.11407
39.440482,-79.116369
39.438058,-79.116574
39.43578801,-79.11693154
39.43441197,-79.1179323
39.43316103,-79.11943343
39.43278575,-79.12156004
39.433204,-79.124036
39.429542,-79.129047
39.426637,-79.129404
39.42327858,-79.12894061
39.41990104,-79.12981627
39.41827481,-79.13219307
39.41764933,-79.13669646
39.41664858,-79.14069948
39.41427179,-79.14195043
39.41051895,-79.14270099
39.40851745,-79.14382684
39.40776688,-79.14545307
39.40776688,-79.14745458
39.40776688,-79.14958119
39.40876764,-79.1515827
39.41202009,-79.15358421
39.41302084,-79.15721195
39.41302084,-79.15921346
39.41189499,-79.16134006
39.400888,-79.166497
39.39713385,-79.16559327
39.39325593,-79.1672195
39.39202584,-79.17049419
39.39275555,-79.17460007
39.39213008,-79.17697686
39.38834225,-79.17933481
39.38650046,-79.18946469
39.38797389,-79.19333246
39.38778971,-79.19554261
39.3861321,-79.19793695
39.377872,-79.202943
39.3653198,-79.21396058
39.363157,-79.220357
39.36366218,-79.22924748
39.35868933,-79.23587795
39.35666336,-79.25226993
39.35408484,-79.25392755
39.337222,-79.253891
39.335874,-79.255306
39.330732,-79.269365
39.32896423,-79.2722803
39.323048,-79.282037
39.30964,-79.283723
39.299323,-79.290236
39.298729,-79.29271
39.299554,-79.302311
39.304381,-79.314768
39.299919,-79.33238
39.293534,-79.344344
39.289733,-79.345599
39.287148,-79.343625
39.286096,-79.343801
39.278039,-79.35375
39.274924,-79.361343
39.273154,-79.376154
39.26554,-79.387023
39.240546,-79.412051
39.23888,-79.42035
39.233686,-79.425059
39.228171,-79.424413
39.217074,-79.43983
39.211719,-79.452685
39.2073,-79.469156
39.203728,-79.476037
39.20595875,-79.48686207
39.205961,-79.486873
39.264905,-79.485874
39.26497,-79.486179
39.265205,-79.487274
39.278149,-79.486737
39.279933,-79.487651
39.296367,-79.486812
39.3443,-79.486072
39.3443,-79.484372
39.521364,-79.482648
39.524682,-79.482354
39.531689,-79.482366
39.531689,-79.478866
39.642282,-79.477764
39.64298633,-79.47696767
39.644206,-79.476574
39.721078,-79.476662
39.72143055,-79.39245838
39.722883,-79.045548
39.722775,-78.931176
39.722775,-78.931175
39.72293349,-78.8083747
39.723043,-78.723529
39.722561,-78.575893
39.722869,-78.546415
39.72249,-78.537702
39.722869,-78.461422
39.722481,-78.438839
39.72251607,-78.38059895
39.72253881,-78.34283417
39.722539,-78.34252
39.722514,-78.340498
39.722552,-78.339539
39.722461,-78.337111
39.722689,-78.330715
39.722613,-78.26902
39.72259,-78.268948
39.722481,-78.243103
39.722498,-78.240334
39.72252,-78.20445
39.722416,-78.202895
39.72232214,-78.09914006
39.722301,-78.075771
39.722314,-78.073736
39.722219,-77.874719
39.721358,-77.768534
39.721205,-77.743204
39.721094,-77.732615
39.720894,-77.724115
39.720847,-77.674522
39.720778,-77.672249
39.720134,-77.534758
39.720165,-77.533371
39.720018,-77.469145
39.72001714,-77.45942706
39.719998,-77.243307
39.719998,-77.239807
39.719998,-77.217024
39.719998,-77.216806
39.7201,-77.058904
39.7202,-77.058204
39.72,-77.047104
39.71983047,-76.999466
39.7198,-76.990903
39.720701,-76.936601
39.720401,-76.897566
39.720401,-76.8901
39.720702,-76.809197
39.720602,-76.806397
39.720802,-76.787097
39.720802,-76.78709601
39.721103,-76.715594
39.721103,-76.711894
39.72120294,-76.569475
39.721203,-76.569389
39.721304,-76.517087
39.721304,-76.491887
39.721204,-76.418784
39.721304,-76.418684
39.721204,-76.395583
39.721304,-76.380583
39.721304,-76.380083
39.72130496,-76.239805
39.721305,-76.233277
39.72130505,-76.23325877
39.72132833,-76.22419114
39.72155581,-76.1355845
39.721833,-76.027618
39.72192,-76.013067
39.721576,-75.998649
39.721906,-75.810068
39.721882,-75.799563
39.721811,-75.788359
39.700287,-75.788395
39.700031,-75.788395
39.681911,-75.788658
39.680742,-75.788616
39.658211,-75.788658
39.637455,-75.78745
39.630575,-75.78689
39.550262,-75.780786
39.53650361,-75.77966344
39.53472352,-75.7795182
39.377537,-75.76669319
39.377216,-75.766667
39.29681652,-75.76010435
39.24606942,-75.75596209
39.245958,-75.755953
39.177762,-75.751028
39.164815,-75.749356
39.14334506,-75.74767107
39.143306,-75.747668
39.120318,-75.746121
39.114935,-75.745793
39.094674,-75.743811
38.869296,-75.725829
38.868152,-75.725565
38.847781,-75.724061
38.846682,-75.724002
38.833156,-75.722882
38.830008,-75.72261
38.82985937,-75.72259909
38.822078,-75.722028
38.63535921,-75.70735223
38.63528,-75.707346
38.626125,-75.706585
38.621296,-75.706235
38.616268,-75.70586
38.61474,-75.705774
38.592066,-75.703981
38.58512,-75.703445
38.560736,-75.701565
38.55943317,-75.70146479
38.542717,-75.700179
38.522001,-75.698777
38.496467,-75.696688
38.492373,-75.696369
38.460128,-75.693521
38.4589,-75.665585
38.458759,-75.662843
38.457904,-75.630457
38.456855,-75.598069
38.456404,-75.593082
38.456286,-75.589307
38.456424,-75.583601
38.455991,-75.57411
38.455579,-75.559934
38.455563,-75.559212
38.454958,-75.533763
38.454657,-75.52273
38.454657,-75.521304
38.45422,-75.502961
38.454144,-75.500142
38.453699,-75.47915
38.452671,-75.428728
38.45261,-75.424831
38.4524,-75.410884
38.45216,-75.394786
38.452114,-75.393563
38.452107,-75.371054
38.452008,-75.355797
38.45197,-75.34125
38.45196998,-75.34124678
38.451492,-75.26035
38.451397,-75.252723
38.451013,-75.185413
38.451196,-75.141894
38.45125406,-75.08964903
38.45125558,-75.08828103
38.45125832,-75.08581403
38.4512755,-75.07035604
38.451276,-75.069909
38.451291,-75.066327
38.45128887,-75.06471894
38.451274,-75.053483
38.451273,-75.05251
38.45126392,-75.04926796
38.451263,-75.048939
38.44851822,-75.04936481
38.44802317,-75.04944161
38.44711673,-75.04958223
38.4315494,-75.05199725
38.43147911,-75.05200816
38.43045662,-75.05216678
38.43020619,-75.05220563
38.43007688,-75.05222569
38.42915917,-75.05236806
38.4287836,-75.05242632
38.42852138,-75.052467
38.42849323,-75.05247137
38.42827485,-75.05250525
38.4267203,-75.05274641
38.42634897,-75.05280401
38.42624291,-75.05282047
38.42444104,-75.0531
38.42420131,-75.05313719
38.42329715,-75.05327746
38.42309495,-75.05330883
38.41483,-75.054591
38.41016428,-75.055838
38.40955951,-75.05599964
38.40887593,-75.05618233
38.40473793,-75.05728829
38.389466,-75.06137
38.36871571,-75.06811075
38.36855912,-75.06816162
38.36781235,-75.06840421
38.36736958,-75.06854804
38.36733544,-75.06855913
38.3634625,-75.06981726
38.36337577,-75.06984543
38.35880935,-75.07132884
38.35787612,-75.071632
38.35770738,-75.07168681
38.35768638,-75.07169364
38.35640168,-75.07211097
38.355278,-75.072476
38.35200605,-75.07385219
38.35038968,-75.07453203
38.32752564,-75.08414867
38.32509606,-75.08517056
38.32472357,-75.08532723
38.32438903,-75.08546794
38.32427,-75.085518
38.322769,-75.087466
38.32325178,-75.09214235
38.323432,-75.093888
38.311525,-75.102947
38.30934949,-75.10375722
38.274229,-75.116837
38.220475,-75.143229
38.19257192,-75.15535117
38.184242,-75.15897
38.17638251,-75.16164027
38.130014,-75.177394
38.1267985,-75.17894515
38.09781944,-75.19292458
38.096013,-75.193796
38.09358175,-75.19538153
38.07931719,-75.2046841
38.07896973,-75.2049107
38.07650954,-75.20651511
38.061786,-75.216117
38.05091208,-75.22434045
38.04661194,-75.22759245
38.03567943,-75.2358602
38.03540895,-75.23606475
38.03346082,-75.23753804
38.02780214,-75.24181744
38.027209,-75.242266
38.02720636,-75.24229564
38.026489,-75.25035759
38.02598015,-75.25607633
38.02557448,-75.26063531
38.02544523,-75.26208787
38.02529478,-75.26377874
38.01514451,-75.37785118
38.013277,-75.398839
38.010854,-75.42881
38.010282,-75.435956
37.994211,-75.624341
37.9942077,-75.62434195
37.9898,-75.625612
37.988521,-75.627607
37.987818,-75.630869
37.986693,-75.632532
37.984519,-75.633833
37.983057,-75.633712
37.977798,-75.628855
37.976789,-75.628839
37.975966,-75.629532
37.975667,-75.630992
37.97602,-75.63201
37.977672,-75.634209
37.979536,-75.635736
37.979397,-75.638221
37.975967,-75.641823
37.969779,-75.644725
37.966775,-75.648229
37.947027,-75.647606
37.945435,-75.655681
37.949387,-75.665012
37.950796,-75.669711
37.95628185,-75.66505696
37.961195,-75.663095
37.96240119,-75.66501962
37.96513033,-75.66937427
37.966576,-75.671681
37.967607,-75.685995
37.9677831,-75.68652538
37.97497248,-75.70817884
37.976623,-75.71315
37.973416,-75.722085
37.97131,-75.722662
37.96975424,-75.72469208
37.96926556,-75.72532976
37.967256,-75.727952
37.9645923,-75.73512541
37.96370528,-75.73751419
37.963526,-75.737997
37.968873,-75.750244
37.970663,-75.759091
37.972044,-75.776773
37.97221599,-75.77897509
37.97256503,-75.78344412
37.972594,-75.783815
37.97171392,-75.78500659
37.97156415,-75.78520937
37.97151739,-75.78527269
37.97135901,-75.78548713
37.96924391,-75.78835088
37.96806783,-75.78994325
37.95609988,-75.80614733
37.95552216,-75.80692955
37.95491219,-75.80775542
37.94654206,-75.81908821
37.9452972,-75.8207737
37.94372621,-75.82290076
37.94273574,-75.8242418
37.94258377,-75.82444757
37.938556,-75.829901
37.93802753,-75.8301543
37.93478892,-75.83170659
37.93451949,-75.83183572
37.933313,-75.832414
37.93311216,-75.83279301
37.92729662,-75.84376784
37.92611824,-75.84599163
37.92578498,-75.84662055
37.92547402,-75.84720738
37.92533323,-75.84747307
37.92515072,-75.84781749
37.92508936,-75.84793329
37.92498334,-75.84813337
37.92446959,-75.84910289
37.91831,-75.860727
37.91256296,-75.88191339
37.91207623,-75.88370769
37.911717,-75.885032
37.916848,-75.892686
37.92140632,-75.89579069
37.92162513,-75.89593972
37.925114,-75.898316
37.93079,-75.894065
37.93387898,-75.89365488
37.94023937,-75.89281043
37.954847,-75.890871
37.974514,-75.898956
38.002995,-75.882768
38.011965,-75.875297
38.028241,-75.875399
38.034375,-75.87319
38.03540745,-75.86951254
38.03641841,-75.8659116
38.03677321,-75.86464782
38.03838958,-75.85889051
38.038778,-75.857507
38.03858331,-75.85685434
38.03816963,-75.8554676
38.03794399,-75.85471119
38.03733073,-75.8526554
38.036697,-75.850531
38.03587723,-75.85034303
38.034294,-75.84998
38.03437,-75.847922
38.03446768,-75.8477157
38.0400067,-75.83601766
38.04065738,-75.83464346
38.04112465,-75.83365662
38.04123775,-75.83341776
38.04284505,-75.83002325
38.043152,-75.829375
38.04324678,-75.82927613
38.04591547,-75.82649209
38.04639967,-75.82598697
38.058932,-75.812913
38.05948113,-75.81337825
38.05958717,-75.81346809
38.06660636,-75.81941508
38.06668201,-75.81947917
38.066814,-75.819591
38.06912028,-75.830017
38.06936057,-75.8311033
38.06972315,-75.83274241
38.07131413,-75.83993475
38.07156239,-75.84105707
38.07159531,-75.84120589
38.072272,-75.844265
38.07128922,-75.84717999
38.06956148,-75.85230454
38.067323,-75.858944
38.06720768,-75.85902633
38.06644837,-75.85956842
38.065743,-75.860072
38.06407317,-75.85971737
38.06276878,-75.85944035
38.06201771,-75.85928084
38.06071712,-75.85900463
38.060135,-75.858881
38.05995978,-75.8606293
38.05992803,-75.8609461
38.05991932,-75.86103302
38.05986953,-75.86152986
38.05940211,-75.86619372
38.05929453,-75.86726709
38.05927012,-75.86751063
38.05913101,-75.86889863
38.05887,-75.871503
38.060288,-75.874189
38.075011,-75.880515
38.08918312,-75.87139433
38.09091103,-75.87028231
38.09803641,-75.86569666
38.09889266,-75.86514561
38.100968,-75.86381
38.113111,-75.842604
38.113753,-75.837563
38.11446801,-75.83720381
38.11454598,-75.83716464
38.11477723,-75.83704846
38.1328026,-75.8279932
38.13300433,-75.82789186
38.133438,-75.827674
38.13346429,-75.82771214
38.144599,-75.843862
38.144414,-75.849919
38.14256748,-75.85450717
38.14089327,-75.85866717
38.140542,-75.85954
38.134886,-75.866
38.134381,-75.868636
38.13468406,-75.87005614
38.13489348,-75.87103745
38.13695692,-75.88070657
38.13701481,-75.88097781
38.14115,-75.900355
38.14082576,-75.90105806
38.14038974,-75.9020035
38.13972642,-75.90344182
38.13873175,-75.90559861
38.13831748,-75.90649689
38.13796362,-75.90726418
38.13033899,-75.92379705
38.1262158,-75.93273755
38.1243547,-75.93677307
38.124209,-75.937089
38.12307699,-75.93705517
38.12174855,-75.93701546
38.11674517,-75.93686592
38.109956,-75.936663
38.109976,-75.938484
38.113091,-75.945297
38.118127,-75.949557
38.13111474,-75.95642792
38.13112563,-75.95643368
38.1355717,-75.95878579
38.13691468,-75.95949627
38.137141,-75.959616
38.15851286,-75.95241058
38.16143588,-75.95142509
38.161887,-75.951273
38.16448575,-75.94975167
38.168274,-75.947534
38.1687362,-75.94748738
38.16943866,-75.94741652
38.170792,-75.94728
38.17177815,-75.94812946
38.1718836,-75.9482203
38.17228539,-75.9485664
38.17245112,-75.94870915
38.17605295,-75.95181174
38.176239,-75.951972
38.17679405,-75.95185045
38.17801445,-75.9515832
38.178093,-75.951566
38.18003713,-75.94957464
38.18018791,-75.9494202
38.18070412,-75.94889144
38.18085417,-75.94873775
38.18295494,-75.94658594
38.18409396,-75.94541925
38.187066,-75.942375
38.18735193,-75.94144786
38.18966975,-75.93393237
38.203813,-75.888073
38.203309,-75.886217
38.20049325,-75.8849397
38.199751,-75.884603
38.19973851,-75.88454434
38.19840731,-75.87829256
38.198292,-75.877751
38.19838614,-75.87725033
38.19956599,-75.8709754
38.20003701,-75.86847033
38.200858,-75.864104
38.2017589,-75.86244372
38.2047343,-75.85696031
38.20612005,-75.85440649
38.20728603,-75.85225768
38.20933988,-75.84847262
38.2099767,-75.84729901
38.21012175,-75.84703169
38.2102947,-75.84671296
38.210477,-75.846377
38.226432,-75.851396
38.22655039,-75.85152777
38.23340702,-75.85915961
38.23832019,-75.86462826
38.24342519,-75.87031042
38.243432,-75.870318
38.24396773,-75.87246438
38.244514,-75.874653
38.24444942,-75.88287268
38.244445,-75.883435
38.2433946,-75.88520003
38.24241783,-75.88684135
38.24207992,-75.88740915
38.241423,-75.888513
38.2395,-75.889356
38.231006,-75.885676
38.23086595,-75.88590932
38.228009,-75.890669
38.22843941,-75.89458323
38.228561,-75.895689
38.2287172,-75.89587927
38.23192064,-75.89978133
38.232133,-75.90004
38.2332056,-75.90066147
38.23444763,-75.9013811
38.24216457,-75.9058523
38.24244741,-75.90601617
38.246648,-75.90845
38.252045,-75.908272
38.257951,-75.911143
38.263126,-75.917297
38.26405555,-75.91944639
38.26441543,-75.92027854
38.26667024,-75.92549231
38.272329,-75.938577
38.27161082,-75.94030171
38.27071111,-75.94246233
38.270611,-75.94270274
38.26826128,-75.94834558
38.267006,-75.95136012
38.266949,-75.951497
38.26693631,-75.95151167
38.26689192,-75.95156298
38.266819,-75.95164726
38.26436569,-75.954483
38.26429257,-75.95456751
38.264177,-75.9547011
38.26414636,-75.95473651
38.26407108,-75.95482353
38.263998,-75.954908
38.26399749,-75.95490798
38.26101608,-75.95480971
38.254108,-75.95458201
38.25347611,-75.95456119
38.252894,-75.954542
38.24969897,-75.95005553
38.24927338,-75.94945792
38.248802,-75.948796
38.24887544,-75.94787621
38.24905097,-75.94567774
38.249145,-75.9445
38.24827888,-75.9430315
38.24794476,-75.942465
38.24782577,-75.94226324
38.246902,-75.940697
38.24621084,-75.94119018
38.24394885,-75.94280424
38.23889,-75.946414
38.23850367,-75.94819694
38.2378624,-75.9511564
38.23699402,-75.955164
38.23684907,-75.95583297
38.23630622,-75.95833823
38.23620752,-75.95879374
38.23551885,-75.96197194
38.23548863,-75.9621114
38.23535471,-75.96272944
38.2353111,-75.9629307
38.23366801,-75.97051365
38.23345707,-75.97148712
38.2333,-75.972212
38.23504332,-75.97039971
38.23531684,-75.97011537
38.23602137,-75.96938296
38.236076,-75.96932617
38.24069186,-75.9645277
38.241085,-75.964119
38.24159819,-75.96396922
38.24754,-75.962235
38.251793,-75.963453
38.265155,-75.984274
38.276466,-75.985815
38.2792875,-75.98781442
38.28058131,-75.98873126
38.282915,-75.990385
38.28389434,-75.99116242
38.28455469,-75.99168661
38.28579171,-75.99266857
38.28599386,-75.99282905
38.2867023,-75.99339141
38.29533117,-76.00024113
38.300079,-76.00401002
38.30399425,-76.007118
38.30416536,-76.00725383
38.304318,-76.007375
38.30435121,-76.00747752
38.3055716,-76.0112452
38.30564048,-76.01145784
38.307206,-76.016291
38.307247,-76.01631415
38.30760032,-76.01651369
38.30900716,-76.01730818
38.309106,-76.017364
38.31199681,-76.00937695
38.312261,-76.008647
38.31411049,-75.9911505
38.31418086,-75.99048486
38.3146523,-75.98602497
38.31478349,-75.98478386
38.31482061,-75.98443274
38.31495239,-75.98318604
38.31495398,-75.98317098
38.31502249,-75.98252291
38.315147,-75.981345
38.32004449,-75.96957717
38.320164,-75.96929
38.32049832,-75.96888007
38.324285,-75.964237
38.332572,-75.961944
38.33582959,-75.96194547
38.33601831,-75.96194556
38.341431,-75.961948
38.34842919,-75.96536642
38.35053963,-75.96639731
38.35562335,-75.96888057
38.35619681,-75.96916069
38.35963538,-75.97084033
38.36000208,-75.97101945
38.36106932,-75.97154077
38.36182621,-75.97191049
38.36236511,-75.97217373
38.36258405,-75.97228068
38.36585,-75.973876
38.36762699,-75.97972707
38.36776455,-75.98018003
38.36796154,-75.98082865
38.37247983,-75.99570596
38.3743425,-76.00183914
38.37443877,-76.00215613
38.374477,-76.002282
38.37204453,-76.00494624
38.370216,-76.006949
38.360582,-76.011869
38.357077,-76.012149
38.35484375,-76.01103295
38.35425142,-76.01073694
38.35328712,-76.01025504
38.353211,-76.010217
38.3527317,-76.0103661
38.35250397,-76.01043695
38.332429,-76.016682
38.323211,-76.033947
38.32216311,-76.04143149
38.322137,-76.041618
38.322097,-76.04165893
38.32060987,-76.04318045
38.31988394,-76.04392318
38.31917484,-76.04464868
38.31877589,-76.04505685
38.318246,-76.045599
38.31745177,-76.04596444
38.31657641,-76.04636722
38.31432898,-76.04740132
38.31304442,-76.04799238
38.31164344,-76.048637
38.31093016,-76.0489652
38.31040358,-76.04920749
38.30971839,-76.04952277
38.309594,-76.04958
38.3093477,-76.0496087
38.30901695,-76.04964723
38.304101,-76.05022
38.301582,-76.04714745
38.2957376,-76.04001873
38.28796,-76.030532
38.28203517,-76.02823436
38.28028808,-76.02755684
38.280108,-76.027487
38.26887525,-76.03259474
38.26872191,-76.03266447
38.26848684,-76.03277136
38.26798874,-76.03299786
38.26664356,-76.03360954
38.26636334,-76.03373695
38.254932,-76.038935
38.2540927,-76.03973761
38.24971163,-76.04392717
38.249373,-76.044251
38.2434473,-76.04414082
38.241682,-76.044108
38.2412938,-76.04381446
38.23355132,-76.03795993
38.23242636,-76.03710929
38.23241809,-76.03710303
38.23109441,-76.03610212
38.230556,-76.035695
38.22204556,-76.03345512
38.2215987,-76.03333751
38.216684,-76.032044
38.227079,-76.05801
38.238455,-76.069502
38.24183587,-76.07083085
38.24265729,-76.07115371
38.2486089,-76.07349299
38.24920009,-76.07372536
38.25114815,-76.07449104
38.25120821,-76.07451465
38.25134423,-76.07456811
38.25144318,-76.074607
38.25174514,-76.07472568
38.25183244,-76.07476
38.252181,-76.074897
38.25261629,-76.08226759
38.25263294,-76.08254941
38.25306098,-76.08979718
38.25321572,-76.09241731
38.25323376,-76.0927229
38.25334986,-76.09468864
38.253647,-76.09972
38.262525,-76.107592
38.277153,-76.102549
38.286946,-76.111296
38.28375084,-76.12694025
38.28290443,-76.13108452
38.2816477,-76.13723775
38.28160593,-76.13744227
38.2813942,-76.13847895
38.281385,-76.138524
38.28140593,-76.13859648
38.28200572,-76.14067362
38.28208471,-76.14094716
38.28271414,-76.14312694
38.28452495,-76.1493979
38.284663,-76.149876
38.290983,-76.160474
38.29094764,-76.16083789
38.29089807,-76.16134791
38.290431,-76.166154
38.28532616,-76.17341816
38.28523,-76.173555
38.28486865,-76.17384368
38.28465921,-76.174011
38.2845433,-76.1741036
38.28448271,-76.174152
38.2840675,-76.1744837
38.28392444,-76.174598
38.28381804,-76.174683
38.27701871,-76.18011491
38.276956,-76.180165
38.27673875,-76.1801032
38.2732913,-76.17912257
38.27033633,-76.17828202
38.261551,-76.175783
38.25698393,-76.17125352
38.25006102,-76.16438757
38.248913,-76.163249
38.249678,-76.146297
38.245872,-76.13516916
38.24580725,-76.13497985
38.24497416,-76.13254408
38.24442974,-76.13095233
38.242949,-76.126623
38.24204601,-76.12645284
38.23887996,-76.12585624
38.238348,-76.125756
38.23570405,-76.12845217
38.23526695,-76.12889791
38.23288,-76.131332
38.231305,-76.140068
38.234215,-76.151035
38.247037,-76.17335
38.267434,-76.188644
38.27248735,-76.18962655
38.27263317,-76.1896549
38.277139,-76.190531
38.28522039,-76.19715491
38.28587661,-76.19769278
38.28609387,-76.19787086
38.29063288,-76.20159125
38.29064702,-76.20160285
38.29153865,-76.20233367
38.29189761,-76.20262789
38.29222558,-76.20289671
38.29287575,-76.20342962
38.29346067,-76.20390905
38.302656,-76.211446
38.3050229,-76.21626567
38.30568622,-76.21761637
38.3058995,-76.21805067
38.309988,-76.226376
38.30998859,-76.22640772
38.310313,-76.243897
38.31512,-76.254473
38.318373,-76.258189
38.339502,-76.266602
38.346436,-76.264186
38.34161938,-76.2592858
38.341595,-76.259261
38.34160292,-76.2592352
38.34186477,-76.25838262
38.34201365,-76.25789789
38.347986,-76.238452
38.34835482,-76.2384781
38.34923819,-76.23854061
38.350233,-76.238611
38.350738,-76.23901031
38.35079542,-76.23905572
38.35148553,-76.2396014
38.35186578,-76.23990207
38.35223806,-76.24019643
38.35250849,-76.24041026
38.36128479,-76.24734982
38.36307591,-76.24876609
38.364214,-76.249666
38.366712,-76.256788
38.36670225,-76.25747853
38.36669458,-76.2580217
38.366483,-76.273003
38.38291907,-76.27872215
38.38317917,-76.27881265
38.38874291,-76.28074863
38.390079,-76.28121354
38.39038377,-76.28131959
38.39060424,-76.28139631
38.39146975,-76.28169747
38.39275437,-76.28214447
38.393118,-76.282271
38.403143,-76.280551
38.413512,-76.28302
38.42440373,-76.29068134
38.43791601,-76.300186
38.439767,-76.301488
38.450266,-76.31160038
38.450439,-76.311767
38.459862,-76.320843
38.47332336,-76.33138311
38.47343245,-76.33146852
38.473548,-76.331559
38.47432381,-76.33175832
38.47522529,-76.33198992
38.492235,-76.33636
38.500121,-76.327257
38.498199,-76.318054
38.503906,-76.289507
38.504157,-76.283595
38.502165,-76.281761
38.503452,-76.263968
38.50487371,-76.26213291
38.506255,-76.26035
38.52301921,-76.24789354
38.523818,-76.2473
38.536966,-76.244396
38.539023,-76.248885
38.53913075,-76.25026507
38.53919073,-76.25103329
38.539393,-76.253624
38.531207,-76.274057
38.532468,-76.278106
38.53613,-76.281047
38.541851,-76.277461
38.548809,-76.275913
38.557231,-76.27964
38.5612995,-76.28318864
38.56180729,-76.28363155
38.56798186,-76.28901714
38.569158,-76.290043
38.56924717,-76.2906672
38.57007592,-76.29646876
38.57048046,-76.29930071
38.571769,-76.308321
38.575293,-76.305172
38.58198769,-76.29199805
38.58254807,-76.29089532
38.59139,-76.273496
38.597753,-76.268633
38.60199682,-76.27258406
38.60417401,-76.27461106
38.60447112,-76.27488767
38.60485629,-76.27524627
38.60489475,-76.27528207
38.60529838,-76.27565786
38.60952039,-76.27958862
38.61066198,-76.27814568
38.61177855,-76.27673435
38.615661,-76.271827
38.615109,-76.264155
38.61547489,-76.26357716
38.61597277,-76.2627909
38.61702118,-76.26113518
38.6175392,-76.2603171
38.62158595,-76.25392625
38.62540418,-76.2478963
38.626282,-76.24651
38.628598,-76.23665
38.62682731,-76.2359869
38.62400158,-76.23492871
38.61401,-76.231187
38.6133009,-76.2293577
38.61322384,-76.22915889
38.61309256,-76.22882023
38.61082966,-76.22298249
38.6099451,-76.22070055
38.606738,-76.212427
38.60674371,-76.21241365
38.610741,-76.203065
38.613011,-76.202598
38.621092,-76.190902
38.628791,-76.174969
38.629225,-76.170066
38.625452,-76.160148
38.63181921,-76.15288508
38.63684,-76.147158
38.6378929,-76.14757697
38.63946327,-76.14820185
38.64036166,-76.14855934
38.6413558,-76.14895492
38.64235642,-76.14935309
38.65039981,-76.15255371
38.65052278,-76.15260264
38.65057236,-76.15262237
38.65149547,-76.15298969
38.65256219,-76.15341416
38.65345485,-76.15376937
38.65426937,-76.15409348
38.65549474,-76.15458108
38.65555334,-76.1546044
38.65626838,-76.15488893
38.65635756,-76.15492441
38.658083,-76.155611
38.66190323,-76.16053926
38.66494601,-76.16446457
38.66832494,-76.16882353
38.67281111,-76.17461087
38.673236,-76.175159
38.67286,-76.196716
38.67112693,-76.19972187
38.67099659,-76.19994794
38.670774,-76.200334
38.681892,-76.212808
38.69805687,-76.22634287
38.70151937,-76.22924203
38.70408764,-76.23139245
38.70452389,-76.23175772
38.7049644,-76.23212656
38.7052489,-76.23236477
38.70545185,-76.2325347
38.70578516,-76.23281379
38.7058226,-76.23284513
38.70585862,-76.23287529
38.70587985,-76.23289307
38.70749945,-76.23424916
38.70765481,-76.23437925
38.70766979,-76.23439179
38.70819123,-76.23482839
38.71176212,-76.23781831
38.71187854,-76.23791578
38.71207143,-76.23807729
38.71218485,-76.23817226
38.71234426,-76.23830573
38.712845,-76.238725
38.71688025,-76.23937662
38.71719083,-76.23942677
38.719756,-76.239841
38.724518,-76.23704
38.735434,-76.238685
38.736476,-76.255093
38.73627285,-76.25534812
38.73469076,-76.25733492
38.73462076,-76.25742283
38.73460943,-76.25743706
38.73428006,-76.25785068
38.73357316,-76.25873842
38.7331757,-76.25923756
38.73283561,-76.25966464
38.73277512,-76.25974061
38.73267455,-76.25986691
38.73266714,-76.2598762
38.7325676,-76.2600012
38.73179116,-76.26097627
38.731085,-76.26186307
38.72596885,-76.26828799
38.72560932,-76.26873949
38.72510712,-76.26937016
38.72498815,-76.26951956
38.724385,-76.270277
38.71620922,-76.27124252
38.71448011,-76.27144671
38.71357619,-76.27155346
38.713216,-76.271596
38.712714,-76.275015
38.71271488,-76.27501891
38.718005,-76.298499
38.719287,-76.299171
38.72318262,-76.29660268
38.72328283,-76.29653662
38.724162,-76.295957
38.72625463,-76.2981862
38.72734675,-76.2993496
38.727395,-76.299401
38.730708,-76.312756
38.729586,-76.316146
38.72356467,-76.32180318
38.723478,-76.3218846
38.72333495,-76.322019
38.7233257,-76.32202769
38.72264994,-76.32266259
38.7226049,-76.3227049
38.72260373,-76.322706
38.72257839,-76.32272981
38.72249579,-76.32280741
38.72243947,-76.32286032
38.72231749,-76.32297493
38.7220632,-76.32321384
38.72172701,-76.32352969
38.71895373,-76.32613525
38.71786137,-76.32716154
38.71693159,-76.32803509
38.71660946,-76.32833775
38.71468194,-76.33014869
38.713266,-76.331479
38.70911754,-76.33251744
38.70692728,-76.33306571
38.70506268,-76.33353246
38.70408598,-76.33377695
38.703127,-76.334017
38.70295344,-76.33386209
38.70095596,-76.33207925
38.689512,-76.321865
38.68921708,-76.32188098
38.68890227,-76.32189803
38.68876775,-76.32190532
38.6885842,-76.32191526
38.679304,-76.322418
38.67202329,-76.3386101
38.67136922,-76.34006474
38.671245,-76.340341
38.67688045,-76.34321982
38.67699228,-76.34327695
38.6779854,-76.34378427
38.67879769,-76.34419922
38.686234,-76.347998
38.70354614,-76.34507169
38.70635162,-76.34459747
38.730338,-76.340543
38.73100806,-76.34056659
38.73217855,-76.34060779
38.73246366,-76.34061782
38.73275608,-76.34062811
38.73285689,-76.34063166
38.73296015,-76.3406353
38.73300273,-76.3406368
38.73312251,-76.34064101
38.73322494,-76.34064462
38.73413607,-76.34067669
38.73521523,-76.34071467
38.73571153,-76.34073214
38.73589387,-76.34073856
38.73593246,-76.34073992
38.74595875,-76.34109284
38.74605799,-76.34109633
38.74614823,-76.34109951
38.75150456,-76.34128805
38.75165381,-76.3412933
38.75175632,-76.34129691
38.751901,-76.341302
38.772911,-76.334619
38.77342037,-76.33375213
38.77578907,-76.32972095
38.779287,-76.323768
38.78065675,-76.3227003
38.79324734,-76.3128861
38.79599629,-76.31074334
38.79609839,-76.31066375
38.79614718,-76.31062572
38.79623702,-76.3105557
38.796846,-76.310081
38.813346,-76.308922
38.81433117,-76.30830585
38.81434943,-76.30829443
38.81461756,-76.30812673
38.81599284,-76.30726659
38.8245955,-76.30188625
38.82619,-76.300889
38.82619201,-76.30088607
38.82751913,-76.29895601
38.828314,-76.2978
38.82818613,-76.29656426
38.82817646,-76.29647086
38.8281685,-76.29639386
38.82816539,-76.29636387
38.82816177,-76.29632886
38.82816084,-76.29631984
38.82815457,-76.29625931
38.82812689,-76.29599183
38.82808116,-76.29554984
38.82807122,-76.29545377
38.82806935,-76.29543577
38.82788435,-76.29364788
38.82772872,-76.29214386
38.827347,-76.288455
38.82870624,-76.2847685
38.83125562,-76.27785411
38.83129465,-76.27774826
38.831419,-76.277411
38.83146822,-76.27741994
38.835494,-76.278151
38.83576818,-76.27804023
38.84476633,-76.27440506
38.85177111,-76.27157518
38.85165206,-76.26717474
38.85162026,-76.26599937
38.85157214,-76.26422058
38.84763841,-76.26575858
38.847512,-76.265808
38.84732576,-76.26567769
38.84232496,-76.2621789
38.84193618,-76.26190689
38.84153633,-76.26162714
38.83542789,-76.2573534
38.83318927,-76.25578715
38.83255398,-76.25534267
38.8325246,-76.25532212
38.825438,-76.250364
38.8253891,-76.2502957
38.822232,-76.245886
38.81958992,-76.23877025
38.81603625,-76.22919937
38.81561711,-76.22807054
38.81305185,-76.22116169
38.812371,-76.219328
38.81444,-76.198138
38.81554131,-76.19743227
38.81701511,-76.19648786
38.81711096,-76.19642644
38.81875926,-76.19537019
38.821787,-76.19343
38.82231852,-76.19327202
38.82298852,-76.19307289
38.82316485,-76.19302048
38.8234894,-76.19292402
38.82368733,-76.19286519
38.82402419,-76.19276507
38.82478986,-76.1925375
38.82966,-76.19109
38.82983363,-76.19117174
38.83345037,-76.19287432
38.83360341,-76.19294637
38.83366104,-76.1929735
38.843712,-76.197705
38.84383002,-76.19773555
38.85081682,-76.19954397
38.85538943,-76.20072752
38.862616,-76.202598
38.86490644,-76.20231369
38.882885,-76.200082
38.892726,-76.205063
38.9057152,-76.20454388
38.91609556,-76.20412903
38.91626916,-76.20412209
38.91705761,-76.20409058
38.928382,-76.203638
38.93195415,-76.20769523
38.93726868,-76.21373146
38.937366,-76.213842
38.94141161,-76.22813041
38.94148925,-76.22840463
38.942518,-76.232038
38.94212328,-76.23389518
38.94195636,-76.23468053
38.938667,-76.250157
38.92825,-76.250868
38.92820358,-76.25083839
38.92629704,-76.24962222
38.92570656,-76.24924556
38.92515904,-76.2488963
38.92507641,-76.24884359
38.9248548,-76.24870223
38.92465455,-76.24857449
38.92449444,-76.24847236
38.92379,-76.248023
38.92180011,-76.24916254
38.92158676,-76.24928472
38.92146475,-76.24935459
38.920907,-76.249674
38.92084064,-76.2498887
38.9190077,-76.25581883
38.91889284,-76.25619046
38.918829,-76.256397
38.91916021,-76.2580802
38.91918498,-76.25820606
38.919976,-76.262226
38.924576,-76.264683
38.92476391,-76.26469154
38.930297,-76.264943
38.9314817,-76.26577219
38.932179,-76.26626024
38.93634883,-76.26917876
38.9388858,-76.27095442
38.93984385,-76.27162498
38.9418396,-76.27302183
38.941927,-76.273083
38.9418255,-76.27325768
38.94021269,-76.27603342
38.93545159,-76.2842275
38.93278748,-76.28881256
38.93139365,-76.29121142
38.92885535,-76.29557995
38.928663,-76.295911
38.92205982,-76.29820753
38.918542,-76.299431
38.91850467,-76.29940633
38.91712147,-76.29849241
38.91026563,-76.29396256
38.910121,-76.293867
38.90982623,-76.29384308
38.90964881,-76.29382868
38.90922194,-76.29379403
38.90549905,-76.29349188
38.90385363,-76.29335834
38.90363493,-76.29334059
38.90347911,-76.29332795
38.90324412,-76.29330887
38.90258161,-76.2932551
38.902568,-76.293254
38.898404,-76.308425
38.911312,-76.317947
38.91131133,-76.31797703
38.91129892,-76.31852974
38.91128226,-76.31927242
38.911205,-76.32271548
38.91119297,-76.32325154
38.911174,-76.324097
38.91117163,-76.32410248
38.905977,-76.336104
38.90590744,-76.33611635
38.90190466,-76.33682691
38.90111848,-76.33696647
38.90038048,-76.33709747
38.8996525,-76.3372267
38.89891524,-76.33735758
38.89503429,-76.33804651
38.89460099,-76.33812343
38.89295417,-76.33841576
38.892474,-76.338501
38.89133233,-76.337946
38.88935707,-76.33698576
38.8884808,-76.33655978
38.88800089,-76.33632649
38.88667282,-76.33568087
38.886021,-76.335364
38.88590669,-76.33534117
38.878194,-76.33380084
38.87547757,-76.33325833
38.87524113,-76.33321111
38.87243831,-76.33265134
38.86468559,-76.33110301
38.86432,-76.33103
38.860238,-76.334019
38.85757929,-76.33790126
38.85741846,-76.33813611
38.85637018,-76.33966681
38.85574,-76.340587
38.85713424,-76.34882553
38.857399,-76.35039
38.85439601,-76.356361
38.85258588,-76.35996016
38.85251783,-76.36009546
38.851992,-76.361141
38.85158854,-76.36132037
38.83993565,-76.3665009
38.83619411,-76.36816427
38.836125,-76.368195
38.83620481,-76.36835921
38.83832385,-76.37271942
38.83851942,-76.37312183
38.839474,-76.375086
38.83998126,-76.37513752
38.84161083,-76.37530305
38.84298794,-76.37544293
38.84877658,-76.37603091
38.850461,-76.376202
38.85049981,-76.37618286
38.85112641,-76.37587388
38.85786013,-76.37255341
38.86800919,-76.3675488
38.86842407,-76.36734422
38.873831,-76.364678
38.8926136,-76.36522508
38.8982194,-76.36538836
38.907477,-76.365658
38.91173641,-76.36512977
38.91455348,-76.36478042
38.91663178,-76.36452268
38.93656751,-76.36205037
38.939175,-76.361727
38.94388024,-76.35966893
38.94784844,-76.35793324
38.94826227,-76.35775223
38.95467209,-76.35494858
38.957234,-76.353828
38.96021372,-76.35163731
38.97104778,-76.3436721
38.98460746,-76.333703
38.98788993,-76.33128973
38.9987671,-76.32329282
38.999602,-76.322679
39.00548767,-76.32234618
39.006375,-76.322296
39.008961,-76.323557
39.01310002,-76.32258999
39.02299825,-76.32027745
39.023013,-76.320274
39.02301975,-76.32026931
39.035257,-76.311766
39.03957052,-76.30202866
39.039651,-76.301847
39.03766298,-76.30164464
39.03629797,-76.3015057
39.0318624,-76.30105422
39.03172121,-76.30103985
39.031595,-76.301027
39.025828,-76.302846
39.02534629,-76.30265041
39.00426318,-76.29408997
39.003948,-76.293962
39.0012645,-76.29190035
38.99791351,-76.28932589
38.99421496,-76.2864844
38.99214334,-76.28489283
38.99004353,-76.28327961
38.98623633,-76.28035466
38.98324648,-76.27805764
38.982492,-76.277478
38.98249333,-76.27745685
38.98258706,-76.27596413
38.983664,-76.258813
38.98364566,-76.25872395
38.98103482,-76.24604913
38.98053416,-76.24361854
38.97772751,-76.22999313
38.97758,-76.229277
38.97722029,-76.22874842
38.970538,-76.218929
38.97056192,-76.21877302
38.973079,-76.20236
38.9732715,-76.20208085
38.98355775,-76.18716499
38.98680153,-76.18246124
38.9880416,-76.18066305
38.99654559,-76.16833158
38.99953011,-76.1640038
38.999541,-76.163988
38.99954221,-76.16398796
39.00043666,-76.16395632
39.00209636,-76.16389761
39.010057,-76.163616
39.018273,-76.167574
39.02555003,-76.17339291
39.02710049,-76.17463269
39.03110169,-76.17783216
39.0314558,-76.17811532
39.031663,-76.178281
39.046264,-76.184207
39.05294074,-76.17945646
39.05632894,-76.17704573
39.058805,-76.175284
39.062787,-76.16906
39.065486,-76.15896
39.06943314,-76.15657161
39.07456788,-76.1534646
39.079421,-76.150528
39.092824,-76.145174
39.0939978,-76.15809047
39.09483901,-76.16734709
39.09499715,-76.1690873
39.09502684,-76.16941401
39.09507015,-76.16989062
39.096344,-76.183908
39.09304228,-76.18990735
39.09040279,-76.1947034
39.08565376,-76.20333256
39.085626,-76.203383
39.08510069,-76.20354785
39.08012861,-76.20510819
39.07217594,-76.20760389
39.06441,-76.210041
39.06251078,-76.21025133
39.05687404,-76.21087556
39.04818392,-76.21183793
39.04164089,-76.21256252
39.04128778,-76.21260163
39.041158,-76.212616
39.03887044,-76.21204005
39.0370803,-76.21158934
39.03266365,-76.21047734
39.03008118,-76.20982714
39.02884803,-76.20951666
39.024818,-76.208502
39.02461359,-76.20834646
39.02264913,-76.20685166
39.02257546,-76.20679559
39.02147496,-76.2059582
39.01452,-76.200666
39.01433878,-76.20100546
39.01371392,-76.20217593
39.01001,-76.209114
39.01007409,-76.20928463
39.01291571,-76.21684992
39.01453,-76.22114768
39.01547785,-76.22367115
39.018518,-76.231765
39.02658115,-76.24022635
39.02820627,-76.24193173
39.028926,-76.242687
39.039798,-76.240905
39.0419766,-76.23944321
39.0448723,-76.23750026
39.045521,-76.237065
39.06076934,-76.23121206
39.061017,-76.231117
39.07171413,-76.2314265
39.082826,-76.231748
39.091385,-76.233457
39.10685581,-76.24060293
39.11648427,-76.24505028
39.13357742,-76.25294556
39.133626,-76.252968
39.14272207,-76.26034274
39.143402,-76.260894
39.14387395,-76.26441727
39.14415824,-76.26653955
39.14436679,-76.26809644
39.14527907,-76.27490685
39.14552203,-76.27672063
39.145764,-76.278527
39.15448411,-76.27680738
39.16030408,-76.27565967
39.16496107,-76.27474131
39.16549,-76.274637
39.16611451,-76.27430321
39.17516255,-76.26946711
39.17672744,-76.26863069
39.17984845,-76.26696254
39.180523,-76.266602
39.191595,-76.255831
39.199214,-76.251032
39.20333304,-76.24874105
39.23233269,-76.23261181
39.233341,-76.232051
39.24648469,-76.22621991
39.25943328,-76.22047537
39.261997,-76.219338
39.26202236,-76.21931176
39.26296274,-76.21833889
39.26375421,-76.21752008
39.26976086,-76.2113059
39.269812,-76.211253
39.26981253,-76.21117912
39.26981563,-76.21074774
39.269871,-76.203031
39.27026497,-76.20258972
39.27880092,-76.19302864
39.28035766,-76.19128494
39.28162279,-76.18986788
39.28515735,-76.18590883
39.285367,-76.185674
39.291797,-76.181496
39.29182931,-76.18147825
39.29868614,-76.17771216
39.298701,-76.177704
39.30309945,-76.17717818
39.30622906,-76.17680405
39.306447,-76.176778
39.30658413,-76.17686491
39.30992623,-76.17898314
39.310098,-76.179092
39.312462,-76.186024
39.31542569,-76.1866368
39.315475,-76.186647
39.31781357,-76.186001
39.319334,-76.185581
39.31939594,-76.18550741
39.33195402,-76.17058829
39.33199406,-76.17054072
39.332094,-76.170422
39.33245284,-76.16941095
39.33282407,-76.16836498
39.335909,-76.159673
39.33564108,-76.15716252
39.33516717,-76.15272192
39.334399,-76.145524
39.340491,-76.133225
39.34246012,-76.13510528
39.344414,-76.136971
39.35107,-76.13495
39.35370234,-76.12998341
39.36074389,-76.11669771
39.360925,-76.116356
39.36174385,-76.1159348
39.3670316,-76.11321486
39.3721185,-76.11059824
39.372257,-76.110527
39.37221487,-76.10894211
39.37219975,-76.10837326
39.37131243,-76.07499222
39.37107039,-76.06588664
39.37106586,-76.06571638
39.37095389,-76.06150417
39.37089624,-76.05933533
39.37087989,-76.05872031
39.37085746,-76.05787631
39.37075859,-76.05415684
39.370644,-76.049846
39.367414,-76.032923
39.36677194,-76.03176722
39.36582581,-76.03006408
39.361896,-76.02299
39.36295775,-76.01909118
39.36637403,-76.00654632
39.367501,-76.002408
39.37643967,-76.00246258
39.38480539,-76.00251367
39.385024,-76.002515
39.38517405,-76.00680525
39.38571611,-76.02230424
39.38617638,-76.03546438
39.38618,-76.035568
39.38621319,-76.03564424
39.38779574,-76.0392791
39.38808,-76.039932
39.38832684,-76.03997329
39.39359398,-76.04085443
39.394237,-76.040962
39.39469211,-76.04061232
39.40160879,-76.03529797
39.401994,-76.035002
39.40209269,-76.03472029
39.40769603,-76.01872596
39.40792908,-76.01806073
39.408465,-76.016531
39.40894722,-76.01576327
39.41095461,-76.01256741
39.41276024,-76.00969277
39.414527,-76.00688
39.42122457,-76.00285645
39.42833285,-75.99858617
39.430314,-75.997396
39.43054871,-75.99669696
39.43187657,-75.99274222
39.43198307,-75.99242504
39.43318682,-75.98883993
39.435287,-75.982585
39.44301995,-75.97775149
39.444627,-75.976747
39.4456901,-75.97669821
39.447808,-75.976601
39.458646,-75.990005
39.45862426,-75.99012784
39.458332,-75.99177896
39.45786237,-75.99443218
39.457182,-75.998276
39.45023072,-76.00249678
39.450204,-76.002513
39.45019441,-76.00257932
39.44925605,-76.00907116
39.449201,-76.009452
39.44931601,-76.00953604
39.45252428,-76.01188035
39.453115,-76.012312
39.45416512,-76.01171561
39.45717018,-76.01000896
39.46964188,-76.00292598
39.47665828,-75.99656958
39.4830144,-75.99528895
39.48874288,-75.99413478
39.49058301,-75.99346885
39.510398,-75.986298
39.51210791,-75.9854032
39.51242409,-75.98523774
39.52190021,-75.98027888
39.52987567,-75.97610532
39.529968,-75.976057
39.5306779,-75.97531275
39.53223719,-75.97367804
39.53865,-75.966955
39.53883915,-75.96695938
39.54462303,-75.96709328
39.54804653,-75.96717253
39.54862699,-75.96718597
39.55014,-75.967221
39.557637,-75.970337
39.563098,-75.992633
39.560488,-75.999669
39.55969615,-76.00019023
39.55809558,-76.00124381
39.55574148,-76.00279339
39.55476781,-76.0034343
39.55359408,-76.00420691
39.55054645,-76.00621301
39.55045676,-76.00627204
39.550352,-76.006341
39.54878418,-76.03041966
39.54771265,-76.04687636
39.5466381,-76.0633794
39.54661,-76.063811
39.54303171,-76.07571439
39.536912,-76.096072
39.52363887,-76.10295522
39.51859546,-76.10557064
39.5183881,-76.10567818
39.51735344,-76.10621473
39.51559667,-76.10712577
39.50700094,-76.11158336
39.49688243,-76.11683065
39.496068,-76.117253
39.48861942,-76.11460978
39.486701,-76.113929
39.48233321,-76.1088129
39.478792,-76.104665
39.47691816,-76.10021849
39.47661772,-76.09950555
39.476116,-76.098315
39.47786,-76.083286
39.47780914,-76.0830815
39.47743809,-76.08158952
39.47533146,-76.07311881
39.47513016,-76.07230937
39.475047,-76.071975
39.47475956,-76.07183601
39.47057725,-76.06981361
39.45829467,-76.06387426
39.45495494,-76.06225931
39.452208,-76.060931
39.45117378,-76.06094437
39.44777535,-76.06098831
39.447722,-76.060989
39.436712,-76.081176
39.43689107,-76.08140894
39.438321,-76.083269
39.43830184,-76.08340546
39.43687149,-76.09359473
39.435659,-76.102232
39.42985228,-76.11276133
39.428565,-76.11509554
39.427614,-76.11682
39.42717024,-76.11717213
39.42235824,-76.12099055
39.42139636,-76.12175382
39.421226,-76.121889
39.41457939,-76.13211366
39.40800682,-76.14222442
39.40531,-76.146373
39.40536441,-76.14704774
39.40562259,-76.15024947
39.4056441,-76.15051618
39.40567775,-76.15093352
39.40575956,-76.15194804
39.40576853,-76.15205922
39.40579253,-76.1523568
39.40617566,-76.1571081
39.4062953,-76.15859168
39.40631,-76.158774
39.40566146,-76.15935814
39.39258781,-76.17113371
39.39221,-76.171474
39.39174722,-76.17174658
39.38601854,-76.17512078
39.38520993,-76.17559705
39.38464809,-76.17592797
39.3776385,-76.18005663
39.377609,-76.180074
39.36622082,-76.19935591
39.3644546,-76.20234641
39.349908,-76.226976
39.35010858,-76.22762549
39.3507226,-76.22961376
39.352008,-76.233776
39.35349772,-76.23474289
39.35353157,-76.23476486
39.35511867,-76.23579495
39.35623622,-76.23652029
39.35842862,-76.23794325
39.361408,-76.239877
39.36156697,-76.24126796
39.361808,-76.243377
39.36173068,-76.24444333
39.36169117,-76.24498816
39.3616705,-76.24527324
39.36132,-76.250107
39.36113551,-76.25048344
39.353352,-76.266365
39.350008,-76.265277
39.34863382,-76.26301941
39.345808,-76.258377
39.34573677,-76.25834195
39.336768,-76.253928
39.33470812,-76.26200757
39.33458987,-76.2624714
39.33443649,-76.26307303
39.334308,-76.263577
39.3342652,-76.26362394
39.33244986,-76.2656146
39.33230179,-76.26577697
39.33201262,-76.26609406
39.33186435,-76.26625666
39.33172712,-76.26640714
39.32601511,-76.27267081
39.322908,-76.276078
39.31873766,-76.27781257
39.31861038,-76.27786551
39.31771207,-76.27823914
39.31744356,-76.27835082
39.31708766,-76.27849885
39.31203726,-76.28059946
39.311608,-76.280778
39.30792971,-76.28108775
39.30453127,-76.28137394
39.30387204,-76.28142945
39.30236852,-76.28155606
39.302108,-76.281578
39.30211025,-76.28170046
39.30238348,-76.29654558
39.302408,-76.297878
39.318108,-76.291078
39.329208,-76.298778
39.33395825,-76.298778
39.3392785,-76.298778
39.340208,-76.298778
39.34224354,-76.2975694
39.34563148,-76.29555781
39.346608,-76.294978
39.350008,-76.295678
39.35221623,-76.30177006
39.35542338,-76.31061792
39.3554998,-76.31082874
39.35569254,-76.31136046
39.355808,-76.311679
39.35591658,-76.31260972
39.35594623,-76.31286383
39.35612029,-76.31435581
39.35709232,-76.32268742
39.357208,-76.323679
39.35613914,-76.33002709
39.354217,-76.341443
39.35016882,-76.33994225
39.33794912,-76.33541213
39.33522173,-76.33440102
39.33419698,-76.33402112
39.333935,-76.333924
39.32578271,-76.33889783
39.324681,-76.33957
39.31961079,-76.3338198
39.314108,-76.327579
39.30579916,-76.33785783
39.30421585,-76.33981654
39.30291,-76.341432
39.31064987,-76.35320548
39.31170904,-76.35481663
39.312155,-76.355495
39.31184,-76.36439
39.31095021,-76.36553194
39.299161,-76.380662
39.29876499,-76.38073425
39.28623052,-76.38302124
39.2844547,-76.38334525
39.28146478,-76.38389078
39.275928,-76.384901
39.27576592,-76.38515102
39.269293,-76.395136
39.26904159,-76.39530132
39.2617534,-76.40009395
39.26161152,-76.40018725
39.26021917,-76.40110284
39.25878296,-76.40204728
39.258315,-76.402355
39.25805325,-76.40191147
39.249216,-76.386937
39.249508,-76.38138
39.24729185,-76.38235771
39.242708,-76.38438
39.24224187,-76.38469927
39.235408,-76.38938
39.23526138,-76.38956331
39.23201216,-76.39362564
39.231408,-76.394381
39.22944986,-76.39831416
39.22904776,-76.39912182
39.2198383,-76.41762014
39.219808,-76.417681
39.21867727,-76.41829047
39.21698777,-76.41920113
39.205708,-76.425281
39.20562913,-76.42541271
39.19604931,-76.44141101
39.195408,-76.442482
39.19797749,-76.44762122
39.20494676,-76.46156044
39.20550604,-76.46267904
39.205908,-76.463483
39.20553968,-76.47112554
39.205108,-76.480083
39.20442584,-76.48215301
39.20331396,-76.48552699
39.20303569,-76.48637139
39.202208,-76.488883
39.20237815,-76.48950478
39.20245266,-76.48977705
39.20272434,-76.49076983
39.20469668,-76.49797722
39.204808,-76.498384
39.20779832,-76.50008602
39.20911304,-76.50083433
39.209376,-76.500984
39.22294574,-76.51980419
39.223508,-76.520584
39.22323971,-76.52094088
39.21749174,-76.5285868
39.21669328,-76.5296489
39.213208,-76.534285
39.21228017,-76.53495979
39.211008,-76.535885
39.20762986,-76.53310301
39.207608,-76.533085
39.20717161,-76.53334913
39.20484098,-76.53475978
39.203808,-76.535385
39.190608,-76.534185
39.177908,-76.525785
39.17774631,-76.525454
39.17753969,-76.52503101
39.17714382,-76.5242206
39.17521404,-76.52027
39.17473614,-76.51929165
39.17109327,-76.51183404
39.169408,-76.508384
39.161286,-76.500926
39.16136249,-76.50051174
39.164407,-76.484023
39.16433388,-76.48384475
39.161109,-76.475983
39.15943604,-76.4748067
39.15800727,-76.47380209
39.154709,-76.471483
39.15316112,-76.46889846
39.14730409,-76.45911878
39.14715703,-76.45887323
39.14702284,-76.45864916
39.14684362,-76.45834993
39.14674927,-76.45819238
39.143509,-76.452782
39.13730483,-76.44011024
39.13281799,-76.43094606
39.13241851,-76.43013014
39.131709,-76.428681
39.126709,-76.432481
39.1207524,-76.43270161
39.113209,-76.432981
39.11309752,-76.43294197
39.09668471,-76.42719617
39.09630937,-76.42706477
39.09457091,-76.42645617
39.09407646,-76.42628308
39.09405668,-76.42627615
39.08643767,-76.42360888
39.08561474,-76.42332079
39.08547259,-76.42327103
39.08388146,-76.42271401
39.08244835,-76.4222123
39.08207005,-76.42207987
39.081442,-76.42186
39.07421,-76.423081
39.06164832,-76.43237355
39.05290048,-76.43884479
39.052788,-76.438928
39.05169833,-76.43704404
39.0435363,-76.42293259
39.0345512,-76.40739809
39.03444403,-76.4072128
39.03443947,-76.40720492
39.03335993,-76.40533849
39.033211,-76.405081
39.03312442,-76.40502137
39.02960903,-76.40260006
39.022611,-76.39778
39.02248184,-76.39773771
39.01844896,-76.39641721
39.01837971,-76.39639453
39.01607374,-76.39563948
39.01515449,-76.39533849
39.01319997,-76.39469851
39.01216006,-76.39435801
39.011311,-76.39408
38.99683161,-76.41232597
38.99500224,-76.41463123
38.98952392,-76.42153466
38.989011,-76.422181
38.98782655,-76.42730088
38.98282336,-76.44892758
38.982811,-76.448981
38.9820923,-76.44918836
38.97875107,-76.45015236
38.977612,-76.450481
38.97676653,-76.4515992
38.974512,-76.454581
38.972647,-76.474198
38.97264594,-76.47419814
38.97068264,-76.47444985
38.967312,-76.474882
38.9668946,-76.47474283
38.96239728,-76.47324331
38.956512,-76.471281
38.948612,-76.463081
38.94850458,-76.46023426
38.948412,-76.457781
38.9478749,-76.45722903
38.94249032,-76.45169544
38.941113,-76.45028
38.94041195,-76.45075557
38.924013,-76.46188
38.92367377,-76.46174711
38.91990878,-76.46027216
38.9166388,-76.45899114
38.9160451,-76.45875856
38.914313,-76.45808
38.907113,-76.459479
38.90715207,-76.46025263
38.90717546,-76.46071576
38.90725605,-76.46231169
38.90740595,-76.46528003
38.907613,-76.46938
38.911513,-76.46948
38.914469,-76.475761
38.910013,-76.49368
38.90422466,-76.49379132
38.90386535,-76.49379824
38.90344271,-76.49380636
38.90084594,-76.49385631
38.899614,-76.49388
38.895614,-76.49278
38.894514,-76.49088
38.89225425,-76.49040259
38.89195461,-76.49033928
38.89003098,-76.48993288
38.88899146,-76.48971327
38.88881081,-76.4896751
38.88877247,-76.489667
38.887414,-76.48938
38.884814,-76.49068
38.88449189,-76.49110735
38.88423949,-76.49144221
38.88201036,-76.49439966
38.88186809,-76.4945884
38.88166464,-76.49485832
38.87894434,-76.4984674
38.87186619,-76.50785815
38.86939649,-76.51113474
38.863135,-76.519442
38.851157,-76.516944
38.85102619,-76.51658217
38.848388,-76.509285
38.84841551,-76.50921104
38.85215567,-76.49915763
38.85274917,-76.49756232
38.853115,-76.496579
38.85295337,-76.49647385
38.8485954,-76.49363863
38.84724569,-76.49276053
38.84610206,-76.4920165
38.84543282,-76.49158111
38.84529948,-76.49149436
38.84287802,-76.489919
38.842815,-76.489878
38.838715,-76.489878
38.83817624,-76.49010673
38.83516085,-76.49138691
38.83464406,-76.49160631
38.83446175,-76.49168371
38.83411596,-76.49183052
38.82202201,-76.49696498
38.82030876,-76.49769234
38.817516,-76.498878
38.81725755,-76.49905558
38.8116477,-76.50291021
38.80637975,-76.5065299
38.80587542,-76.50687644
38.80232839,-76.50931366
38.801216,-76.510078
38.80076941,-76.51112972
38.79942491,-76.51429601
38.79877368,-76.51582966
38.795557,-76.52340494
38.795016,-76.524679
38.79487133,-76.52480559
38.7946504,-76.5249989
38.79460481,-76.52503879
38.79440913,-76.52521001
38.79404278,-76.52553057
38.79184388,-76.5274546
38.791816,-76.527479
38.79166689,-76.52746347
38.79078786,-76.5273719
38.79077407,-76.52737047
38.78822325,-76.52710476
38.78764504,-76.52704452
38.787016,-76.526979
38.78665954,-76.52731544
38.78579025,-76.52813588
38.78118055,-76.53248662
38.77960379,-76.5339748
38.77829844,-76.53520681
38.77814477,-76.53535185
38.778116,-76.535379
38.77809545,-76.53542583
38.77800041,-76.53564236
38.77771888,-76.53628382
38.77748378,-76.5368195
38.777471,-76.53684863
38.77730366,-76.5372299
38.77648801,-76.53908832
38.77478321,-76.54297268
38.7741692,-76.54437168
38.7741509,-76.54441337
38.76974894,-76.55444313
38.76963906,-76.55469349
38.76744311,-76.55969691
38.767361,-76.559884
38.76634188,-76.55977842
38.75817727,-76.55893258
38.744687,-76.557535
38.74422932,-76.55730011
38.7438227,-76.55709142
38.74355415,-76.55695359
38.73775557,-76.5539776
38.73535,-76.552743
38.73463638,-76.55197123
38.72778435,-76.54456082
38.727705,-76.544475
38.72773611,-76.54385251
38.72775025,-76.54356962
38.727757,-76.5434345
38.72782602,-76.54205337
38.72794019,-76.5397689
38.728435,-76.529868
38.72813656,-76.52928372
38.727062,-76.52718
38.72443,-76.526655
38.71356127,-76.52923688
38.71231695,-76.52953247
38.71152262,-76.52972116
38.70792857,-76.53057493
38.70698344,-76.53079945
38.70688088,-76.53082381
38.69997378,-76.5324646
38.699669,-76.532537
38.69820655,-76.53252746
38.68359958,-76.53243216
38.68006394,-76.5324091
38.678363,-76.532398
38.67693601,-76.53205551
38.67026333,-76.530454
38.65941551,-76.52785042
38.65765485,-76.52742784
38.64756789,-76.52500687
38.645956,-76.52462
38.64504441,-76.52412199
38.63358595,-76.51786213
38.63198539,-76.51698773
38.629361,-76.515554
38.615745,-76.511278
38.60982679,-76.51245209
38.60916771,-76.51258284
38.59792965,-76.5148123
38.59324834,-76.51574101
38.59315384,-76.51575975
38.59313135,-76.51576422
38.590229,-76.51634
38.555763,-76.515106
38.55389458,-76.51537591
38.55366671,-76.51540882
38.55362269,-76.51541518
38.55289994,-76.51551959
38.539149,-76.517506
38.52926027,-76.51575423
38.528988,-76.515706
38.52809286,-76.51535045
38.5083002,-76.50748876
38.5067165,-76.50685971
38.50461,-76.506023
38.49355852,-76.49925631
38.49280036,-76.4987921
38.49186937,-76.49822206
38.482849,-76.492699
38.48194352,-76.49164218
38.46628963,-76.47337205
38.4644739,-76.47125286
38.46112329,-76.46734226
38.46099593,-76.46719362
38.46098965,-76.46718629
38.45826811,-76.46400989
38.45575623,-76.4610782
38.451233,-76.455799
38.447891,-76.456002
38.44588014,-76.45413968
38.442422,-76.450937
38.43901214,-76.44537612
38.43721218,-76.44244071
38.43720623,-76.442431
38.43643933,-76.44118032
38.43505271,-76.43891898
38.433429,-76.436271
38.43289319,-76.43567402
38.414682,-76.415384
38.396003,-76.40271
38.389477,-76.393378
38.387781,-76.388348
38.38772677,-76.38832808
38.382013,-76.386229
38.38163119,-76.38624323
38.36318356,-76.38693059
38.36246209,-76.38695747
38.361267,-76.387002
38.3608108,-76.38740756
38.35923753,-76.38880617
38.35911515,-76.38891497
38.34860181,-76.3982612
38.34566636,-76.40087078
38.34492305,-76.40153157
38.34434809,-76.40204271
38.34315709,-76.40310149
38.341089,-76.40494
38.32589051,-76.40929147
38.31779392,-76.40571635
38.31140174,-76.40289383
38.30338906,-76.38216325
38.30313,-76.381493
38.30234269,-76.38012036
38.2995834,-76.37530963
38.299419,-76.375023
38.29655567,-76.37451738
38.29634847,-76.37448079
38.29439265,-76.37660664
38.28938411,-76.38205055
38.278233,-76.394171
38.27165034,-76.39691339
38.266997,-76.398852
38.26433799,-76.39901334
38.26375329,-76.39904882
38.26327498,-76.39907784
38.25939753,-76.39931311
38.259284,-76.39932
38.25856853,-76.39907752
38.23905523,-76.39246424
38.23851134,-76.39227991
38.23668036,-76.39165937
38.23657295,-76.39162297
38.217751,-76.385244
38.20989709,-76.37810389
38.20944526,-76.37769313
38.20377127,-76.3725348
38.19453187,-76.36413512
38.192048,-76.361877
38.18873653,-76.35988697
38.17860582,-76.35379894
38.178135,-76.353516
38.17721419,-76.35256069
38.17705426,-76.35239476
38.17280227,-76.34798344
38.16849746,-76.34351733
38.16280482,-76.33761138
38.16135338,-76.33610555
38.15518961,-76.32971082
38.155184,-76.329705
38.15515459,-76.32968829
38.15370281,-76.32886359
38.15360021,-76.32880531
38.15355209,-76.32877798
38.15292078,-76.32841935
38.15064068,-76.32712411
38.13896582,-76.32049207
38.138339,-76.320136
38.13426633,-76.32410765
38.12721688,-76.33098223
38.12636566,-76.33181234
38.12284811,-76.33524263
38.122444,-76.33563672
38.12069567,-76.33734168
38.11985591,-76.33816061
38.119472,-76.338535
38.11088839,-76.33741096
38.11082,-76.337402
38.10109249,-76.33180714
38.10053129,-76.33148436
38.10010612,-76.33123982
38.09935424,-76.33080736
38.099331,-76.330794
38.09920065,-76.330787
38.07398574,-76.3294329
38.07166,-76.329308
38.07124671,-76.32916465
38.05936817,-76.32504449
38.04653087,-76.32059177
38.04331532,-76.31947644
38.03805042,-76.32149865
38.03687407,-76.32195047
38.036503,-76.322093
38.04510532,-76.32699442
38.04993831,-76.33281191
38.05359583,-76.34117196
38.0536973,-76.34140389
38.05356453,-76.34432726
38.05350232,-76.34569705
38.05327711,-76.35065578
38.053182,-76.35275
38.059542,-76.361237
38.06011398,-76.36153846
38.06035996,-76.3616681
38.06056973,-76.36177866
38.0748527,-76.36930641
38.07655615,-76.3702042
38.07777121,-76.37084459
38.079565,-76.37179
38.08694925,-76.37829248
38.09001402,-76.38099128
38.09036195,-76.38129766
38.09087818,-76.38175226
38.09098067,-76.3818425
38.09331216,-76.38389559
38.09443725,-76.38488633
38.1012859,-76.39091717
38.1023147,-76.39182312
38.1025812,-76.3920578
38.102896,-76.392335
38.1031419,-76.39312087
38.10341894,-76.39400628
38.10419221,-76.39647758
38.10456078,-76.39765553
38.10468956,-76.3980671
38.106974,-76.405368
38.10696703,-76.40597177
38.106884,-76.41316
38.10594335,-76.41447496
38.10557235,-76.4149936
38.104459,-76.41655
38.10598887,-76.42106603
38.106039,-76.421214
38.10702638,-76.42189556
38.11787544,-76.42938437
38.11800112,-76.42947112
38.119383,-76.430425
38.11948782,-76.43041195
38.12175263,-76.43013011
38.12485638,-76.42974385
38.126165,-76.429581
38.13569854,-76.43724182
38.13893264,-76.43984063
38.13947143,-76.45923646
38.139484,-76.459689
38.13871721,-76.46007236
38.13751522,-76.46067329
38.12740778,-76.46572651
38.119264,-76.469798
38.11906067,-76.46979473
38.11860638,-76.46978742
38.11838092,-76.46978379
38.11687372,-76.46975955
38.11565305,-76.46973991
38.115534,-76.469738
38.11254572,-76.46733266
38.11209877,-76.4669729
38.1115959,-76.46656812
38.111392,-76.466404
38.11130202,-76.46638662
38.11118308,-76.46636366
38.10873812,-76.46589155
38.10660291,-76.46547925
38.10583,-76.46533
38.10493234,-76.46787878
38.103035,-76.473266
38.1042707,-76.47544804
38.104709,-76.476222
38.10922136,-76.47816776
38.11024726,-76.47861014
38.11068001,-76.47879674
38.11072646,-76.47881677
38.11128053,-76.47905569
38.11300538,-76.47979946
38.11578867,-76.48099964
38.115873,-76.481036
38.1158886,-76.48104976
38.11591486,-76.48107294
38.11697398,-76.48200734
38.1192661,-76.48402956
38.12053528,-76.48514928
38.12145562,-76.48596126
38.1218096,-76.48627355
38.12186182,-76.48631962
38.12833332,-76.4920291
38.13174607,-76.49503999
38.13405897,-76.49708054
38.13494965,-76.49786634
38.13625514,-76.4990181
38.137189,-76.499842
38.13722059,-76.49992251
38.13738134,-76.5003323
38.1377443,-76.50125752
38.13815563,-76.50230604
38.140713,-76.508825
38.141219,-76.514824
38.139391,-76.522418
38.13470826,-76.52899042
38.13438848,-76.52943925
38.134083,-76.529868
38.152991,-76.54038
38.165373,-76.545335
38.175673,-76.547333
38.1759228,-76.54745478
38.1768393,-76.54790159
38.17756595,-76.54825584
38.17898173,-76.54894606
38.187209,-76.552957
38.198492,-76.566297
38.20375111,-76.57443993
38.21294993,-76.58868287
38.214212,-76.590637
38.22342929,-76.62438702
38.2237768,-76.62565948
38.22443719,-76.62807755
38.22488116,-76.62970317
38.22493306,-76.6298932
38.22549701,-76.63195818
38.22550772,-76.63199741
38.22563511,-76.63246383
38.225657,-76.632544
38.22508,-76.643929
38.225102,-76.6439987
38.22542874,-76.64503397
38.22547034,-76.64516576
38.22989406,-76.65918204
38.234401,-76.673462
38.23425854,-76.67868718
38.23402985,-76.68707537
38.2333341,-76.71259427
38.23323746,-76.7161389
38.233231,-76.716376
38.23332885,-76.71753682
38.23350295,-76.71960224
38.235227,-76.740055
38.2307163,-76.74426455
38.22523079,-76.74938383
38.22240944,-76.75201681
38.22233599,-76.75208536
38.222121,-76.752286
38.22638814,-76.76998834
38.22847,-76.778625
38.22902647,-76.77986514
38.23444117,-76.7919322
38.23653141,-76.79659045
38.236918,-76.797452
38.250129,-76.811647
38.25131801,-76.81181463
38.252115,-76.811927
38.2521931,-76.80900908
38.25219656,-76.80887982
38.25220911,-76.80841075
38.252275,-76.805949
38.25261484,-76.80576955
38.253648,-76.805224
38.27509379,-76.80294684
38.280743,-76.802347
38.28329987,-76.80492209
38.2834144,-76.80503743
38.28373794,-76.80536328
38.28384364,-76.80546973
38.284962,-76.80659606
38.28893382,-76.81059618
38.28951557,-76.81118208
38.29340371,-76.81509793
38.29461978,-76.81632266
38.29906449,-76.82079904
38.299829,-76.821569
38.29986928,-76.82167008
38.3011302,-76.82483428
38.301152,-76.824889
38.2996801,-76.83404573
38.2977833,-76.84584577
38.2977395,-76.84611826
38.297718,-76.846252
38.29195978,-76.84622103
38.291768,-76.84622
38.28976845,-76.84170321
38.28956374,-76.8412408
38.289184,-76.840383
38.28417037,-76.83853907
38.27429868,-76.83490843
38.274012,-76.834803
38.27262793,-76.83513621
38.26198964,-76.83769736
38.261609,-76.837789
38.25465677,-76.8420377
38.254491,-76.842139
38.25492499,-76.84342224
38.25519496,-76.84422051
38.25541977,-76.84488523
38.25580912,-76.84603648
38.25616,-76.847074
38.268945,-76.864292
38.26967322,-76.86630189
38.26971452,-76.86641588
38.277004,-76.886535
38.28843,-76.908506
38.29152902,-76.92077763
38.291568,-76.920932
38.3110864,-76.92216109
38.311339,-76.922177
38.314932,-76.923629
38.31601147,-76.92466797
38.31845435,-76.92701918
38.321088,-76.929554
38.329601,-76.942132
38.333282,-76.953928
38.34137192,-76.96634886
38.34706676,-76.97509244
38.347327,-76.975492
38.362999,-76.983582
38.38261776,-76.98646444
38.38421321,-76.98669885
38.38623701,-76.98699619
38.39196481,-76.98783773
38.394975,-76.98828
38.39635188,-76.9892709
38.39640077,-76.98930609
38.39778841,-76.99030474
38.40269933,-76.993839
38.40662348,-76.9966631
38.40670834,-76.99672417
38.409294,-76.998585
38.41036215,-76.99884263
38.41929301,-77.00099667
38.42154834,-77.00154064
38.421952,-77.001638
38.42237553,-77.00190218
38.42344676,-77.00257036
38.42973805,-77.00649456
38.43017557,-77.00676746
38.445572,-77.016371
38.44556008,-77.01667418
38.444618,-77.040638
38.44398258,-77.04204609
38.44360679,-77.04287882
38.443016,-77.044188
38.43775303,-77.05318702
38.43769309,-77.05328952
38.43760233,-77.0534447
38.4374748,-77.05366276
38.43728982,-77.05397907
38.43670938,-77.05497154
38.43659776,-77.0551624
38.4365053,-77.05532049
38.43558637,-77.05689176
38.43536107,-77.05727699
38.43525411,-77.05745987
38.43512298,-77.05768409
38.43224384,-77.06260707
38.425479,-77.0741741
38.42538227,-77.0743395
38.42516987,-77.07470268
38.42471,-77.075489
38.4194485,-77.08125207
38.4192973,-77.08141769
38.414755,-77.086393
38.407546,-77.091073
38.406237,-77.106571
38.40653078,-77.10696774
38.40702172,-77.10763075
38.40720728,-77.10788135
38.40807615,-77.10905474
38.40816213,-77.10917086
38.40921,-77.110586
38.40921422,-77.11062348
38.410646,-77.123325
38.40484536,-77.12593301
38.40159974,-77.12739227
38.400833,-77.127737
38.40018983,-77.1283771
38.39991679,-77.12864885
38.39974223,-77.12882258
38.39969229,-77.12887228
38.39947392,-77.12908961
38.398271,-77.1302868
38.39331056,-77.13522363
38.39209444,-77.13643397
38.391799,-77.136728
38.39168432,-77.13694696
38.39010193,-77.13996815
38.38843458,-77.14315156
38.38613557,-77.14754096
38.3777606,-77.16353098
38.37505472,-77.16869721
38.37070597,-77.17700011
38.36923946,-77.17980006
38.36775312,-77.18263787
38.36742297,-77.1832682
38.36655938,-77.18491702
38.365636,-77.18668
38.36487201,-77.18941232
38.36051096,-77.20500895
38.35989443,-77.20721392
38.359867,-77.207312
38.35988769,-77.20737119
38.36022411,-77.20833354
38.36157174,-77.21218854
38.363159,-77.216729
38.36322089,-77.21683448
38.37460122,-77.23623068
38.382781,-77.250172
38.38432536,-77.25086158
38.38512698,-77.25121951
38.3895667,-77.25320191
38.39675542,-77.25641178
38.39846965,-77.25717721
38.40913061,-77.26193748
38.41428236,-77.26423781
38.42367011,-77.26129049
38.42790225,-77.2599618
38.43582079,-77.2599618
38.43839433,-77.26076038
38.44781019,-77.26368215
38.45800419,-77.26684538
38.46647593,-77.2694742
38.48112727,-77.27402056
38.48160825,-77.27416981
38.48177,-77.27422
38.48204427,-77.27412472
38.4907531,-77.27109939
38.512344,-77.263599
38.52184725,-77.25737787
38.52566018,-77.2548818
38.53909254,-77.24608854
38.54421376,-77.24273602
38.55187,-77.237724
38.55207075,-77.23672793
38.55413916,-77.22646497
38.555217,-77.221117
38.5688704,-77.20990478
38.57452527,-77.20526097
38.600699,-77.183767
38.60411272,-77.17596926
38.60674017,-77.16996757
38.60687,-77.169671
38.60674022,-77.16752294
38.60652405,-77.16394504
38.60649164,-77.16340875
38.60647664,-77.16316045
38.60644577,-77.16264945
38.60638144,-77.16158468
38.6056,-77.148651
38.60674845,-77.14608692
38.61147302,-77.13553857
38.61430627,-77.12921289
38.614364,-77.129084
38.61465951,-77.12884089
38.61769957,-77.12633989
38.61909628,-77.12519084
38.619778,-77.12463
38.635017,-77.1302
38.641217,-77.132201
38.644217,-77.131901
38.649817,-77.135901
38.673816,-77.132501
38.685816,-77.122001
38.696815,-77.1059
38.698315,-77.1027
38.698615,-77.099
38.703415,-77.0918
38.70612808,-77.08632892
38.709515,-77.079499
38.711526,-77.072807
38.710581,-77.071861
38.709564,-77.065322
38.709915,-77.053199
38.714315,-77.045498
38.718515,-77.042298
38.72020155,-77.04204502