3485,Minnesota
46.702541,-92.205692
46.698341,-92.205192
46.696141,-92.198491
46.695241,-92.183091
46.691841,-92.177891
46.690241,-92.176491
46.686341,-92.176091
46.683441,-92.177591
46.680241,-92.181391
46.678941,-92.187592
46.676741,-92.192492
46.670241,-92.199492
46.666941,-92.204092
46.664741,-92.205492
46.6590716,-92.20226631
46.658941,-92.202192
46.656641,-92.201592
46.655041,-92.202292
46.651941,-92.207092
46.649941,-92.212392
46.649841,-92.216392
46.652641,-92.223492
46.652941,-92.228492
46.650041,-92.235592
46.649241,-92.242493
46.658741,-92.256592
46.657141,-92.259692
46.651041,-92.265993
46.650741,-92.270592
46.652841,-92.272792
46.657441,-92.274392
46.658641,-92.278492
46.658841,-92.283692
46.660342,-92.286192
46.662842,-92.287092
46.667342,-92.287392
46.668142,-92.291292
46.666042,-92.292192
46.663308,-92.292192
46.663242,-92.292192
46.624941,-92.291597
46.604649,-92.291647
46.503997,-92.291976
46.495585,-92.292371
46.478761,-92.29251
46.431993,-92.292727
46.420876,-92.292847
46.41722,-92.29286
46.321894,-92.292999
46.319312,-92.292782
46.314628,-92.292803
46.313752,-92.29288
46.307107,-92.292839
46.304319,-92.29284
46.297987,-92.293007
46.295129,-92.293074
46.244043,-92.293619
46.224578,-92.293558
46.180073,-92.293857
46.166838,-92.293744
46.157321,-92.29370558
46.113824,-92.29353
46.078346,-92.294069
46.07437707,-92.294033
46.072989,-92.298638
46.07241,-92.306756
46.069289,-92.319329
46.06618,-92.327868
46.065216,-92.329806
46.062697,-92.332912
46.059422,-92.335335
46.052149,-92.338239
46.050111,-92.33859
46.045424,-92.341278
46.04299,-92.343459
46.040917,-92.343604
46.034541,-92.342429
46.028525,-92.343745
46.02743,-92.344244
46.025429,-92.346345
46.023624,-92.349281
46.021888,-92.350004
46.01898,-92.350319
46.016982,-92.349977
46.015685,-92.35176
46.013413,-92.357965
46.013103,-92.362141
46.014198,-92.372717
46.017034,-92.381707
46.01954,-92.392681
46.02663,-92.408259
46.027259,-92.410649
46.026769,-92.420696
46.024241,-92.428555
46.021232,-92.435627
46.016177,-92.442259
46.011777,-92.444356
46.009161,-92.444294
46.002252,-92.44963
46.000441,-92.451627
45.997782,-92.452952
45.996171,-92.453635
45.992913,-92.453373
45.990243,-92.456494
45.98785,-92.462477
45.985038,-92.464512
45.982423,-92.464173
45.981507,-92.463429
45.980216,-92.461138
45.979427,-92.46126
45.976267,-92.464481
45.973811,-92.469354
45.972952,-92.472761
45.973992,-92.479478
45.975872,-92.484633
45.97556,-92.490996
45.979995,-92.502535
45.983917,-92.519488
45.984203,-92.522032
45.983245,-92.527052
45.981918,-92.530516
45.977818,-92.537709
45.970118,-92.545682
45.969056,-92.548459
45.967986,-92.549806
45.960759,-92.550672
45.957039,-92.549858
45.95224,-92.551186
45.951651,-92.551933
45.951006,-92.561256
45.948146,-92.569764
45.948103,-92.574892
45.94625,-92.580565
45.941773,-92.590138
45.940815,-92.60246
45.938112,-92.608329
45.934529,-92.614314
45.935186,-92.62272
45.932682,-92.627723
45.932404,-92.62926
45.934634,-92.636316
45.934166,-92.638824
45.933541,-92.639936
45.932478,-92.640115
45.925971,-92.638474
45.924555,-92.639116
45.924442,-92.656125
45.922937,-92.659549
45.916247,-92.670352
45.912072,-92.676167
45.91093,-92.676807
45.907478,-92.675737
45.90637,-92.676607
45.903939,-92.683924
45.896451,-92.698983
45.896155,-92.703265
45.894901,-92.707702
45.891705,-92.712503
45.883805,-92.721128
45.868108,-92.734039
45.863356,-92.736484
45.859129,-92.736117
45.84758,-92.739278
45.846283,-92.739991
45.841455,-92.745557
45.840717,-92.74918
45.835341,-92.759458
45.833861,-92.761712
45.830183,-92.765146
45.827252,-92.765681
45.824859,-92.764906
45.817928,-92.761889
45.815475,-92.760023
45.811216,-92.757947
45.806574,-92.757815
45.803965,-92.75901
45.801258,-92.761833
45.79801,-92.76843
45.79523,-92.772065
45.790014,-92.776496
45.782563,-92.779617
45.773062,-92.781373
45.764196,-92.784621
45.753654,-92.798645
45.751888,-92.80263
45.749805,-92.803971
45.747493,-92.805348
45.744172,-92.809837
45.742709,-92.812939
45.742037,-92.816559
45.73665,-92.826013
45.733714,-92.828981
45.73312,-92.830685
45.732802,-92.835917
45.730024,-92.841051
45.729163,-92.843079
45.728751,-92.848851
45.727576,-92.850388
45.724376,-92.850537
45.723831,-92.850933
45.723152,-92.853405
45.722241,-92.862598
45.720623,-92.865688
45.717568,-92.869193
45.715142,-92.869689
45.711993,-92.868862
45.699774,-92.871775
45.697272,-92.870025
45.696757,-92.870145
45.689014,-92.875488
45.675289,-92.876891
45.665606,-92.878932
45.659471,-92.882504
45.65487,-92.883987
45.646017,-92.885711
45.644148,-92.887067
45.639006,-92.887929
45.636777,-92.886963
45.633403,-92.886827
45.628377,-92.888114
45.624959,-92.888035
45.61976,-92.886669
45.613738,-92.88297
45.610216,-92.882529
45.605001,-92.8849
45.598679,-92.886442
45.594881,-92.886421
45.589831,-92.883277
45.578818,-92.884954
45.575483,-92.883749
45.573409,-92.881136
45.567581,-92.871082
45.566515,-92.846447
45.566135,-92.843783
45.563096,-92.834156
45.560934,-92.823309
45.561122,-92.812083
45.562854,-92.801503
45.566915,-92.790143
45.567888,-92.785741
45.568478,-92.775988
45.568235,-92.773412
45.566939,-92.770223
45.563592,-92.764574
45.557499,-92.756906
45.553016,-92.745591
45.541112,-92.726082
45.538617,-92.724762
45.536744,-92.72465
45.525652,-92.728023
45.518811,-92.727744
45.514462,-92.726677
45.512223,-92.724337
45.506676,-92.715814
45.503281,-92.71189
45.493046,-92.702224
45.482882,-92.695212
45.476273,-92.691619
45.472271,-92.686793
45.464344,-92.680234
45.462864,-92.677219
45.458278,-92.661131
45.455346,-92.653549
45.454527,-92.652698
45.441635,-92.646602
45.437929,-92.646768
45.429618,-92.649152
45.419168,-92.650269
45.416408,-92.649467
45.414265,-92.646943
45.413227,-92.646676
45.407423,-92.648157
45.403308,-92.65057
45.398507,-92.650422
45.396058,-92.658486
45.393309,-92.664102
45.389111,-92.669505
45.380137,-92.676961
45.376201,-92.678756
45.373604,-92.678223
45.37271,-92.679193
45.363529,-92.696499
45.358472,-92.70272
45.35633,-92.703705
45.35366,-92.704054
45.342421,-92.699524
45.339364,-92.69892
45.336374,-92.698967
45.333716,-92.699956
45.326526,-92.704794
45.321302,-92.709968
45.309288,-92.727737
45.304224,-92.732594
45.300459,-92.737122
45.29584358,-92.74557466
45.29298,-92.750819
45.290965,-92.75871
45.289028,-92.761013
45.287013,-92.761868
45.284938,-92.761868
45.278827,-92.760615
45.274822,-92.758022
45.269565,-92.752666
45.26591,-92.751659
45.261666,-92.751709
45.256733,-92.755199
45.253407,-92.758907
45.2496,-92.760249
45.238308,-92.757503
45.230526,-92.757456
45.225949,-92.755732
45.222905,-92.753931
45.221051,-92.752192
45.218666,-92.751708
45.212766,-92.754008
45.209566,-92.758008
45.207166,-92.762108
45.204866,-92.763908
45.195111,-92.766932
45.190166,-92.767408
45.185466,-92.766808
45.182812,-92.764872
45.173916,-92.752404
45.171772,-92.752542
45.165166,-92.756907
45.160519,-92.757775
45.155466,-92.757707
45.151866,-92.756807
45.138117,-92.749427
45.123112,-92.745694
45.119918,-92.742925
45.118454,-92.740611
45.116515,-92.739528
45.115598,-92.739584
45.113396,-92.740509
45.108309,-92.744938
45.107051,-92.746749
45.103146,-92.754387
45.09573,-92.765602
45.089138,-92.77401
45.079647,-92.791528
45.069477,-92.800851
45.067555,-92.802163
45.065403,-92.802911
45.060978,-92.803079
45.057423,-92.802056
45.050648,-92.797081
45.047178,-92.793282
45.043516,-92.78791
45.039327,-92.778815
45.033803,-92.770362
45.028767,-92.764604
45.02432,-92.76206
45.022467,-92.761904
45.020551,-92.762533
45.009115,-92.768118
45.001378,-92.771231
44.994131,-92.770834
44.988195,-92.769049
44.983327,-92.770346
44.978967,-92.770304
44.97215,-92.769445
44.969839,-92.768545
44.968084,-92.767218
44.964979,-92.760701
44.955767,-92.754603
44.941567,-92.750802
44.937299,-92.750645
44.911214,-92.757557
44.908979,-92.758701
44.907857,-92.759556
44.906904,-92.761341
44.901367,-92.773103
44.900083,-92.774022
44.898084,-92.774571
44.892797,-92.774907
44.889997,-92.773946
44.882967,-92.769603
44.875905,-92.764133
44.874167,-92.763402
44.872129,-92.763706
44.866767,-92.767102
44.862167,-92.769102
44.86202865,-92.76909263
44.86199683,-92.76909048
44.854368,-92.768574
44.84107,-92.765278
44.837186,-92.765278
44.834966,-92.766102
44.8318,-92.769367
44.828046,-92.772266
44.826337,-92.772663
44.823067,-92.771902
44.821424,-92.772663
44.812589,-92.78043
44.809408,-92.781498
44.798131,-92.782963
44.792303,-92.785206
44.787794,-92.788776
44.782056,-92.796039
44.777379,-92.800313
44.768361,-92.805287
44.758909,-92.807362
44.75147,-92.807988
44.750364,-92.807317
44.748433,-92.804035
44.746847,-92.802875
44.74579711,-92.80257941
44.745167,-92.802402
44.737432,-92.787906
44.729604,-92.766054
44.723829,-92.75699
44.722767,-92.7542
44.72212,-92.7502
44.717155,-92.737259
44.71367064,-92.732042
44.701085,-92.713198
44.693751,-92.700948
44.689436,-92.696491
44.682096,-92.686511
44.66338,-92.664699
44.660884,-92.660988
44.65804,-92.655807
44.649027,-92.632105
44.638983,-92.621733
44.634195,-92.619779
44.629214,-92.619774
44.623518,-92.622571
44.620713,-92.623348
44.618224,-92.623163
44.615017,-92.621456
44.61287,-92.618025
44.61173,-92.614569
44.612433,-92.607141
44.612052,-92.601516
44.605936,-92.590467
44.601698,-92.588797
44.600088,-92.586216
44.599861,-92.584711
44.600863,-92.581591
44.603939,-92.57885
44.605054,-92.577148
44.604649,-92.572943
44.603539,-92.569434
44.60177,-92.567226
44.594956,-92.560796
44.58113,-92.549777
44.577704,-92.54928
44.576,-92.549685
44.573449,-92.551182
44.571607,-92.55151
44.568988,-92.549957
44.567792,-92.54806
44.566986,-92.544346
44.567258,-92.540551
44.573554,-92.527337
44.5752,-92.520878
44.575183,-92.518358
44.571801,-92.512564
44.570325,-92.508759
44.566063,-92.493808
44.566205,-92.490472
44.568067,-92.48474
44.568276,-92.481001
44.565036,-92.470209
44.561886,-92.455105
44.562833,-92.440745
44.5655,-92.433256
44.565786,-92.431101
44.564602,-92.425774
44.562041,-92.420702
44.560359,-92.415089
44.558292,-92.399281
44.557697,-92.38904
44.559182,-92.368298
44.558935,-92.361518
44.557149,-92.347567
44.554004,-92.336114
44.550895,-92.329013
44.54494,-92.319938
44.542512,-92.317357
44.54096614,-92.31622767
44.538014,-92.314071
44.528756,-92.310827
44.524475,-92.307957
44.519822,-92.303527
44.518646,-92.303046
44.516487,-92.302466
44.503601,-92.302961
44.500298,-92.302215
44.492732,-92.297122
44.485464,-92.291005
44.477707,-92.282364
44.473649,-92.276784
44.465149,-92.262476
44.459524,-92.249071
44.456842,-92.244884
44.454254,-92.24201
44.449417,-92.237325
44.445434,-92.232472
44.440386,-92.221083
44.438503,-92.215163
44.433792,-92.195378
44.428598,-92.17028
44.427208,-92.162454
44.424673,-92.139569
44.422115,-92.124513
44.420572,-92.121106
44.416056,-92.115296
44.413948,-92.111085
44.411464,-92.097415
44.408848,-92.087241
44.40718878,-92.08363983
44.404869,-92.078605
44.404017,-92.072267
44.404124,-92.061637
44.402729,-92.056486
44.401375,-92.053549
44.394398,-92.046285
44.388731,-92.038147
44.381217,-92.019313
44.379626,-92.008589
44.378825,-92.006179
44.377118,-92.002838
44.374966,-92.000165
44.3718,-91.993984
44.369119,-91.987289
44.368448,-91.983974
44.368372,-91.978574
44.367516,-91.974922
44.365842,-91.970266
44.362112,-91.9636
44.359404,-91.959523
44.352982,-91.95282
44.348796,-91.949599
44.340978,-91.941311
44.335473,-91.928224
44.333548,-91.92559
44.322671,-91.918625
44.318094,-91.916191
44.311392,-91.913534
44.310392,-91.913574
44.30823,-91.91436
44.301069,-91.921028
44.297095,-91.924102
44.294819,-91.924975
44.291815,-91.924613
44.287811,-91.922205
44.286496,-91.920282
44.281614,-91.905789
44.277172,-91.898697
44.27469,-91.896388
44.273008,-91.895652
44.265447,-91.89676
44.262871,-91.896008
44.25606,-91.889132
44.254171,-91.887824
44.251772,-91.88704
44.246398,-91.887905
44.235149,-91.892963
44.231105,-91.892698
44.226286,-91.88979
44.216555,-91.880265
44.212921,-91.877429
44.209575,-91.876356
44.202728,-91.876056
44.200575,-91.875158
44.199167,-91.872369
44.196574,-91.864387
44.19300315,-91.85839294
44.184878,-91.844754
44.180308,-91.832479
44.17835,-91.829167
44.164235,-91.817302
44.159262,-91.808064
44.154335,-91.796669
44.147539,-91.774486
44.143508,-91.768574
44.136804,-91.756719
44.134786,-91.751747
44.1329,-91.730648
44.130342,-91.721552
44.128853,-91.719097
44.12048,-91.710597
44.117565,-91.709476
44.110929,-91.708082
44.105186,-91.708207
44.103906,-91.707491
44.09857,-91.69531
44.097858,-91.691281
44.098419,-91.685748
44.0974,-91.68153
44.086964,-91.667006
44.085041,-91.665263
44.08091,-91.663442
44.074203,-91.659511
44.071409,-91.657
44.068634,-91.652247
44.064109,-91.647873
44.062782,-91.644717
44.062711,-91.6434
44.063679,-91.640535
44.063285,-91.638115
44.060364,-91.633365
44.055807,-91.6279
44.054106,-91.623784
44.051598,-91.615375
44.04931,-91.610487
44.047357,-91.607339
44.043681,-91.60355
44.034965,-91.597617
44.031372,-91.59207
44.027381,-91.582604
44.026925,-91.580019
44.026901,-91.573283
44.025315,-91.559004
44.022226,-91.547028
44.021433,-91.533778
44.021433,-91.524315
44.01898,-91.507121
44.016856,-91.502163
44.012536,-91.494988
44.008145,-91.48087
44.00803,-91.478498
44.00948,-91.468472
44.009041,-91.463515
44.006301,-91.457378
44.001501,-91.440536
43.999962,-91.43738
43.996827,-91.432522
43.993888,-91.429878
43.9885,-91.42672
43.985113,-91.425681
43.984322,-91.42518798
43.982631,-91.424134
43.973411,-91.412491
43.970892,-91.410555
43.965148,-91.407395
43.963929,-91.406011
43.959409,-91.395086
43.954239,-91.385785
43.944289,-91.375142
43.937463,-91.366642
43.934884,-91.364736
43.926563,-91.363242
43.917231,-91.357426
43.916564,-91.356741
43.914545,-91.351688
43.911964,-91.347741
43.910074,-91.346271
43.902697,-91.342335
43.897664,-91.338141
43.893435,-91.328143
43.888491,-91.320605
43.881808,-91.31531
43.875757,-91.313037
43.867381,-91.310991
43.859515,-91.301302
43.856555,-91.298815
43.855165,-91.296739
43.852733,-91.291002
43.847065,-91.284138
43.842738,-91.281968
43.837741,-91.277695
43.824866,-91.275737
43.818566,-91.273037
43.813766,-91.272037
43.804166,-91.267436
43.800366,-91.264436
43.792166,-91.262436
43.774667,-91.244135
43.773046,-91.243955
43.744876,-91.255431
43.733533,-91.254903
43.729849,-91.255932
43.72566082,-91.25777342
43.723426,-91.258756
43.71949,-91.261316
43.713947,-91.266538
43.709824,-91.268455
43.695652,-91.267792
43.676609,-91.272741
43.666623,-91.273252
43.654929,-91.271749
43.65308,-91.270767
43.649141,-91.265051
43.647662,-91.263856
43.64176,-91.262397
43.638203,-91.263178
43.627352,-91.268457
43.615348,-91.268748
43.609977,-91.265091
43.606175,-91.261631
43.603484,-91.258267
43.600363,-91.252926
43.58976,-91.239109
43.585529,-91.234499
43.583533,-91.232707
43.581822,-91.231865
43.575595,-91.23149
43.564842,-91.232812
43.561781,-91.234432
43.554995,-91.240649
43.550722,-91.243214
43.54913,-91.24382
43.54562,-91.244093
43.540309,-91.243183
43.53293,-91.236725
43.523967,-91.232941
43.521595,-91.230027
43.517892,-91.222613
43.514434,-91.218292
43.512474,-91.217353
43.508104,-91.217876
43.50055,-91.217706
43.500488,-91.246715
43.500993,-91.261781
43.500827,-91.369325
43.500945,-91.371608
43.500482,-91.37695
43.500887,-91.397319
43.500438,-91.441786
43.500588,-91.445932
43.500642,-91.461403
43.500608,-91.465063
43.50069,-91.491042
43.50056,-91.533806
43.500515,-91.54122
43.500539,-91.551021
43.500536,-91.591073
43.50053002,-91.61083159
43.50053,-91.610895
43.50055,-91.615293
43.500663,-91.616895
43.500687,-91.617407
43.500677,-91.620785
43.500727,-91.625611
43.500479,-91.634244
43.500439,-91.634495
43.500463,-91.635626
43.500573,-91.639772
43.500529,-91.644924
43.500454,-91.651396
43.500533,-91.658401
43.500513,-91.670872
43.500581,-91.700749
43.50067953,-91.73021742
43.50068,-91.730359
43.500623,-91.73333
43.500561,-91.736558
43.500525,-91.738446
43.500637,-91.761414
43.500711,-91.777688
43.500803,-91.77929
43.500716,-91.804925
43.500648,-91.807156
43.500684,-91.824848
43.500554,-91.941837
43.500485,-91.949879
43.50064681,-92.07980197
43.500647,-92.079954
43.500684,-92.08997
43.500735,-92.103886
43.500713,-92.178863
43.500527,-92.198788
43.500466,-92.277425
43.500436,-92.279084
43.500454,-92.368908
43.500483,-92.388298
43.500476,-92.40613
43.500614,-92.408832
43.50042017,-92.44894781
43.500345,-92.464505
43.50030002,-92.55312804
43.5003,-92.553161
43.500049,-92.649194
43.50005,-92.653318
43.500055,-92.67258
43.500062,-92.689033
43.500063,-92.692786
43.500069,-92.707312
43.500084,-92.752088
43.499567,-92.790317
43.499548,-92.870277
43.499604,-93.007871
43.49957216,-93.02434764
43.499572,-93.024429
43.49957139,-93.049192
43.499567,-93.228861
43.499356,-93.2718
43.499485,-93.399035
43.499478,-93.428509
43.499473,-93.468563
43.4994,-93.472804
43.499482,-93.482009
43.499417,-93.488261
43.49945577,-93.49734995
43.499456,-93.497405
43.499471,-93.528482
43.499472,-93.532178
43.499521,-93.558631
43.49952,-93.576728
43.499548,-93.617131
43.49955869,-93.64853304
43.499576,-93.699345
43.499568,-93.704916
43.499564,-93.708771
43.499563,-93.716217
43.499542,-93.794285
43.49952,-93.795793
43.499605,-93.97076
43.49960501,-93.97076156
43.500302,-94.092894
43.500302,-94.094339
43.5003,-94.108068
43.500283,-94.10988
43.50033254,-94.24796538
43.500379,-94.377466
43.500469,-94.390597
43.500583,-94.442835
43.50058317,-94.44284786
43.500639,-94.447048
43.50034,-94.47042
43.500377,-94.560838
43.50033,-94.565665
43.500544,-94.615916
43.50061403,-94.85455509
43.500615,-94.857867
43.500546,-94.860192
43.500564,-94.872725
43.500557,-94.874235
43.500502,-94.887291
43.50045,-94.914523
43.50045,-94.91463356
43.50045,-94.914905
43.50045,-94.914955
43.50049,-94.934625
43.500467,-94.954477
43.500508,-94.974359
43.500523,-94.99446
43.500872,-95.014245
43.500811,-95.034
43.500769,-95.053504
43.50086,-95.054289
43.500667,-95.114874
43.500755,-95.122633
43.500449,-95.154936
43.500771,-95.167294
43.500885,-95.167891
43.500774,-95.180423
43.500885,-95.214938
43.501196,-95.244844
43.500406,-95.250762
43.500464,-95.250969
43.500314,-95.374737
43.500322,-95.375269
43.50024016,-95.38778709
43.50024,-95.387812
43.50024,-95.387851
43.500314,-95.434199
43.50036,-95.434293
43.50064415,-95.45443303
43.500648,-95.454706
43.500563,-95.454706
43.500335,-95.475065
43.500274,-95.486737
43.500246,-95.486803
43.499865,-95.514774
43.499894,-95.740813
43.499891,-95.741569
43.499965,-95.821277
43.499966,-95.834421
43.499966,-95.8609457
43.499966,-95.861152
43.50017604,-96.05316254
43.500335,-96.198484
43.500312,-96.198766
43.500391,-96.208814
43.500415,-96.332062
43.500333,-96.351059
43.500415,-96.453049
43.58704,-96.453352
43.588183,-96.453383
43.607544,-96.453356
43.609944,-96.453387
43.675008,-96.453408
43.689637,-96.45338
43.791435,-96.453281
43.805123,-96.453088
43.84950117,-96.45326359
43.84950591,-96.45326361
43.849604,-96.453264
43.877029,-96.453335
43.878583,-96.453304
43.87865,-96.453183
43.949122,-96.453352
43.950814,-96.453289
43.96654,-96.453165
43.96718,-96.453292
43.97806,-96.453389
43.980277,-96.453263
43.992871,-96.453328
43.994723,-96.453297
44.006876,-96.453116
44.008887,-96.453053
44.023744,-96.453373
44.025413,-96.453405
44.03643,-96.453313
44.03835,-96.453187
44.19677998,-96.4527743
44.196895,-96.452774
44.254588,-96.452673
44.255274,-96.452419
44.268967,-96.452369
44.271972,-96.452365
44.282702,-96.452617
44.285687,-96.4525
44.297009,-96.452334
44.298655,-96.452239
44.312071,-96.452369
44.313362,-96.452248
44.325991,-96.452372
44.328094,-96.452309
44.340642,-96.452248
44.342219,-96.452152
44.345332,-96.452305
44.354857,-96.452282
44.360149,-96.452213
44.383679,-96.452134
44.38969,-96.452073
44.441549,-96.451924
44.460402,-96.451816
44.470873,-96.452218
44.473043,-96.452122
44.506849,-96.451974
44.516929,-96.45201
44.526871,-96.452236
44.543533,-96.452016
44.54363877,-96.45199021
44.544058,-96.451888
44.630708,-96.45172
44.631194,-96.451761
44.63134959,-96.45176053
44.703135,-96.451543
44.718375,-96.451232
44.76051,-96.451573
44.761788,-96.45138
44.776191,-96.45162
44.790471,-96.451823
44.792299,-96.451888
44.797691,-96.451829
44.805468,-96.451559
44.80556948,-96.45155954
44.89008,-96.452009
44.906672,-96.451853
44.910695,-96.452047
44.962734,-96.452347
44.977475,-96.452092
44.97749358,-96.45209204
45.042347,-96.45224
45.050185,-96.452177
45.051602,-96.45221
45.093836,-96.452219
45.095138,-96.452026
45.122677,-96.452418
45.124071,-96.452353
45.178563,-96.452304
45.203109,-96.452162
45.204849,-96.452152
45.208986,-96.452315
45.26892499,-96.45294759
45.269059,-96.452949
45.28428,-96.452791
45.298115,-96.453067
45.301546,-96.454094
45.303652,-96.456941
45.30761,-96.457781
45.313884,-96.46191
45.317162,-96.466644
45.318619,-96.468027
45.320564,-96.468756
45.324941,-96.469246
45.32660547,-96.47038678
45.339644,-96.479323
45.346273,-96.482556
45.357071,-96.489065
45.365473,-96.502006
45.367832,-96.508132
45.375645,-96.521787
45.378495,-96.530944
45.380338,-96.539722
45.38105,-96.545973
45.38609,-96.562142
45.389871,-96.571364
45.392295,-96.578879
45.395705,-96.584764
45.403181,-96.60118
45.408092,-96.617726
45.409238,-96.631204
45.409227,-96.640624
45.410126,-96.647888
45.409011,-96.662258
45.410545,-96.670301
45.410216,-96.675447
45.410499,-96.680454
45.411556,-96.683753
45.417338,-96.692541
45.426247,-96.702006
45.43693,-96.710786
45.451482,-96.72425
45.45702,-96.731396
45.458737,-96.732739
45.466775,-96.736837
45.473499,-96.738446
45.478723,-96.742509
45.480649,-96.743486
45.484439,-96.743683
45.488712,-96.745487
45.502163,-96.752865
45.514895,-96.760591
45.521414,-96.76528
45.535972,-96.781036
45.5413,-96.784863
45.550724,-96.79384
45.554225,-96.799102
45.555414,-96.801987
45.586129,-96.835451
45.594003,-96.843957
45.594375,-96.844334
45.598944,-96.849444
45.602307,-96.853646
45.605962,-96.857751
45.609041,-96.856657
45.61484,-96.852392
45.619412,-96.851621
45.639583,-96.844211
45.645294,-96.840746
45.649648,-96.835769
45.651716,-96.832659
45.653067,-96.827428
45.654164,-96.82616
45.668355,-96.800156
45.687518,-96.760866
45.690957,-96.757174
45.698782,-96.75035
45.701576,-96.745086
45.717561,-96.711157
45.725931,-96.687224
45.732336,-96.672665
45.738682,-96.662595
45.746809,-96.652226
45.759871,-96.641941
45.7654,-96.639685
45.770171,-96.638726
45.773702,-96.636646
45.781157,-96.630512
45.784211,-96.629426
45.786239,-96.627778
45.787924,-96.625347
45.791063,-96.618195
45.794442,-96.612512
45.79907,-96.607621
45.806343,-96.601863
45.811801,-96.596704
45.813873,-96.593216
45.816445,-96.587093
45.820024,-96.583085
45.82582,-96.57974
45.833108,-96.577484
45.83793,-96.577534
45.839945,-96.576544
45.843098,-96.574517
45.861602,-96.572984
45.86501,-96.574417
45.866816,-96.574667
45.871846,-96.571871
45.876474,-96.572651
45.886673,-96.571354
45.888072,-96.568772
45.891203,-96.568281
45.898697,-96.568053
45.902902,-96.568315
45.905393,-96.567268
45.909415,-96.56442
45.91088349,-96.56554094
45.91187633,-96.56653378
45.91568222,-96.5670302
45.916931,-96.566562
45.91956,-96.564002
45.921074,-96.564317
45.926256,-96.564518
45.935238,-96.56328
45.937087,-96.562525
45.945655,-96.561334
45.947718,-96.562135
45.950349,-96.564803
45.963595,-96.57035
45.980231,-96.572384
45.989577,-96.572483
46.002309,-96.573605
46.004434,-96.574064
46.007999,-96.575869
46.016545,-96.574264
46.02184566,-96.57656939
46.02356,-96.577315
46.026874,-96.57794
46.037911,-96.573644
46.051416,-96.566295
46.055415,-96.560945
46.058272,-96.559271
46.06483,-96.556907
46.06892,-96.556611
46.071159,-96.558055
46.072096,-96.558088
46.083978,-96.554507
46.08688,-96.556345
46.097232,-96.556672
46.102442,-96.557952
46.105024,-96.559167
46.107995,-96.563175
46.111963,-96.565723
46.11475,-96.56692
46.11625,-96.562811
46.119512,-96.563043
46.123756,-96.570023
46.12572,-96.571439
46.127037,-96.570081
46.133686,-96.56926
46.143146,-96.574784
46.144951,-96.577381
46.147601,-96.579453
46.151234,-96.580408
46.162797,-96.577715
46.16584277,-96.57795167
46.16813516,-96.57862028
46.16918583,-96.5805306
46.17090512,-96.58282299
46.173563,-96.583779
46.174154,-96.583324
46.177123,-96.584495
46.177309,-96.585647
46.1773047,-96.58673915
46.17816434,-96.58740776
46.17892847,-96.58759879
46.18007466,-96.58759879
46.18122086,-96.58740776
46.18274911,-96.58721673
46.18360876,-96.58750328
46.18523253,-96.58855395
46.189689,-96.588579
46.191838,-96.587724
46.19526172,-96.58769431
46.197231,-96.584929
46.198053,-96.584272
46.201047,-96.583582
46.204155,-96.584372
46.204383,-96.584899
46.209912,-96.586744
46.218183,-96.591652
46.21985,-96.59567
46.227733,-96.59755
46.241626,-96.598645
46.243112,-96.598119
46.245329,-96.594234
46.24607626,-96.5923746
46.24722245,-96.59103738
46.24789106,-96.59036877
46.24865519,-96.59008222
46.24951484,-96.59036877
46.25018345,-96.59094186
46.25075655,-96.59247012
46.25171171,-96.59418941
46.25333548,-96.59457147
46.25495925,-96.59371183
46.25667854,-96.59361631
46.25830231,-96.59457147
46.25992609,-96.5959087
46.26069022,-96.59886969
46.26212296,-96.59972934
46.263701,-96.599087
46.267913,-96.596822
46.275135,-96.595014
46.276689,-96.595509
46.28007997,-96.59839212
46.2814172,-96.59877418
46.28313649,-96.59820109
46.28609749,-96.59609973
46.290536,-96.596077
46.291838,-96.596968
46.29287913,-96.59934728
46.29440738,-96.60030244
46.29775045,-96.59867867
46.29918319,-96.59915624
46.300406,-96.60027
46.30413,-96.60136
46.312563,-96.598233
46.314482,-96.598399
46.319554,-96.60104
46.330386,-96.599761
46.331139,-96.601048
46.332576,-96.608075
46.337418,-96.614676
46.340135,-96.619991
46.341346,-96.620454
46.344295,-96.618147
46.347607,-96.62079
46.349569,-96.628522
46.350529,-96.629378
46.352654,-96.629211
46.353752,-96.631586
46.351585,-96.640267
46.35190805,-96.64433535
46.35353182,-96.64595912
46.35849866,-96.64729634
46.36098208,-96.64634118
46.36251033,-96.64653222
46.363655,-96.650718
46.365964,-96.655206
46.370512,-96.658009
46.373391,-96.658436
46.374566,-96.666028
46.375458,-96.667189
46.384644,-96.669794
46.390037,-96.669132
46.404823,-96.678507
46.407383,-96.680687
46.40784,-96.682008
46.40702081,-96.68483416
46.40788046,-96.68808171
46.40940872,-96.68884584
46.410948,-96.688318
46.41313384,-96.68894136
46.41428003,-96.69429026
46.41561726,-96.69658264
46.41685897,-96.69686919
46.41848274,-96.69639161
46.420011,-96.69686919
46.42067961,-96.69791987
46.4205841,-96.70135845
46.42268545,-96.70231361
46.42383164,-96.70231361
46.42650609,-96.70116741
46.42860744,-96.70164499
46.42946709,-96.70307773
46.42975364,-96.70613425
46.43023122,-96.70699389
46.43271464,-96.70747147
46.43529357,-96.70909524
46.43615321,-96.7117697
46.43615321,-96.71549482
46.43825457,-96.71807376
46.43997386,-96.71864685
46.442021,-96.717967
46.444567,-96.716438
46.44723308,-96.71664102
46.44809272,-96.7171186
46.44866582,-96.71816927
46.45105372,-96.7189334
46.45191336,-96.71855134
46.45386748,-96.7155931
46.45913248,-96.7148611
46.46323168,-96.7155571
46.46447372,-96.71745291
46.46800782,-96.72041391
46.47001365,-96.72127355
46.47144639,-96.72089149
46.47211501,-96.7215601
46.47278362,-96.72241974
46.47316568,-96.72471213
46.47412084,-96.72671797
46.476432,-96.726914
46.47889665,-96.73512338
46.48013835,-96.73636509
46.48138006,-96.73626957
46.48386348,-96.73502787
46.48491416,-96.73550545
46.48596483,-96.73712922
46.48787516,-96.73798887
46.48978548,-96.73779783
46.494254,-96.73457
46.497224,-96.733612
46.497932,-96.735499
46.50076983,-96.73770232
46.50497253,-96.73588751
46.50630976,-96.73588751
46.50936627,-96.73856196
46.513478,-96.736147
46.517636,-96.737408
46.525793,-96.738475
46.529036,-96.74202
46.53300649,-96.7443407
46.53463027,-96.7443407
46.53682713,-96.74223934
46.53854642,-96.74233486
46.54045675,-96.74500931
46.54112536,-96.74510482
46.54169845,-96.74500931
46.54294016,-96.74300347
46.54360878,-96.74281244
46.54485048,-96.74357657
46.54628323,-96.74634653
46.55010387,-96.7443407
46.55134558,-96.74453173
46.55507071,-96.74682411
46.55640793,-96.74816134
46.55812722,-96.74882995
46.55984651,-96.74816134
46.56070615,-96.74663308
46.56595953,-96.74443622
46.5740784,-96.74644205
46.57579769,-96.74816135
46.57637078,-96.75159992
46.57751698,-96.75274612
46.57894972,-96.75303266
46.58219726,-96.7520775
46.58277036,-96.75274612
46.58286588,-96.75542057
46.58353449,-96.75694882
46.58582688,-96.75666227
46.58687755,-96.7579995
46.58850132,-96.76182014
46.58974304,-96.76239324
46.59299058,-96.76182014
46.59394574,-96.76258427
46.594595,-96.763865
46.59795741,-96.76659594
46.59814845,-96.77022555
46.600129,-96.772446
46.60149122,-96.77245739
46.603716,-96.772476
46.60574197,-96.77180158
46.60631507,-96.77208813
46.60746126,-96.77476258
46.60927607,-96.77562222
46.61328774,-96.77409397
46.61462497,-96.77495361
46.61615322,-96.77848771
46.61787251,-96.77896529
46.61930525,-96.77820116
46.62083351,-96.7790608
46.62159764,-96.78393212
46.62541828,-96.78450522
46.6273286,-96.78383661
46.62866583,-96.78412316
46.62942995,-96.78479177
46.62943932,-96.78481476
46.63153131,-96.78994964
46.63315508,-96.79109583
46.63688021,-96.79052273
46.639079,-96.789572
46.641639,-96.789405
46.649112,-96.790663
46.653363,-96.796767
46.658071,-96.798823
46.665314,-96.798357
46.66921239,-96.79391356
46.67217339,-96.79257633
46.67494336,-96.79372253
46.67685368,-96.79334046
46.67742677,-96.7929584
46.67838193,-96.78894672
46.67981467,-96.78780053
46.681879,-96.788159
46.685054,-96.784339
46.686768,-96.784205
46.687636,-96.785068
46.68822009,-96.78694089
46.69118109,-96.78780053
46.69280486,-96.78684537
46.69586137,-96.78665434
46.70044614,-96.78780053
46.70297,-96.790906
46.703747,-96.791204
46.71284,-96.786184
46.720495,-96.784751
46.722915,-96.779899
46.72742943,-96.77925186
46.72914872,-96.77992047
46.73010388,-96.78154424
46.732993,-96.784279
46.737197,-96.781617
46.740944,-96.781216
46.74309406,-96.78460076
46.74624609,-96.78526938
46.748669,-96.784568
46.75035328,-96.78345457
46.75312325,-96.7836456
46.75675286,-96.78746624
46.75847215,-96.78746624
46.76095556,-96.78612902
46.76133763,-96.78460076
46.76257934,-96.7836456
46.76439414,-96.78555592
46.76611343,-96.78565144
46.76697308,-96.78431421
46.76754617,-96.78431421
46.76878788,-96.78498283
46.7712713,-96.78861244
46.77337265,-96.78909002
46.77623813,-96.78813486
46.77757536,-96.78880347
46.77833949,-96.79205101
46.77891259,-96.79243308
46.78063188,-96.79262411
46.78368839,-96.79109585
46.78569422,-96.79147792
46.78770006,-96.79310169
46.789881,-96.796195
46.791572,-96.796992
46.807795,-96.795756
46.808709,-96.796488
46.810401,-96.801446
46.811521,-96.802544
46.812464,-96.802013
46.8135,-96.80036
46.815436,-96.799336
46.819664,-96.80016
46.822364,-96.79796
46.827864,-96.791559
46.82743474,-96.78937657
46.8278168,-96.78765729
46.82905851,-96.78727522
46.83230606,-96.78966312
46.8331657,-96.78937657
46.83402535,-96.7853649
46.83593567,-96.7835501
46.83746393,-96.78326355
46.83889667,-96.78402768
46.84023389,-96.78383664
46.84080699,-96.78335906
46.84118905,-96.78039806
46.84214421,-96.77934739
46.84367247,-96.77934739
46.84539176,-96.78020703
46.84730208,-96.77972945
46.84959447,-96.77791465
46.85074066,-96.77791465
46.85169582,-96.77906084
46.85226892,-96.78087565
46.85341511,-96.78202184
46.85647162,-96.78192632
46.85780885,-96.78116219
46.85914608,-96.78106668
46.8604833,-96.78135323
46.86258465,-96.78288148
46.86459049,-96.78288148
46.867163,-96.780758
46.872699,-96.779302
46.875963,-96.779258
46.877063,-96.780358
46.879363,-96.781358
46.880163,-96.780358
46.879163,-96.775558
46.877463,-96.771258
46.877563,-96.769758
46.879563,-96.768458
46.883663,-96.767358
46.884763,-96.768058
46.884763,-96.769758
46.884063,-96.771858
46.884763,-96.773558
46.895663,-96.776558
46.903563,-96.773558
46.906763,-96.770458
46.905163,-96.767458
46.905063,-96.765657
46.909463,-96.763557
46.912507,-96.763973
46.91688553,-96.76287088
46.91822275,-96.75924127
46.91955998,-96.75933679
46.9208972,-96.76086505
46.92223443,-96.76134263
46.9238582,-96.76096056
46.92576852,-96.75952782
46.92729678,-96.76172469
46.92834746,-96.76201124
46.92930262,-96.76201124
46.93207258,-96.76029195
46.93340981,-96.76029195
46.934663,-96.761757
46.935063,-96.763257
46.930863,-96.775157
46.928263,-96.780258
46.92548197,-96.78312029
46.92576852,-96.78512613
46.92892055,-96.78684542
46.92939813,-96.79037951
46.92987571,-96.79104813
46.93121294,-96.79162122
46.934264,-96.791558
46.937664,-96.790058
46.944464,-96.791558
46.94601793,-96.79286293
46.94639999,-96.79773425
46.94735515,-96.79935802
46.952988,-96.798758
46.954316,-96.799606
46.959228,-96.79991
46.96239893,-96.79873717
46.96411822,-96.79931027
46.96593302,-96.8013161
46.96593302,-96.80274885
46.9639,-96.809814
46.967453,-96.819558
46.9693716,-96.82185206
46.97109089,-96.82204309
46.977357,-96.819894
46.990141,-96.822566
46.993309,-96.824598
46.996173,-96.82447
46.99802642,-96.82318928
46.999965,-96.82318
47.00189482,-96.82619805
47.001611,-96.827489
47.004353,-96.831798
47.00667062,-96.8342214
47.0077213,-96.83460346
47.00886749,-96.83450795
47.01011,-96.833504
47.015184,-96.832303
47.016029,-96.833038
47.021537,-96.829499
47.023205,-96.826358
47.02491419,-96.81941641
47.02653796,-96.81798366
47.02777967,-96.81855676
47.02997654,-96.82123121
47.0315048,-96.82161328
47.03284202,-96.82142224
47.03417925,-96.81884331
47.03551647,-96.81855676
47.03761783,-96.81874779
47.03952815,-96.8205626
47.04143847,-96.82084915
47.04707391,-96.81884332
47.05290039,-96.8193209
47.05586139,-96.82256844
47.05968203,-96.82447877
47.06149684,-96.8240967
47.06206993,-96.82218638
47.06292958,-96.82132674
47.06436232,-96.82180431
47.065911,-96.823491
47.07066638,-96.8240967
47.07171706,-96.82371464
47.0731498,-96.82123122
47.07381841,-96.82084916
47.07630183,-96.82161328
47.078181,-96.819479
47.081152,-96.819078
47.082111,-96.820216
47.083619,-96.82065
47.08757272,-96.81903436
47.08976959,-96.82056262
47.09139336,-96.82008503
47.09330369,-96.81836575
47.09788846,-96.81855678
47.0993212,-96.819894
47.10084945,-96.81998952
47.10419252,-96.81817471
47.10600732,-96.81798368
47.10715352,-96.81884333
47.108457,-96.82159
47.109622,-96.822694
47.111679,-96.822192
47.113712,-96.820619
47.115723,-96.821189
47.1201437,-96.82734426
47.12148092,-96.82772632
47.122852,-96.826712
47.123354,-96.82544
47.124968,-96.824807
47.127188,-96.824476
47.12950427,-96.82763081
47.13151011,-96.828777
47.13475765,-96.82763081
47.13657246,-96.82763081
47.1398,-96.828597
47.14201688,-96.83154697
47.14373617,-96.83240661
47.14679268,-96.83011423
47.14851197,-96.83011423
47.14946713,-96.83106939
47.15052199,-96.83121004
47.15089987,-96.83126042
47.15395638,-96.82801287
47.156229,-96.822706
47.156914,-96.822405
47.157668,-96.822707
47.15901873,-96.82466982
47.15978286,-96.82486085
47.16112009,-96.82428775
47.16274386,-96.82237743
47.16503625,-96.82209089
47.16704208,-96.82447879
47.17086273,-96.82428775
47.17229547,-96.8251474
47.17496992,-96.82963665
47.17630714,-96.82982768
47.1772623,-96.82944562
47.18012778,-96.8269622
47.18156052,-96.82667565
47.18280223,-96.8269622
47.18394843,-96.82829943
47.18461704,-96.83040078
47.1855722,-96.83145146
47.18748252,-96.83240662
47.18834217,-96.83250213
47.19082559,-96.83116491
47.19178074,-96.83126043
47.19359555,-96.83307523
47.19502829,-96.83680036
47.19636552,-96.8382331
47.19789377,-96.83880619
47.19961306,-96.83861516
47.20114132,-96.83766
47.20391128,-96.83278869
47.20486644,-96.83212008
47.20649021,-96.83345731
47.20744537,-96.83517659
47.20840054,-96.83546314
47.21040637,-96.83364834
47.21145705,-96.83336179
47.21279427,-96.83355282
47.21613733,-96.83651382
47.21928937,-96.83565418
47.22100866,-96.83594072
47.22205933,-96.83832862
47.22387414,-96.83928379
47.22502033,-96.83880621
47.22654859,-96.83565418
47.2272172,-96.83565418
47.229254,-96.837374
47.23180197,-96.83756449
47.23399884,-96.83603624
47.23504952,-96.83336179
47.23619571,-96.83269318
47.237588,-96.832946
47.23803657,-96.83358911
47.24087599,-96.83766001
47.24183116,-96.83823311
47.24288183,-96.83823311
47.24421906,-96.83727795
47.24641592,-96.83489005
47.24813521,-96.83469902
47.2504276,-96.83536763
47.25310205,-96.84014343
47.25386618,-96.8405255
47.25548995,-96.83985688
47.25615857,-96.84004792
47.2581644,-96.84167169
47.25921508,-96.84100308
47.26122092,-96.84071653
47.26246263,-96.84128962
47.26284469,-96.84253133
47.26399088,-96.84262685
47.26532811,-96.84205375
47.26599672,-96.83985688
47.26771601,-96.83899724
47.26876669,-96.83976137
47.26953081,-96.84253133
47.27048597,-96.84319995
47.27335145,-96.84224478
47.275496,-96.840353
47.276981,-96.84022
47.284041,-96.841465
47.289981,-96.844088
47.29302,-96.843922
47.30448969,-96.83288423
47.30706862,-96.83288423
47.310843,-96.835735
47.311391,-96.837045
47.31155788,-96.84100309
47.31241752,-96.84253135
47.31690677,-96.84195825
47.31757539,-96.84119412
47.3188171,-96.83699141
47.32005881,-96.83603626
47.32101397,-96.83584523
47.32397497,-96.83660935
47.32626735,-96.83517661
47.32855974,-96.83517661
47.32970593,-96.83603626
47.33104315,-96.83832864
47.33238038,-96.83851967
47.33591447,-96.83584523
47.33868444,-96.83660935
47.340956,-96.840586
47.34618245,-96.84401186
47.34942999,-96.84515805
47.35439683,-96.84343876
47.3560206,-96.84429841
47.35678473,-96.84687734
47.35802644,-96.84811905
47.35984124,-96.84926524
47.36366189,-96.84945627
47.36624082,-96.85241727
47.3672915,-96.85222624
47.36824666,-96.84955179
47.36958388,-96.84859663
47.370565,-96.848907
47.37187627,-96.85203521
47.37340452,-96.8537545
47.374973,-96.852676
47.3753626,-96.84893095
47.37689086,-96.84692511
47.38157115,-96.84558789
47.38415008,-96.84109863
47.38988104,-96.84062105
47.39131378,-96.84071657
47.39245998,-96.84176724
47.39417927,-96.84549237
47.39618511,-96.84587444
47.39981472,-96.84491927
47.40048333,-96.84511031
47.40315778,-96.8480713
47.405909,-96.852739
47.40764703,-96.85265607
47.40888874,-96.85332469
47.410317,-96.858094
47.414337,-96.861833
47.415159,-96.86207
47.417056,-96.861095
47.41781,-96.861231
47.41877465,-96.86359268
47.41953878,-96.86426129
47.42097152,-96.86426129
47.42230875,-96.86292406
47.42402803,-96.859581
47.42612939,-96.85872135
47.42765764,-96.86063168
47.42899487,-96.86101374
47.43023658,-96.86082271
47.43338861,-96.85853032
47.43568099,-96.86005858
47.43720925,-96.85977203
47.4404568,-96.85747965
47.44160299,-96.85747965
47.445662,-96.859537
47.451557,-96.859239
47.45335147,-96.85824378
47.45449766,-96.85814826
47.45602591,-96.85967652
47.45736314,-96.85996306
47.45870037,-96.859581
47.46022862,-96.85747965
47.46318962,-96.85681104
47.466865,-96.859555
47.47092642,-96.85986755
47.47283674,-96.85910342
47.47570222,-96.85585588
47.47828115,-96.85470969
47.47961838,-96.85499624
47.48162422,-96.85814827
47.48248386,-96.85853033
47.4839166,-96.85853033
47.48468073,-96.85795724
47.48554038,-96.85614243
47.48725967,-96.85566485
47.48831034,-96.85585588
47.48993412,-96.85853033
47.49088928,-96.85853033
47.49251305,-96.85795724
47.49346821,-96.85700207
47.49709782,-96.85165318
47.498752,-96.85179102
47.49939021,-96.85184421
47.501322,-96.853317
47.503881,-96.853286
47.506828,-96.853052
47.50789113,-96.85174869
47.50903733,-96.85136663
47.510088,-96.85174869
47.51142523,-96.85318144
47.51381313,-96.85346799
47.514368,-96.854204
47.514892,-96.858454
47.515873,-96.861422
47.517266,-96.863245
47.520304,-96.863551
47.52489299,-96.86636266
47.52594367,-96.86636266
47.52766296,-96.86473888
47.529055,-96.862379
47.529536,-96.860524
47.53597285,-96.8547097
47.53731008,-96.85509176
47.53845627,-96.85642899
47.54027108,-96.85671554
47.54285001,-96.85461418
47.54466481,-96.85423212
47.54533343,-96.85442315
47.5469572,-96.85642899
47.54810339,-96.85662002
47.54896304,-96.85623796
47.55049129,-96.85432763
47.55249713,-96.85375454
47.55459849,-96.85509176
47.55657812,-96.85800248
47.55859104,-96.85905687
47.55974127,-96.85915272
47.56165833,-96.85742737
47.56328783,-96.85685225
47.56405466,-96.85723566
47.56453392,-96.85867346
47.56635513,-96.85915272
47.56740951,-96.8587693
47.56788878,-96.85666054
47.57038095,-96.8536891
47.57201045,-96.85407251
47.5733524,-96.85589372
47.57574872,-96.85637298
47.579483,-96.853273
47.58926399,-96.85129277
47.59146861,-96.85196375
47.59472761,-96.85474348
47.59626126,-96.85445592
47.59683637,-96.85311398
47.59789076,-96.85282642
47.59980782,-96.85378495
47.60089,-96.855618
47.602329,-96.856903
47.606328,-96.854812
47.60875,-96.855421
47.61076,-96.857112
47.612175,-96.860255
47.613654,-96.873671
47.614774,-96.874078
47.616832,-96.871005
47.617563,-96.8706
47.618042,-96.870871
47.619181,-96.876355
47.620576,-96.879496
47.633489,-96.882393
47.63845,-96.888573
47.63973,-96.888166
47.640755,-96.884515
47.641714,-96.882857
47.649025,-96.882376
47.650168,-96.882882
47.653049,-96.88697
47.658853,-96.887607
47.661547,-96.88571
47.663443,-96.885573
47.666369,-96.887126
47.668587,-96.889627
47.670643,-96.889726
47.67214919,-96.89104167
47.673157,-96.891922
47.67357,-96.895271
47.674758,-96.896724
47.689473,-96.899352
47.690775,-96.900264
47.691621,-96.901719
47.691576,-96.902971
47.689246,-96.905273
47.688493,-96.907236
47.688722,-96.908928
47.689522,-96.909909
47.691235,-96.910144
47.693976,-96.907266
47.695119,-96.907604
47.697313,-96.909769
47.700512,-96.911527
47.701746,-96.912846
47.70146797,-96.91376189
47.70236895,-96.91524208
47.70352736,-96.91524208
47.70481448,-96.91440545
47.70700259,-96.91485594
47.70796793,-96.9154995
47.710383,-96.920119
47.712394,-96.920321
47.71433918,-96.91981136
47.71652729,-96.92039057
47.71820055,-96.92354402
47.71980945,-96.92347966
47.722515,-96.919471
47.723863,-96.918556
47.724731,-96.919131
47.729051,-96.925089
47.734352,-96.930574
47.737139,-96.932809
47.738716,-96.933316
47.739949,-96.933011
47.742988,-96.929319
47.744884,-96.928506
47.748037,-96.928505
47.750331,-96.929051
47.75241156,-96.93417269
47.75295604,-96.93446308
47.75451687,-96.93420899
47.75531544,-96.93264816
47.75680367,-96.93268446
47.758276,-96.935555
47.760195,-96.937859
47.762411,-96.938435
47.764536,-96.936909
47.768397,-96.939179
47.775228,-96.949585
47.776188,-96.956635
47.779798,-96.956501
47.783292,-96.961926
47.782995,-96.9644
47.783474,-96.965316
47.784937,-96.96535
47.78729,-96.963521
47.788707,-96.961554
47.790147,-96.957283
47.79097,-96.957216
47.792021,-96.95786
47.794601,-96.963523
47.797297,-96.966068
47.798255,-96.971698
47.79788383,-96.97358507
47.79832553,-96.97513103
47.79957702,-96.97608806
47.801544,-96.976176
47.80561364,-96.98057871
47.80679152,-96.98116765
47.80833748,-96.9809468
47.809882,-96.978894
47.811619,-96.977946
47.815662,-96.980391
47.82041071,-96.98072594
47.82144136,-96.98013701
47.82180944,-96.97932722
47.82453328,-96.97932722
47.82578477,-96.98168297
47.82666818,-96.98227191
47.830421,-96.981725
47.837639,-96.986685
47.837911,-96.992963
47.841724,-96.998295
47.843163,-96.99789
47.844398,-96.996364
47.854405,-96.996816
47.858882,-96.998144
47.860915,-97.000356
47.861266,-97.001759
47.863977,-97.005557
47.865277,-97.005857
47.865877,-97.003356
47.867377,-97.001556
47.868677,-97.002456
47.870177,-97.005356
47.871578,-97.017356
47.872578,-97.021256
47.873978,-97.023156
47.874978,-97.023156
47.876878,-97.018955
47.878478,-97.017955
47.880278,-97.019355
47.882078,-97.023355
47.884278,-97.025355
47.886878,-97.024955
47.889778,-97.019155
47.891078,-97.018955
47.894978,-97.024955
47.898078,-97.023955
47.900478,-97.020155
47.902178,-97.020255
47.905278,-97.024155
47.908178,-97.024955
47.908478,-97.023555
47.906378,-97.020355
47.905678,-97.017254
47.907178,-97.015054
47.910278,-97.015354
47.913078,-97.017254
47.915878,-97.023754
47.918078,-97.018054
47.919778,-97.017754
47.927578,-97.029654
47.930179,-97.035754
47.933279,-97.037354
47.936579,-97.035554
47.939379,-97.036054
47.940479,-97.039154
47.941079,-97.044954
47.943379,-97.051054
47.946279,-97.054554
47.949079,-97.055554
47.950779,-97.055154
47.954779,-97.052554
47.957179,-97.052454
47.959679,-97.054054
47.96208,-97.059054
47.96358,-97.061454
47.96448,-97.061854
47.96588,-97.061554
47.96898,-97.057854
47.97048,-97.057153
47.97398,-97.059353
47.97538,-97.059153
47.980556,-97.056481
47.987948,-97.053537
47.990252,-97.053089
47.991612,-97.053553
47.992924,-97.054945
47.995948,-97.062257
47.998508,-97.064289
48.009558,-97.066762
48.011337,-97.065411
48.013179,-97.063012
48.014989,-97.063289
48.015658,-97.064927
48.016176,-97.069284
48.016918,-97.070654
48.019107,-97.072239
48.021395,-97.071911
48.026267,-97.068987
48.027694,-97.068711
48.041765,-97.070411
48.048068,-97.072257
48.051212,-97.074015
48.052725,-97.075641
48.055794,-97.082895
48.058222,-97.086986
48.07108,-97.097772
48.071669,-97.103052
48.072428,-97.104483
48.073094,-97.104697
48.074578,-97.104154
48.077452,-97.100771
48.082106,-97.099431
48.085884,-97.099798
48.089122,-97.102165
48.09043972,-97.10522632
48.09136165,-97.10561637
48.09278,-97.10547453
48.09451748,-97.10387889
48.09618405,-97.10394981
48.09785061,-97.10487173
48.099824,-97.108428
48.104723,-97.109535
48.105913,-97.11147
48.106188,-97.113194
48.105381,-97.119773
48.106648,-97.123205
48.108004,-97.123666
48.109497,-97.123135
48.112281,-97.12104
48.113365,-97.120592
48.114987,-97.120702
48.116925,-97.121586
48.124277,-97.126862
48.127185,-97.128279
48.133133,-97.129453
48.13582937,-97.13217568
48.137641,-97.13252
48.13956327,-97.13195604
48.14183289,-97.13429888
48.14359002,-97.14140061
48.14498109,-97.14213275
48.14805606,-97.14227918
48.150894,-97.140295
48.15310781,-97.13949706
48.15530422,-97.13891135
48.15779349,-97.13891135
48.15911134,-97.13964348
48.160202,-97.14195
48.16249,-97.144242
48.16855591,-97.14674521
48.17148446,-97.146672
48.17322323,-97.145702
48.174046,-97.145243
48.17660942,-97.14235239
48.17778085,-97.14162025
48.17909869,-97.14147383
48.18173439,-97.14183989
48.18268617,-97.1429381
48.18319866,-97.14462201
48.18458973,-97.14601308
48.186054,-97.14623272
48.192518,-97.141518
48.193602,-97.141233
48.19758658,-97.13800749
48.20281995,-97.13913098
48.20465029,-97.13876491
48.20618778,-97.13773992
48.20750563,-97.13473815
48.21043418,-97.13437208
48.21253715,-97.1370062
48.21524488,-97.13740735
48.21724306,-97.13517744
48.21915604,-97.13520106
48.22090375,-97.13561672
48.22171346,-97.13752188
48.22310378,-97.13815384
48.22512605,-97.1376904
48.22617609,-97.1363042
48.22808153,-97.13600334
48.22898411,-97.1363042
48.230187,-97.139311
48.23203224,-97.1408149
48.23466793,-97.14125418
48.23591256,-97.1397899
48.23759648,-97.13576315
48.23898754,-97.13561672
48.24242859,-97.13861848
48.24499107,-97.13876491
48.24623571,-97.13803277
48.249873,-97.133434
48.25042908,-97.12938425
48.25147362,-97.12796666
48.25332319,-97.12727554
48.25438341,-97.12759361
48.25639788,-97.12923503
48.25781546,-97.12953346
48.25878539,-97.12938425
48.26087447,-97.12714595
48.26288893,-97.12714595
48.264816,-97.128551
48.26527645,-97.13095105
48.26602255,-97.13192098
48.26758936,-97.13184637
48.26930538,-97.13027956
48.270452,-97.125348
48.27125,-97.12408
48.279661,-97.11657
48.281246,-97.116717
48.283488,-97.117726
48.290056,-97.12216
48.291855,-97.125348
48.291827,-97.127236
48.2928821,-97.12886199
48.29579188,-97.12908582
48.29765713,-97.12863816
48.29847784,-97.12729518
48.29862706,-97.12334086
48.29929855,-97.12252015
48.30086535,-97.12207249
48.30138762,-97.12229632
48.30370053,-97.12617603
48.30914705,-97.12617603
48.31019159,-97.12714596
48.31160917,-97.13095106
48.31272832,-97.13192099
48.31548889,-97.13244326
48.31832407,-97.13169716
48.319543,-97.13125
48.32051632,-97.12982618
48.32331883,-97.12760066
48.32570921,-97.1274358
48.32678075,-97.12776551
48.32793473,-97.13122743
48.327847,-97.133751
48.32867657,-97.13477178
48.33131422,-97.13485421
48.33551798,-97.13196927
48.33972175,-97.131145
48.341123,-97.13172199
48.34458492,-97.137904
48.34746986,-97.13848098
48.35060207,-97.13749186
48.35200333,-97.13782157
48.353425,-97.139851
48.354503,-97.143861
48.35990547,-97.1477477
48.36695923,-97.1477477
48.36872268,-97.14735583
48.37029018,-97.14637614
48.37126987,-97.14422082
48.37420894,-97.14206551
48.38047896,-97.14010612
48.3822424,-97.14010612
48.38400584,-97.14088987
48.38616116,-97.14363301
48.38890429,-97.14520051
48.39419463,-97.14559239
48.39556619,-97.14520051
48.39713369,-97.14382894
48.39928901,-97.14010612
48.40418747,-97.13579548
48.40673466,-97.13501173
48.41182905,-97.13559954
48.41594375,-97.13834267
48.4167275,-97.14245737
48.41947063,-97.14284926
48.42045033,-97.14206551
48.42201783,-97.13697111
48.42436908,-97.13559954
48.4265244,-97.13559954
48.42805617,-97.13781305
48.43052798,-97.13917255
48.43201106,-97.13929614
48.43460646,-97.13620638
48.43633672,-97.13497048
48.43979725,-97.13422894
48.44226906,-97.13509407
48.44350496,-97.13731869
48.4442465,-97.13768947
48.44758344,-97.13768947
48.44906652,-97.13707151
48.45227987,-97.13361098
48.45648194,-97.13262226
48.45994247,-97.13274585
48.46117838,-97.13422894
48.46402096,-97.14176795
48.46624558,-97.14312744
48.46921175,-97.14411616
48.473661,-97.14374539
48.47464972,-97.14201513
48.4762564,-97.14139718
48.47798667,-97.14275667
48.47897538,-97.14461052
48.48157078,-97.1449813
48.48293027,-97.14386898
48.484722,-97.140291
48.48631,-97.139276
48.49436238,-97.13886357
48.49683419,-97.14034665
48.49967677,-97.14627899
48.50153062,-97.14763848
48.50338448,-97.14813284
48.52414765,-97.15307646
48.52921486,-97.15196415
48.53230462,-97.14912157
48.53428206,-97.14887439
48.53687746,-97.15048106
48.53910208,-97.15394159
48.541339,-97.159697
48.54250534,-97.16127684
48.543855,-97.163105
48.54396392,-97.16309046
48.54676469,-97.1627165
48.54812418,-97.16209855
48.54923649,-97.16086265
48.551173,-97.155791
48.55121394,-97.15344723
48.55232625,-97.15245851
48.55393293,-97.15221133
48.55603396,-97.15394159
48.55714628,-97.15641339
48.55875295,-97.15826725
48.56011244,-97.15876161
48.56406733,-97.15863802
48.56592119,-97.15740211
48.56763,-97.151638
48.56987608,-97.14961592
48.57197712,-97.14899798
48.57506687,-97.14887439
48.57692073,-97.14961592
48.57951612,-97.14973952
48.581028,-97.148429
48.581452,-97.144922
48.582358,-97.143654
48.583733,-97.142915
48.59082,-97.141585
48.592595,-97.142237
48.59459415,-97.14393076
48.59706595,-97.14368358
48.59842545,-97.14281845
48.60003212,-97.14084101
48.60423419,-97.13824561
48.60732395,-97.13738048
48.6093014,-97.13824561
48.61226756,-97.13750407
48.61325629,-97.13614457
48.61337988,-97.13293122
48.61399783,-97.13144814
48.61659323,-97.1307066
48.61906503,-97.13132455
48.62116607,-97.13008865
48.62091889,-97.1256394
48.62153684,-97.12477426
48.62326711,-97.12403273
48.625387,-97.124175
48.62697481,-97.12588657
48.62907585,-97.12588657
48.6296938,-97.12526862
48.6310533,-97.12081937
48.629821,-97.115043
48.630266,-97.111559
48.631453,-97.109515
48.632658,-97.108466
48.634396,-97.108276
48.638888,-97.109651
48.64291797,-97.11192086
48.64452464,-97.11117932
48.647728,-97.107814
48.652632,-97.10591
48.654416,-97.104566
48.656294,-97.10179
48.65861394,-97.10055056
48.66195088,-97.10067414
48.66479346,-97.10265159
48.6667709,-97.10153928
48.667926,-97.100009
48.671377,-97.099811
48.6796243,-97.10067414
48.68135456,-97.10005619
48.68394996,-97.09770798
48.68518587,-97.0973372
48.68629818,-97.09758438
48.68753408,-97.0986967
48.691484,-97.108655
48.70057286,-97.11828575
48.70329185,-97.11902729
48.70502211,-97.11692626
48.70934778,-97.11618471
48.713593,-97.121253
48.719166,-97.124328
48.721101,-97.126398
48.72516734,-97.1342289
48.72640324,-97.1355884
48.72776274,-97.13608276
48.72974018,-97.13509404
48.7333243,-97.13484685
48.73456021,-97.13534122
48.73665352,-97.13899629
48.73812865,-97.13961093
48.7466107,-97.139488
48.75091319,-97.14317584
48.75472397,-97.15005983
48.75570739,-97.15104325
48.75742839,-97.15128911
48.76369773,-97.14747833
48.76603336,-97.14747833
48.772602,-97.152588
48.77328613,-97.15387061
48.77451541,-97.15485403
48.77549884,-97.15522281
48.77672812,-97.15485403
48.77771155,-97.15387061
48.78103061,-97.15325596
48.78189111,-97.15411646
48.78312039,-97.15706674
48.78410382,-97.15780431
48.78768,-97.157797
48.790024,-97.157093
48.791145,-97.158102
48.79177839,-97.16123087
48.7929304,-97.16295888
48.79506984,-97.16353489
48.79951331,-97.16369946
48.8037922,-97.1659212
48.80527336,-97.1659212
48.80712867,-97.16487394
48.80825309,-97.16487394
48.80962738,-97.16562356
48.81100168,-97.16849709
48.812108,-97.174045
48.81412408,-97.17704507
48.81583947,-97.1786113
48.81844986,-97.18002837
48.824815,-97.177747
48.82899245,-97.18099068
48.83274053,-97.18111562
48.8343647,-97.180366
48.836158,-97.175727
48.837261,-97.174275
48.838309,-97.173811
48.842619,-97.174355
48.84648349,-97.1772426
48.84773285,-97.17699273
48.84985676,-97.17561843
48.8531051,-97.17561843
48.856866,-97.179071
48.86160074,-97.18011613
48.86372465,-97.18236498
48.86484907,-97.18548838
48.86609843,-97.18711254
48.86759767,-97.18736241
48.8722203,-97.18573825
48.87346966,-97.18623799
48.87459408,-97.18773722
48.87559357,-97.19048582
48.88034113,-97.19798197
48.88221517,-97.19885652
48.88483883,-97.19798197
48.8868378,-97.19785704
48.89108563,-97.19998095
48.89395916,-97.19810691
48.89833191,-97.19798197
48.89983115,-97.19885652
48.902629,-97.207688
48.90439,-97.210541
48.908143,-97.212706
48.90986,-97.212553
48.91395,-97.210809
48.916649,-97.211161
48.918033,-97.212926
48.919735,-97.217992
48.92207771,-97.21909501
48.92486,-97.219185
48.9276593,-97.21746347
48.92989193,-97.21754934
48.93178109,-97.21866566
48.93409959,-97.22450486
48.93865074,-97.22639401
48.94354536,-97.22682337
48.94586387,-97.22785381
48.94895521,-97.23214735
48.95050088,-97.23231909
48.95822924,-97.23085929
48.96089123,-97.23085929
48.9624369,-97.23146038
48.9638967,-97.23249083
48.965341,-97.237541
48.966573,-97.238882
48.968684,-97.239209
48.975143,-97.238025
48.982631,-97.238387
48.985696,-97.237297
48.988966,-97.234214
48.99130297,-97.23083323
48.99336585,-97.23040347
48.99599491,-97.2314901
48.99721167,-97.23139723
49.000687,-97.229039
48.999984,-96.93096
48.999984,-96.405408
48.999984,-95.97539
48.998729,-95.368698
48.998735,-95.355819
48.99874,-95.340962
48.998767,-95.322946
48.99876945,-95.31989471
48.998903,-95.153711
49.18488,-95.153309
49.249995,-95.153424
49.305655,-95.153333
49.30772,-95.153319
49.308442,-95.153331
49.309287,-95.15333
49.343409,-95.153284
49.343662,-95.153344
49.354397,-95.153407
49.365886,-95.15333
49.367691,-95.153259
49.369107,-95.153293
49.383079,-95.15335
49.384358,-95.153314
49.382964,-95.150235
49.380565,-95.149747
49.37828,-95.145306
49.378301,-95.141808
49.369439,-95.126467
49.366518,-95.115866
49.366315,-95.109535
49.36496167,-95.10505733
49.363554,-95.102818
49.361114,-95.089806
49.35317,-95.058404
49.353056,-95.049382
49.356405,-95.014415
49.368897,-94.988908
49.367738,-94.974286
49.370186,-94.957465
49.368679,-94.952111
49.350176,-94.909273
49.348508,-94.907036
49.333193,-94.878454
49.324154,-94.854245
49.324068,-94.836876
49.320987,-94.816222
49.308834,-94.824291
49.294283,-94.82516
49.214284,-94.797244
49.197791,-94.797527
49.124994,-94.774228
49.120733,-94.773223
49.099763,-94.750221
48.999992,-94.750218
48.999991,-94.718932
48.883929,-94.683069
48.883376,-94.683127
48.872399,-94.684217
48.86895,-94.692527
48.863711,-94.690302
48.863363,-94.690246
48.853392,-94.693044
48.840119,-94.685681
48.835731,-94.697055
48.831778,-94.701968
48.824284,-94.704284
48.809206,-94.694974
48.799771,-94.695975
48.789352,-94.694312
48.778066,-94.690889
48.778047,-94.690863
48.775896,-94.687951
48.769315,-94.672812
48.766115,-94.66711
48.760288,-94.660063
48.755913,-94.651765
48.749975,-94.645164
48.749975,-94.646256
48.748991,-94.64515
48.744143,-94.645083
48.741171,-94.640803
48.737374,-94.61901
48.731893,-94.610539
48.728356,-94.601384
48.724222,-94.595855
48.719494,-94.591018
48.717599,-94.58715
48.715522,-94.568368
48.716207,-94.555835
48.714653,-94.549069
48.712185,-94.545514
48.70284,-94.538372
48.701262,-94.533057
48.701556,-94.5246
48.700362,-94.508862
48.698175,-94.500203
48.698054,-94.486503
48.696849,-94.472938
48.695503,-94.464481
48.692444,-94.452332
48.6929,-94.446604
48.694889,-94.438701
48.70095001,-94.4303026
48.705352,-94.424203
48.708756,-94.421405
48.710172,-94.418919
48.710948,-94.416191
48.710535,-94.406318
48.711945,-94.388848
48.711806,-94.384221
48.710272,-94.378216
48.706434,-94.368583
48.704132,-94.353046
48.703382,-94.342758
48.704481,-94.328434
48.710239,-94.308446
48.707747,-94.290737
48.705255,-94.281797
48.699882,-94.274345
48.698919,-94.264473
48.696381,-94.260541
48.691834,-94.25813
48.686325,-94.252753
48.683514,-94.251169
48.678236,-94.250623
48.663888,-94.254643
48.661375,-94.254577
48.656654,-94.250497
48.656323,-94.250191
48.654224,-94.246841
48.653442,-94.244394
48.652336,-94.233575
48.649527,-94.224276
48.649382,-94.214448
48.650996,-94.199517
48.650402,-94.188581
48.648104,-94.167725
48.645766,-94.157387
48.645714,-94.138682
48.644447,-94.126336
48.644192,-94.110031
48.645863,-94.099898
48.643669,-94.091244
48.644203,-94.076675
48.645895,-94.071357
48.646104,-94.065775
48.643717,-94.064243
48.643115,-94.060267
48.64402,-94.052452
48.643416,-94.043187
48.641018,-94.035616
48.640861,-94.029491
48.643193,-94.006933
48.642777,-94.000675
48.639738,-93.990082
48.637573,-93.976535
48.637151,-93.963375
48.636496,-93.960632
48.633744,-93.954413
48.632294,-93.944221
48.63122,-93.927004
48.632156,-93.916649
48.632667,-93.915494
48.63432,-93.914357
48.634673,-93.91153
48.630779,-93.886934
48.630108,-93.851618
48.629395,-93.844008
48.628548,-93.840754
48.627098,-93.837392
48.624954,-93.834323
48.613001,-93.827959
48.610724,-93.824144
48.609067,-93.822644
48.603755,-93.820067
48.595314,-93.818518
48.584944,-93.812037
48.580297,-93.807984
48.577616,-93.806763
48.570299,-93.80527
48.568393,-93.805369
48.561779,-93.806748
48.555897,-93.808973
48.550664,-93.812098
48.549111,-93.812278
48.545543,-93.811303
48.542385,-93.811201
48.540509,-93.812223
48.535833,-93.817572
48.534442,-93.818375
48.532669,-93.818853
48.530046,-93.818253
48.526508,-93.815178
48.524778,-93.812149
48.520551,-93.80152
48.518356,-93.797436
48.516021,-93.794454
48.51549,-93.784657
48.515825,-93.771741
48.516118,-93.763176
48.515366,-93.756483
48.51512,-93.752942
48.517347,-93.741843
48.517995,-93.732139
48.517329,-93.72368
48.518029,-93.709147
48.51715,-93.703303
48.514774,-93.694676
48.514588,-93.690901
48.516297,-93.674568
48.515731,-93.656652
48.517281,-93.645397
48.518294,-93.643091
48.519238,-93.64144
48.522533,-93.638199
48.527702,-93.635476
48.530092,-93.632327
48.53121,-93.628865
48.530985,-93.626447
48.52651,-93.622333
48.52397,-93.618321
48.521876,-93.612844
48.521661,-93.610618
48.522472,-93.60587
48.523326,-93.603752
48.527154,-93.598212
48.528793,-93.594379
48.528881,-93.587957
48.526667,-93.580711
48.52652,-93.578333
48.528897,-93.562062
48.528684,-93.547191
48.529877,-93.540369
48.532453,-93.532087
48.533997,-93.518691
48.534792,-93.515457
48.541202,-93.500153
48.543146,-93.481471
48.545664,-93.467504
48.546668,-93.465392
48.550552,-93.460798
48.555291,-93.458246
48.561834,-93.456675
48.567199,-93.457046
48.57403,-93.461731
48.587291,-93.466007
48.590659,-93.465199
48.591792,-93.464308
48.59338,-93.438494
48.595138,-93.434141
48.599777,-93.428328
48.6013,-93.425483
48.605605,-93.414026
48.608415,-93.40856
48.609344,-93.405269
48.609351,-93.404205
48.607593,-93.40366
48.603905,-93.398974
48.603303,-93.395022
48.605149,-93.383807
48.605085,-93.371156
48.60702,-93.367666
48.608283,-93.367025
48.613832,-93.362132
48.611778,-93.35641
48.611595,-93.35541
48.61235,-93.354135
48.613378,-93.35324
48.615709,-93.353138
48.624935,-93.349095
48.626414,-93.348183
48.62662,-93.347528
48.642784,-93.254854
48.642474,-93.207398
48.628375,-93.184091
48.624926,-93.17999
48.623339,-93.178095
48.624924,-93.14242
48.627597,-93.088438
48.623731,-92.984963
48.631493,-92.954876
48.630419,-92.95012
48.608269,-92.949839
48.606874,-92.929614
48.596313,-92.909947
48.594915,-92.894687
48.53929,-92.728046
48.546263,-92.657881
48.542873,-92.634931
48.522167,-92.627833
48.518189,-92.625739
48.517549,-92.625541
48.514374,-92.626639
48.51362,-92.626365
48.513048,-92.625151
48.512916,-92.625374
48.508252,-92.631117
48.508077,-92.631137
48.50679,-92.631463
48.505303,-92.629126
48.503383,-92.627237
48.500917,-92.630644
48.499428,-92.636696
48.499905,-92.647114
48.501635,-92.654039
48.496557,-92.661418
48.497611,-92.684866
48.494892,-92.698824
48.484586,-92.701298
48.473091,-92.709267
48.470349,-92.708647
48.463013,-92.712562
48.443889,-92.687998
48.440184,-92.663271
48.436709,-92.656027
48.440827,-92.575636
48.447703,-92.537202
48.448313,-92.51491
48.447875,-92.507285
48.433709,-92.492078
48.430328,-92.48919
48.42953,-92.484074
48.428662,-92.482082
48.426583,-92.480844
48.425349,-92.481152
48.418793,-92.475585
48.414204,-92.456325
48.401134,-92.456389
48.37176,-92.47675
48.351836,-92.469948
48.329514,-92.453691
48.315597,-92.441286
48.309839,-92.437825
48.305063,-92.432003
48.305771,-92.428919
48.304491,-92.426077
48.295463,-92.416285
48.279351,-92.406706
48.265546,-92.397645
48.260562,-92.393781
48.253316,-92.389305
48.249268,-92.387049
48.246732,-92.388112
48.244606,-92.387191
48.244194,-92.386438
48.244696,-92.383906
48.242914,-92.384387
48.24072,-92.384355
48.238367,-92.383161
48.235782,-92.378922
48.233383,-92.378343
48.230801,-92.378449
48.229635,-92.377903
48.223717,-92.372802
48.220268,-92.369174
48.222876,-92.362097
48.230328,-92.353177
48.231404,-92.349177
48.23248,-92.341207
48.234537,-92.33943
48.235383,-92.336831
48.2352,-92.335394
48.233898,-92.333649
48.233876,-92.332247
48.23703,-92.325304
48.237304,-92.321746
48.240527,-92.314665
48.244269,-92.280727
48.248241,-92.269742
48.256747,-92.273706
48.265527,-92.290368
48.27156,-92.294541
48.276404,-92.292999
48.276587,-92.295053
48.278118,-92.295668
48.288608,-92.301451
48.306454,-92.294527
48.316442,-92.306309
48.322977,-92.304561
48.323957,-92.295412
48.342991,-92.288994
48.354933,-92.26228
48.349203,-92.222813
48.34813,-92.219658
48.345114,-92.216983
48.345596,-92.206803
48.34689067,-92.20700867
48.347812,-92.207729
48.352063,-92.203684
48.350396,-92.194874
48.348728,-92.194188
48.348613,-92.193571
48.351881,-92.178418
48.355285,-92.178897
48.357228,-92.177354
48.363279,-92.162161
48.365651,-92.145049
48.356121,-92.143583
48.354617,-92.092256
48.353865,-92.083513
48.358253,-92.077961
48.359602,-92.066269
48.359213,-92.055228
48.348861,-92.048648
48.347901,-92.045734
48.345776,-92.045152
48.343766,-92.047655
48.33474,-92.046562
48.333183,-92.037721
48.325824,-92.030872
48.321355,-92.000133
48.297391,-92.01298
48.287268,-92.012066
48.280388,-92.007246
48.265421,-92.006577
48.260214,-91.989545
48.247801,-91.980772
48.24714,-91.977555
48.24634,-91.977486
48.245723,-91.977725
48.244626,-91.976903
48.244535,-91.975809
48.247667,-91.971056
48.249358,-91.970371
48.250396,-91.972565
48.252977,-91.971779
48.253594,-91.97024
48.253551,-91.959565
48.251678,-91.954432
48.251199,-91.954397
48.2494124,-91.95380568
48.24713134,-91.95209488
48.24439406,-91.95220893
48.24268326,-91.95768349
48.23948977,-91.95779754
48.23629628,-91.95916618
48.23298873,-91.95779754
48.232978,-91.953398
48.23264658,-91.95129651
48.230442,-91.945155
48.230602,-91.941838
48.232019,-91.940709
48.234213,-91.937356
48.235834,-91.929045
48.236747,-91.920802
48.238871,-91.915772
48.238183,-91.907597
48.23777,-91.906967
48.237132,-91.905991
48.23704,-91.903767
48.237699,-91.89347
48.227321,-91.884691
48.219095,-91.867882
48.207031,-91.864382
48.208636,-91.845821
48.209643,-91.839463
48.209804,-91.834404
48.209302,-91.831975
48.211748,-91.815772
48.208664,-91.814473
48.206013,-91.809038
48.20285776,-91.798252
48.202813,-91.798099
48.202492,-91.79181
48.196549,-91.789011
48.196412,-91.78614
48.200432,-91.781182
48.200586,-91.764672
48.201499,-91.763236
48.204789,-91.760874
48.20502174,-91.75663716
48.201198,-91.753939
48.198844,-91.749075
48.198458,-91.744973
48.199122,-91.741932
48.204491,-91.742313
48.204173,-91.738861
48.19913,-91.714931
48.193898,-91.710519
48.1891,-91.711611
48.1875,-91.71243
48.180255,-91.721413
48.178335,-91.722574
48.170657,-91.724584
48.169263,-91.723285
48.171801,-91.717548
48.172717,-91.709383
48.170775,-91.705318
48.159716,-91.705109
48.153661,-91.70726
48.152701,-91.708523
48.14539,-91.703569
48.144773,-91.701691
48.144728,-91.699336
48.143791,-91.698448
48.141643,-91.698174
48.13184,-91.699981
48.124894,-91.704143
48.122985,-91.708099
48.116883,-91.712226
48.115718,-91.712498
48.114713,-91.711986
48.113548,-91.703524
48.11636,-91.692843
48.117617,-91.691512
48.11933,-91.692366
48.122118,-91.682845
48.117731,-91.683801
48.111698,-91.687623
48.108111,-91.680902
48.107264,-91.676876
48.10836,-91.671519
48.108359,-91.667527
48.107011,-91.665208
48.108861,-91.663092
48.111489,-91.662647
48.114137,-91.653261
48.113725,-91.652204
48.112742,-91.651624
48.109567,-91.653571
48.096926,-91.640175
48.101906,-91.615255
48.102166,-91.588953
48.106509,-91.575853
48.108268,-91.559272
48.103012,-91.552962
48.093348,-91.569746
48.066294,-91.575471
48.057292,-91.573015
48.048791,-91.575672
48.043719,-91.567254
48.053268,-91.542512
48.068065,-91.488646
48.06677,-91.465499
48.068806,-91.45033
48.06739,-91.44658
48.063186,-91.447125
48.052104,-91.438093
48.049979,-91.438877
48.049248,-91.437582
48.048608,-91.429642
48.053518,-91.413862
48.057075,-91.391128
48.065295,-91.379463
48.06941,-91.370872
48.066968,-91.365143
48.07168,-91.350521
48.073236,-91.340159
48.070884,-91.336715
48.069627,-91.336578
48.069331,-91.332589
48.069811,-91.330033
48.070588,-91.328738
48.071388,-91.327886
48.072599,-91.324784
48.073422,-91.314693
48.072942,-91.311829
48.073033,-91.302625
48.073945,-91.290215
48.078488,-91.275961
48.078713,-91.26638
48.084087,-91.250112
48.095923,-91.234932
48.099671,-91.226203
48.10294,-91.214428
48.124891,-91.190461
48.122235,-91.183207
48.125811,-91.176181
48.140475,-91.156107
48.14915,-91.137733
48.151024,-91.138311
48.151458,-91.138482
48.15318637,-91.13940166
48.15473784,-91.13940166
48.155844,-91.13858
48.160412,-91.120047
48.162081,-91.117965
48.166057,-91.114862
48.168436,-91.108887
48.171157,-91.097892
48.173101,-91.092258
48.177351,-91.088708
48.180756,-91.082731
48.180414,-91.08116
48.179272,-91.080408
48.179204,-91.07566
48.181215,-91.065549
48.185213,-91.062918
48.187566,-91.056562
48.189163,-91.043613
48.189436,-91.035858
48.189459,-91.03555
48.188956,-91.0348
48.18847895,-91.03176071
48.188452,-91.031589
48.190072,-91.024208
48.19247,-91.022667
48.198062,-91.012411
48.200183,-91.003353
48.202628,-91.004239
48.219452,-90.976955
48.229897,-90.925092
48.230603,-90.914971
48.237339,-90.906829
48.245784,-90.88548
48.240459,-90.881451
48.237784,-90.875107
48.238177,-90.867079
48.244443,-90.847352
48.243576,-90.843624
48.239511,-90.839176
48.234714,-90.837772
48.228294,-90.83982
48.2277,-90.839615
48.226512,-90.8377
48.225621,-90.837323
48.202161,-90.834854
48.18866,-90.834166
48.176963,-90.836313
48.173765,-90.832589
48.177147,-90.826135
48.181237,-90.825418
48.183567,-90.825726
48.184709,-90.821115
48.182699,-90.819304
48.179569,-90.817698
48.179661,-90.810628
48.177833,-90.804207
48.163235,-90.800693
48.159373,-90.796596
48.160902,-90.785874
48.163939,-90.78338
48.164693,-90.781263
48.163801,-90.777917
48.161927,-90.776279
48.156696,-90.777512
48.148723,-90.778031
48.145504,-90.785781
48.139521,-90.796809
48.136894,-90.79797
48.135523,-90.795308
48.135569,-90.793841
48.13578819,-90.79031189
48.13508059,-90.78810064
48.13419609,-90.78730459
48.13366539,-90.78730459
48.132872,-90.787563
48.129902,-90.789919
48.127709,-90.787122
48.126885,-90.783471
48.124103,-90.776814
48.122481,-90.776133
48.122229,-90.775962
48.118894,-90.774225
48.118575,-90.774191
48.117523,-90.772998
48.116585,-90.76911
48.110302,-90.767615
48.100133,-90.761555
48.098283,-90.761625
48.090968,-90.751608
48.094583,-90.74152
48.096009,-90.703702
48.10051,-90.686617
48.103515,-90.641596
48.111846,-90.626886
48.111895,-90.62035
48.112491,-90.616154
48.115966,-90.606402
48.117546,-90.59146
48.119762,-90.590574
48.123784,-90.582217
48.123922,-90.579897
48.121272,-90.577065
48.120907,-90.575905
48.121501,-90.570481
48.12262,-90.566113
48.121683,-90.55929
48.117069,-90.555845
48.106951,-90.569763
48.101178,-90.567482
48.098773,-90.564341
48.096008,-90.556838
48.099402,-90.517075
48.097389,-90.510871
48.099238,-90.508141
48.099644,-90.505485
48.098781,-90.496148
48.099444,-90.495637
48.099787,-90.495398
48.101318,-90.493797
48.099012,-90.489873
48.099082,-90.487077
48.100363,-90.483361
48.102099,-90.480294
48.105458,-90.477635
48.106076,-90.471019
48.108818,-90.467712
48.108659,-90.465495
48.107357,-90.46321
48.105006,-90.452022
48.10343,-90.447384
48.100575,-90.443462
48.098747,-90.438449
48.105048,-90.410347
48.105114,-90.403219
48.100359,-90.393469
48.100061,-90.390162
48.098209,-90.386413
48.095833,-90.385597
48.094599,-90.384575
48.093182,-90.382258
48.090942,-90.374542
48.091217,-90.373042
48.093639,-90.372261
48.094577,-90.367658
48.095016,-90.353713
48.094104,-90.346689
48.094447,-90.344234
48.095064,-90.343484
48.09559,-90.342939
48.096207,-90.338438
48.099771,-90.337177
48.102399,-90.330052
48.103793,-90.31723
48.1053,-90.312386
48.105117,-90.305634
48.102512,-90.298099
48.099131,-90.293326
48.098993,-90.289337
48.10326,-90.274636
48.103301,-90.264986
48.102245,-90.25387
48.107071,-90.233797
48.108148,-90.224692
48.106505,-90.216404
48.106278,-90.211426
48.108381,-90.19509
48.107947,-90.188679
48.112445,-90.176605
48.109725,-90.164227
48.110269,-90.150721
48.111637,-90.14523
48.112641,-90.143762
48.112136,-90.136191
48.111768,-90.132645
48.108436,-90.128647
48.107702,-90.12509
48.107131,-90.1239
48.105602,-90.122603
48.104303,-90.116259
48.10463,-90.091639
48.101138,-90.073873
48.096364,-90.057644
48.091681,-90.04902
48.09136,-90.045577
48.087588,-90.029626
48.084708,-90.023595
48.072032,-90.018835
48.067188,-90.015057
48.067917,-90.010866
48.068853,-90.010013
48.068396,-90.008446
48.057567,-89.997852
48.049027,-89.993822
48.041649,-89.995994
48.035391,-89.996702
48.030733,-89.994687
48.028404,-89.99305
48.025666,-89.988894
48.025484,-89.987293
48.026215,-89.985217
48.026079,-89.984332
48.023501,-89.97718
48.02035,-89.973433
48.014482,-89.968255
48.014643,-89.96349
48.011516,-89.954605
48.015901,-89.95059
48.015628,-89.934489
48.013161,-89.932991
48.010398,-89.932617
48.00816,-89.930745
47.999886,-89.921633
47.994866,-89.915341
47.993267,-89.911258
47.992261,-89.904828
47.991667,-89.903501
47.988765,-89.900237
47.987599,-89.897414
47.986305,-89.886528
47.986405,-89.88071
47.985419,-89.873286
47.985945,-89.871245
47.989898,-89.868153
47.992442,-89.847571
47.992717,-89.846244
47.997422,-89.842709
48.001368,-89.842568
48.00194455,-89.84262899
48.00239053,-89.84262899
48.0027728,-89.84218301
48.00290022,-89.84167333
48.002214,-89.838689
47.999516,-89.834049
47.9994,-89.831825
48.000284,-89.830385
48.010737,-89.822594
48.014665,-89.820483
48.015099,-89.819802
48.017224,-89.807445
48.014026,-89.806016
48.013775,-89.804926
48.014505,-89.797744
48.01487,-89.796212
48.017154,-89.795224
48.017656,-89.794237
48.018204,-89.791853
48.017837,-89.782696
48.018361,-89.779427
48.021694,-89.773944
48.022969,-89.763967
48.023325,-89.749314
48.022186,-89.744206
48.019971,-89.743046
48.019834,-89.742569
48.020384,-89.739131
48.021321,-89.736851
48.019747,-89.7313
48.018788,-89.731163
48.018996,-89.724048
48.019156,-89.723571
48.020207,-89.724117
48.020481,-89.723164
48.020162,-89.72221
48.01796504,-89.72103764
48.01749884,-89.72156864
48.01755344,-89.72301884
48.016485,-89.724318
48.013675,-89.724044
48.01443,-89.721287
48.01634919,-89.719245
48.017172,-89.717102
48.016441,-89.716114
48.010251,-89.716417
48.009246,-89.715906
48.010024,-89.713183
48.010162,-89.708145
48.009522,-89.70709
48.007992,-89.706068
48.006325,-89.702528
48.006211,-89.701438
48.01078,-89.688879
48.010643,-89.686495
48.009798,-89.685986
48.009821,-89.684931
48.010278,-89.67979
48.011237,-89.676896
48.01151,-89.673798
48.010939,-89.671892
48.010162,-89.67162
48.008312,-89.669374
48.007421,-89.667128
48.0079,-89.664813
48.010618,-89.663212
48.009954,-89.657051
48.007532,-89.655793
48.004608,-89.653208
48.003625,-89.651065
48.003853,-89.649057
48.005132,-89.64783
48.006204,-89.645447
48.005906,-89.641465
48.003964,-89.639833
48.00378,-89.637995
48.0041,-89.63728
48.004945,-89.637177
48.006658,-89.637652
48.008166,-89.638774
48.009308,-89.637173
48.011517,-89.625087
48.01074,-89.620454
48.010947,-89.617867
48.012364,-89.616133
48.015495,-89.614161
48.017529,-89.611678
48.01778,-89.610351
48.016684,-89.609396
48.012482,-89.608507
48.009398,-89.60973
48.006566,-89.607821
48.004764,-89.601659
48.004332,-89.594749
48.001821,-89.588996
47.999885,-89.586
47.996314,-89.582117
47.995899,-89.581007
47.99802,-89.570671
48.00293,-89.564288
48.014528,-89.489226
48.005212,-89.491739
48.002356,-89.495344
47.99284097,-89.54152141
47.98730511,-89.55155514
47.98073129,-89.5529391
47.97484945,-89.55501505
47.96723765,-89.57231457
47.96619968,-89.58823015
47.971046,-89.59589
47.98073129,-89.61141152
47.98315322,-89.62455916
47.98003931,-89.63182497
47.97346548,-89.63701483
47.96792963,-89.64012875
47.959826,-89.639844
47.954275,-89.638285
47.95359,-89.639545
47.951216,-89.660616
47.941288,-89.697619
47.925245,-89.72973
47.918183,-89.737539
47.906993,-89.758714
47.891358,-89.793539
47.873997,-89.85396
47.874194,-89.87158
47.862062,-89.923649
47.857723,-89.930844
47.850825,-89.92752
47.84676,-89.933899
47.830514,-89.974296
47.821373,-90.01373
47.817568,-90.042761
47.811105,-90.072025
47.8077272,-90.07224094
47.80330282,-90.07555923
47.80361885,-90.08235383
47.803041,-90.08816
47.79538,-90.1168
47.79572,-90.132078
47.792807,-90.16079
47.786414,-90.178755
47.77813,-90.187636
47.776198,-90.229145
47.772763,-90.248794
47.759054,-90.295952
47.756627,-90.30634
47.756681,-90.313958
47.753771,-90.323446
47.750892,-90.330254
47.746387,-90.332686
47.7411,-90.386234
47.738271,-90.393823
47.73515,-90.42139
47.731612,-90.437712
47.726404,-90.441912
47.7214,-90.458365
47.703055,-90.537105
47.690266,-90.551291
47.68074,-90.584954
47.656176,-90.647837
47.643594,-90.686382
47.624343,-90.735927
47.5569,-90.86827
47.532873,-90.907494
47.530178,-90.910127
47.526215,-90.909801
47.522639,-90.914247
47.519784,-90.919375
47.519008,-90.927975
47.514532,-90.939072
47.464964,-91.023124
47.46496351,-91.02312471
47.458236,-91.032945
47.456525,-91.045646
47.428767,-91.077712
47.413888,-91.097569
47.411806,-91.106218
47.399619,-91.128131
47.393567,-91.131268
47.381464,-91.146958
47.378816,-91.156513
47.366266,-91.170037
47.340082,-91.188772
47.329182,-91.206248
47.304976,-91.238658
47.29049,-91.250163
47.27929,-91.262512
47.279479,-91.26595
47.277134,-91.270697
47.26596,-91.288478
47.238993,-91.326019
47.212686,-91.35385
47.206743,-91.357803
47.1978,-91.374191
47.187293,-91.387021
47.183916,-91.398455
47.172152,-91.418805
47.14515833,-91.452031
47.139156,-91.456965
47.125667,-91.477351
47.122579,-91.497902
47.118489,-91.506998
47.108121,-91.518793
47.089917,-91.573817
47.068684,-91.591508
47.063425,-91.600969
47.063309,-91.604949
47.059192,-91.613173
47.049953,-91.626824
47.040429,-91.637164
47.026491,-91.644564
47.019288,-91.660248
47.014297,-91.666477
47.005246,-91.704649
46.982853,-91.737098
46.951799,-91.7773
46.945881,-91.780675
46.93967572,-91.79403929
46.933727,-91.806851
46.927199,-91.826068
46.927135,-91.834852
46.925215,-91.841349
46.908352,-91.871286
46.905728,-91.883238
46.891236,-91.906483
46.883836,-91.914984
46.867037,-91.952985
46.849637,-91.985086
46.838737,-91.997987
46.833727,-92.013405
46.809938,-92.058888
46.804038,-92.062088
46.794339,-92.086089
46.787839,-92.094089
46.773639,-92.088289
46.745439,-92.06449
46.710839,-92.025789
46.706469,-92.01529
46.704039,-92.020289
46.70562352,-92.02471952
46.708939,-92.03399
46.74924,-92.08949
46.74914,-92.10819
46.74910507,-92.10877688
46.74889884,-92.11224154
46.74864,-92.11659
46.73954,-92.13789
46.73464,-92.14329
46.72814,-92.143391
46.72524,-92.141291
46.71849562,-92.14491701
46.71841766,-92.14495892
46.71594,-92.146291
46.71514,-92.148691
46.71594,-92.155191
46.719941,-92.167291
46.71968484,-92.16795512
46.71887842,-92.17004584
46.717241,-92.174291
46.716741,-92.178891
46.717541,-92.189091
46.716241,-92.191491
46.71595545,-92.1915938
46.7154831,-92.19176384
46.711241,-92.193291
46.707641,-92.197391
46.70621172,-92.20092215
46.70598545,-92.20148118
46.705941,-92.201591
46.70575092,-92.20190114
46.70543225,-92.20242106
46.704041,-92.204691