1728,Maine
43.53540534,-70.35339199
43.52919,-70.361214
43.507202,-70.379123
43.49604,-70.384885
43.487031,-70.385615
43.469674,-70.382928
43.46423,-70.380233
43.45508,-70.37223
43.442032,-70.349684
43.439077,-70.362015
43.434133,-70.370514
43.418839,-70.384949
43.41294,-70.383981
43.402607,-70.39089
43.39992712,-70.40003531
43.40126171,-70.40166648
43.400942,-70.406416
43.395777,-70.421282
43.38925361,-70.42767238
43.379656,-70.424421
43.375928,-70.424986
43.35648725,-70.44243751
43.34324977,-70.46071745
43.340246,-70.465975
43.343972,-70.472933
43.346391,-70.485312
43.344037,-70.517695
43.336771,-70.535244
43.321886,-70.553854
43.310614,-70.562779
43.270113,-70.585184
43.249295,-70.593907
43.23785103,-70.59102151
43.221859,-70.575787
43.217651,-70.576692
43.199858,-70.587814
43.163625,-70.618973
43.127603,-70.634455
43.122162,-70.634311
43.114182,-70.638355
43.098008,-70.655322
43.093164,-70.656223
43.076234,-70.665958
43.070314,-70.673114
43.059825,-70.703818
43.070989,-70.704696
43.073089,-70.705996
43.074989,-70.708896
43.074688,-70.720296
43.073288,-70.733497
43.073488,-70.737897
43.077388,-70.741897
43.079988,-70.756397
43.080888,-70.757597
43.089488,-70.762997
43.092688,-70.766398
43.093588,-70.767998
43.095887,-70.779098
43.100867,-70.78388
43.106712,-70.793906
43.117065,-70.808708
43.12258559,-70.81999916
43.122586,-70.82
43.127086,-70.8268
43.129086,-70.8281
43.132486,-70.8293
43.138386,-70.83
43.143286,-70.8329
43.146886,-70.8338
43.157886,-70.829101
43.166385,-70.827801
43.168985,-70.828301
43.172085,-70.826201
43.173285,-70.824001
43.174585,-70.823501
43.179685,-70.824801
43.186685,-70.828301
43.188685,-70.827901
43.189485,-70.827201
43.191075,-70.823754
43.191663,-70.820702
43.193036,-70.819344
43.195157,-70.819146
43.197629,-70.820366
43.19978,-70.820763
43.214604,-70.816903
43.21568,-70.816033
43.217252,-70.813119
43.224561,-70.80967
43.225407,-70.80964
43.228306,-70.811852
43.229053,-70.814019
43.229023,-70.815453
43.234997,-70.816232
43.237408,-70.817773
43.237911,-70.817865
43.240187,-70.822959
43.240343,-70.823309
43.24093,-70.825071
43.241301,-70.826711
43.241597,-70.828022
43.242868,-70.83365
43.242321,-70.837274
43.242931,-70.838678
43.248653,-70.841273
43.249699,-70.841059
43.250393,-70.839717
43.251224,-70.839213
43.254321,-70.843302
43.256808,-70.852015
43.255191,-70.855082
43.256286,-70.858207
43.257342,-70.859607
43.259763,-70.859853
43.263143,-70.861384
43.265098,-70.863231
43.265109,-70.86323
43.270152,-70.872585
43.272483,-70.881704
43.273183,-70.882804
43.277483,-70.883704
43.282783,-70.886504
43.284182,-70.890204
43.285282,-70.896304
43.291682,-70.906005
43.293582,-70.907405
43.296882,-70.903905
43.29876449,-70.90138978
43.30135794,-70.90038587
43.30487165,-70.90231004
43.30528994,-70.90448519
43.304782,-70.907405
43.306682,-70.909805
43.308289,-70.91246
43.309952,-70.911625
43.319821,-70.912004
43.319858,-70.915406
43.320279,-70.916421
43.324768,-70.923949
43.329569,-70.930783
43.331019,-70.931641
43.33456,-70.932198
43.33675989,-70.93273527
43.337367,-70.93711
43.334672,-70.951525
43.333257,-70.953034
43.334691,-70.956528
43.337776,-70.95786
43.341048,-70.960439
43.341888,-70.964028
43.343777,-70.967229
43.357969,-70.974863
43.362925,-70.974156
43.367272,-70.976408
43.373862,-70.981859
43.376128,-70.984335
43.376814,-70.984305
43.380023,-70.985965
43.38424,-70.985958
43.386745,-70.985205
43.389521,-70.987649
43.391513,-70.987733
43.393457,-70.98739
43.394808,-70.982876
43.39778,-70.982565
43.399312,-70.982817
43.40162,-70.985767
43.403541,-70.986677
43.411863,-70.987249
43.414264,-70.986812
43.419332,-70.982898
43.421954,-70.978052
43.423022,-70.97462
43.425606,-70.971039
43.429283,-70.968359
43.432731,-70.969362
43.434891,-70.968782
43.438321,-70.96115
43.440475,-70.961046
43.443039,-70.96164
43.447557,-70.96581
43.450458,-70.9669
43.453627,-70.966266
43.456752,-70.96399
43.466592,-70.96045
43.469696,-70.961428
43.473276,-70.964433
43.473262,-70.964542
43.472918,-70.966017
43.4739,-70.970946
43.47502,-70.972956
43.47742,-70.974245
43.480783,-70.967968
43.482635,-70.967404
43.483961,-70.968975
43.486201,-70.969572
43.491278,-70.966718
43.49775,-70.961948
43.499351,-70.959185
43.508041,-70.957958
43.509802,-70.954755
43.511357,-70.955386
43.512719,-70.956856
43.518797,-70.954045
43.52261,-70.954066
43.524216,-70.956787
43.524994,-70.957214
43.528743,-70.957046
43.531586,-70.95822
43.53431,-70.962556
43.535247,-70.963342
43.536756,-70.963531
43.538929,-70.963281
43.541032,-70.962182
43.54103608,-70.96215344
43.541925,-70.955928
43.54098,-70.955337
43.54088722,-70.95525201
43.551026,-70.950838
43.552238,-70.951876
43.552718,-70.953322
43.554239,-70.955017
43.559787,-70.95586
43.561358,-70.957234
43.562964,-70.961848
43.568856,-70.968546
43.568544,-70.970124
43.570255,-70.972716
43.625078,-70.975705
43.70096,-70.981946
43.701965,-70.981978
43.711865,-70.982238
43.715043,-70.982083
43.752983,-70.984901
43.79215361,-70.98903676
43.79244,-70.989067
43.839239,-70.989929
43.89624,-70.992653
43.916269,-70.992842
44.041099,-70.998444
44.092931,-71.001367
44.093205,-71.001335
44.245491,-71.008567
44.258443,-71.008764
44.258825,-71.008736
44.28477336,-71.0102644
44.301846,-71.01127
44.340784,-71.012749
44.378113,-71.015363
44.473737,-71.020773
44.500058,-71.022992
44.558149,-71.026655
44.655455,-71.031039
44.736498,-71.036705
44.755607,-71.037518
44.845039,-71.044646
44.93084,-71.052707
45.000049,-71.057861
45.004918,-71.059004
45.144037,-71.069387
45.180935,-71.0726
45.246912,-71.076914
45.305293,-71.084334
45.306232,-71.078407
45.307718,-71.073743
45.311353,-71.066197
45.313753,-71.059265
45.313043,-71.042485
45.311922,-71.03821
45.312652,-71.030565
45.314409,-71.021753
45.316761,-71.014268
45.319022,-71.00905
45.327819,-71.002563
45.328482,-71.0024
45.331545,-71.005087
45.334679,-71.011144
45.343297,-71.01292
45.34476,-71.012757
45.34725,-71.01081
45.345419,-71.004848
45.343658,-71.001771
45.338173,-70.99273
45.336277,-70.990233
45.334655,-70.989324
45.332188,-70.985595
45.332401,-70.967188
45.33453,-70.950824
45.331536,-70.949365
45.324336,-70.943887
45.320177,-70.939188
45.318462,-70.929923
45.313867,-70.921435
45.311924,-70.917904
45.296197,-70.912111
45.292746,-70.913732
45.287033,-70.918753
45.284953,-70.919951
45.279445,-70.9217
45.278873,-70.921474
45.274735,-70.915194
45.269316,-70.907978
45.258502,-70.898565
45.253107,-70.896627
45.244088,-70.898482
45.242031,-70.896898
45.239172,-70.892822
45.234873,-70.885029
45.23327,-70.878495
45.22916,-70.857042
45.234513,-70.84443
45.237555,-70.83877
45.238926,-70.8411
45.244707,-70.848319
45.256398,-70.849261
45.263325,-70.848554
45.265658,-70.84328
45.267144,-70.84108
45.269132,-70.839042
45.27514222,-70.83471407
45.279557,-70.831535
45.286941,-70.82979
45.290369,-70.829661
45.297777,-70.817099
45.29812,-70.816224
45.302006,-70.812338
45.311606,-70.808613
45.322464,-70.807058
45.325824,-70.808322
45.327744,-70.810266
45.328018,-70.813021
45.330554,-70.816585
45.332589,-70.818141
45.335057,-70.819049
45.340109,-70.819828
45.341435,-70.819471
45.356544,-70.81445
45.362647,-70.808712
45.363425,-70.807577
45.364247,-70.803848
45.364933,-70.802648
45.366556,-70.802745
45.376558,-70.806244
45.378118,-70.807664
45.383346,-70.812406
45.390522,-70.822268
45.391094,-70.824053
45.393265,-70.825156
45.398408,-70.826033
45.400305,-70.825612
45.411369,-70.812797
45.417975,-70.802216
45.424146,-70.798677
45.426706,-70.798028
45.428145,-70.795009
45.431159,-70.781471
45.428361,-70.755567
45.427789,-70.753977
45.421091,-70.744077
45.417182,-70.744787
45.411925,-70.743775
45.399359,-70.729972
45.39527,-70.722734
45.390611,-70.712286
45.392579,-70.692497
45.393243,-70.687307
45.395071,-70.684614
45.395208,-70.683543
45.394362,-70.677995
45.386039,-70.66116
45.378176,-70.660775
45.377901,-70.660029
45.377123,-70.651175
45.378675,-70.645952
45.383608,-70.634661
45.41634,-70.631354
45.427817,-70.635498
45.442771,-70.649739
45.446546,-70.662954
45.452399,-70.674903
45.45841,-70.681074
45.471233,-70.691762
45.479575,-70.70463
45.480877,-70.707945
45.487732,-70.717047
45.507606,-70.723167
45.510394,-70.723396
45.512772,-70.722845
45.515058,-70.721611
45.518488,-70.716606
45.529554,-70.702433
45.531543,-70.700613
45.549099,-70.687605
45.563981,-70.688214
45.565419,-70.685686
45.570677,-70.678462
45.58688,-70.659286
45.598147,-70.649578
45.599267,-70.650424
45.607083,-70.644687
45.610211,-70.635306
45.616379,-70.617198
45.626386,-70.606193
45.627165,-70.601275
45.629865,-70.592252
45.630551,-70.591275
45.65515,-70.564789
45.660591,-70.562019
45.661939,-70.563747
45.662693,-70.563779
45.666671,-70.5584
45.66782812,-70.55283091
45.667836,-70.552793
45.666715,-70.541415
45.666551,-70.525831
45.670001,-70.519537
45.671738,-70.51947
45.672286,-70.518948
45.679323,-70.510171
45.687021,-70.496603
45.701639,-70.469869
45.704432,-70.451503
45.704044,-70.446903
45.704387,-70.438878
45.707222,-70.430787
45.719834,-70.400404
45.728539,-70.390379
45.734869,-70.383552
45.749717,-70.388501
45.756255,-70.396133
45.75788,-70.401749
45.761813,-70.406548
45.786158,-70.415684
45.79377,-70.417641
45.79457,-70.417674
45.795279,-70.416922
45.797586,-70.408
45.797494,-70.406334
45.796259,-70.404275
45.795915,-70.401857
45.796235,-70.399634
45.798885,-70.395907
45.802703,-70.396362
45.80412,-70.398159
45.808486,-70.39662
45.819043,-70.387916
45.824639,-70.380752
45.834993,-70.36702
45.852192,-70.34244
45.853795,-70.329748
45.856448,-70.317154
45.85974,-70.306162
45.872034,-70.284204
45.887853,-70.262655
45.890755,-70.259117
45.902981,-70.253704
45.906524,-70.253897
45.918138,-70.25788
45.920311,-70.261055
45.919832,-70.262824
45.920152,-70.263315
45.923832,-70.263313
45.925203,-70.262198
45.933176,-70.252526
45.939095,-70.24092
45.940944,-70.240162
45.943729,-70.240177
45.955234,-70.252963
45.962692,-70.26541
45.964295,-70.274325
45.965211,-70.280814
45.963201,-70.289632
45.961856,-70.31297
45.963113,-70.31628
45.963456,-70.316936
45.96389,-70.31687
45.971544,-70.312055
45.98021,-70.309725
45.982541,-70.307463
45.985353,-70.301298
45.985969,-70.295986
45.99182,-70.287754
45.995384,-70.284571
45.995613,-70.284932
45.997397,-70.292868
45.998976,-70.303034
45.999479,-70.303625
46.01908,-70.317629
46.019492,-70.317596
46.041845,-70.293639
46.052196,-70.27965
46.057019,-70.278334
46.059671,-70.278169
46.060654,-70.27889
46.062758,-70.284176
46.062576,-70.287295
46.060679,-70.292845
46.061344,-70.306734
46.062464,-70.308967
46.064544,-70.310609
46.094325,-70.28978
46.098713,-70.284554
46.102298,-70.272689
46.100993,-70.266349
46.0996,-70.254021
46.100625,-70.252413
46.106221,-70.252411
46.108348,-70.255038
46.1102,-70.255069
46.117947,-70.251282
46.128794,-70.243629
46.142762,-70.239566
46.147378,-70.237947
46.150076,-70.240264
46.16935,-70.26626
46.172072,-70.271192
46.172485,-70.273594
46.175001,-70.278034
46.185838,-70.290896
46.191599,-70.292736
46.196991,-70.285526
46.209833,-70.272054
46.231452,-70.260645
46.235588,-70.258599
46.246444,-70.255492
46.254231,-70.254591
46.259075,-70.252906
46.267072,-70.248421
46.284428,-70.232682
46.295314,-70.214423
46.299865,-70.205719
46.31438,-70.203119
46.316505,-70.204373
46.319247,-70.207046
46.328961,-70.208733
46.331316,-70.207415
46.348072,-70.191412
46.349993,-70.188739
46.358472,-70.174709
46.359294,-70.171969
46.360984,-70.161337
46.358923,-70.148529
46.362669,-70.141164
46.368906,-70.133367
46.369384,-70.129734
46.371943,-70.127552
46.378747,-70.127542
46.381352,-70.125459
46.384233,-70.118597
46.38611,-70.11044
46.398435,-70.100177
46.399303,-70.100607
46.405017,-70.100413
46.40943,-70.096286
46.410666,-70.089248
46.410531,-70.080292
46.409389,-70.076128
46.415036,-70.057061
46.415561,-70.056433
46.41659,-70.056433
46.557217,-70.026521
46.57351174,-70.02336267
46.592166,-70.019747
46.69523,-69.997086
46.698564,-69.994248
46.742523,-69.95
46.750034,-69.943121
46.818027,-69.874513
46.87503,-69.818552
47.125032,-69.566383
47.250033,-69.439198
47.459686,-69.22442
47.457159,-69.219996
47.452203,-69.203886
47.45561,-69.181951
47.456615,-69.178412
47.451037,-69.164362
47.451035,-69.156074
47.44886,-69.146439
47.441881,-69.122404
47.435831,-69.108215
47.431217,-69.098511
47.430326,-69.097364
47.427013,-69.096756
47.423976,-69.082508
47.424068,-69.080656
47.43024,-69.066715
47.433052,-69.061192
47.432274,-69.055465
47.427634,-69.043947
47.426651,-69.042702
47.42217,-69.039301
47.407977,-69.036882
47.404068,-69.039138
47.401143,-69.042371
47.399269,-69.042002
47.39808,-69.04079
47.397326,-69.041733
47.397189,-69.043248
47.39191,-69.045403
47.389259,-69.044259
47.387841,-69.04288
47.386309,-69.039818
47.385052,-69.03928
47.383682,-69.043958
47.383934,-69.046448
47.377878,-69.053885
47.327568,-69.053284
47.315911,-69.054628
47.306471,-69.049118
47.299774,-69.051337
47.298289,-69.052614
47.294403,-69.052748
47.293078,-69.052278
47.292552,-69.050699
47.2915,-69.050094
47.284689,-69.04939
47.280575,-69.050465
47.276804,-69.049593
47.274243,-69.047846
47.267089,-69.047076
47.263044,-69.048083
47.262107,-69.049326
47.259821,-69.050367
47.25733,-69.050737
47.256621,-69.050334
47.2451,-69.0402
47.240984,-69.033456
47.240549,-69.030067
47.238353,-69.023826
47.230162,-69.004102
47.224564,-68.992641
47.219884,-68.981096
47.216687,-68.975089
47.21431,-68.972169
47.212712,-68.966433
47.205582,-68.96113
47.205491,-68.958414
47.206749,-68.95335
47.206087,-68.952511
47.20292,-68.951769
47.202476,-68.950397
47.202819,-68.948923
47.206386,-68.942484
47.202249,-68.93571
47.197266,-68.929808
47.196969,-68.92793
47.19786,-68.926421
47.197791,-68.924645
47.195048,-68.920253
47.189859,-68.919752
47.189333,-68.916869
47.186292,-68.909729
47.180919,-68.90524
47.178839,-68.902425
47.178519,-68.900985
47.181353,-68.89877
47.182883,-68.895685
47.182974,-68.893204
47.182241,-68.890154
47.183357,-68.88241
47.186601,-68.877914
47.188405,-68.874487
47.189252,-68.871096
47.18953,-68.862848
47.19095,-68.857519
47.193443,-68.85343
47.197558,-68.848505
47.204945,-68.83097
47.215461,-68.812157
47.216033,-68.803537
47.221605,-68.780557
47.22135,-68.769721
47.222331,-68.764487
47.226645,-68.752104
47.23108,-68.745241
47.235793,-68.73538
47.240919,-68.717867
47.240989,-68.713638
47.240327,-68.710919
47.238705,-68.70857
47.238066,-68.705314
47.243072,-68.693434
47.243987,-68.690414
47.244215,-68.687662
47.242626,-68.675913
47.236762,-68.664071
47.236327,-68.661957
47.237149,-68.658467
47.239479,-68.653902
47.239706,-68.648029
47.241394,-68.639
47.242392,-68.624964
47.243218,-68.619749
47.247497,-68.607906
47.249418,-68.604819
47.257698,-68.595427
47.259275,-68.594085
47.261218,-68.594053
47.263161,-68.595028
47.267868,-68.598657
47.269879,-68.598726
47.271731,-68.59688
47.274726,-68.592516
47.280052,-68.590605
47.281721,-68.588725
47.285493,-68.582984
47.287551,-68.578551
47.287049,-68.571094
47.28369,-68.560378
47.28225,-68.553896
47.282226,-68.551747
47.28298,-68.546641
47.285173,-68.539587
47.292644,-68.52907
47.294768,-68.523492
47.296092,-68.517982
47.296636,-68.507432
47.296337,-68.504006
47.294462,-68.496719
47.294099,-68.491075
47.29465,-68.486742
47.296893,-68.478983
47.297534,-68.474851
47.296804,-68.470282
47.294873,-68.46628
47.29228,-68.463964
47.286065,-68.460064
47.284625,-68.45825
47.282547,-68.448844
47.283484,-68.443235
47.28193,-68.432555
47.281954,-68.428861
47.283188,-68.425233
47.287803,-68.415861
47.288488,-68.41314
47.286652,-68.389863
47.286672,-68.383146
47.287561,-68.378678
47.28852,-68.376829
47.290065,-68.375848
47.292268,-68.375615
47.294257,-68.376319
47.295628,-68.376955
47.297412,-68.378667
47.301506,-68.384105
47.302923,-68.384943
47.305094,-68.384706
47.307813,-68.381746
47.309161,-68.381308
47.322303,-68.384622
47.326943,-68.384281
47.340242,-68.380334
47.343144,-68.378616
47.347508,-68.374487
47.351052,-68.370265
47.353797,-68.365728
47.355605,-68.361559
47.35707,-68.355171
47.359795,-68.336236
47.36023,-68.329879
47.359888,-68.323186
47.356233,-68.309933
47.355524,-68.303778
47.356095,-68.300718
47.359476,-68.292679
47.360207,-68.289315
47.360389,-68.284101
47.358604,-68.278284
47.354923,-68.272501
47.353733,-68.26971
47.352543,-68.265138
47.352514,-68.247987
47.354217,-68.240168
47.355035,-68.234604
47.353049,-68.227607
47.350787,-68.224646
47.349827,-68.224174
47.346696,-68.224139
47.344526,-68.222893
47.340847,-68.217712
47.339637,-68.214551
47.339112,-68.211222
47.33973,-68.204263
47.33941,-68.202346
47.32924,-68.176055
47.327752,-68.161333
47.32542,-68.15515
47.324162,-68.15357
47.321534,-68.152462
47.314038,-68.153509
47.311729,-68.153275
47.309878,-68.152302
47.304093,-68.145452
47.296068,-68.137059
47.29419,-68.128226
47.292155,-68.125407
47.288272,-68.121463
47.28729,-68.119682
47.276696,-68.092501
47.271921,-68.082896
47.26991,-68.080175
47.266666,-68.077521
47.262095,-68.076009
47.259764,-68.074061
47.256451,-68.061842
47.245678,-68.037335
47.24364,-68.033916
47.238036,-68.019724
47.234446,-68.016103
47.226444,-68.006314
47.217842,-67.998171
47.212042,-67.991871
47.211042,-67.990171
47.209342,-67.986071
47.207142,-67.97137
47.206342,-67.96907
47.202842,-67.96347
47.199542,-67.955669
47.196142,-67.952269
47.192442,-67.951269
47.185142,-67.950569
47.182542,-67.949369
47.177042,-67.944669
47.176142,-67.943069
47.171442,-67.939168
47.164843,-67.935868
47.154243,-67.925768
47.151243,-67.919767
47.148143,-67.910367
47.137643,-67.903366
47.135143,-67.901166
47.129943,-67.893266
47.128643,-67.892166
47.124678,-67.890026
47.118772,-67.889155
47.113401,-67.889193
47.111664,-67.888658
47.10732,-67.88565
47.105834,-67.883844
47.103913,-67.881302
47.102426,-67.878124
47.100896,-67.870367
47.099207,-67.864574
47.093455,-67.849008
47.087036,-67.83689
47.085551,-67.832373
47.084318,-67.823304
47.083518,-67.820828
47.081188,-67.816345
47.07609,-67.810716
47.07339,-67.804512
47.069871,-67.794446
47.067921,-67.790515
47.065744,-67.789761
47.062544,-67.789461
47.040544,-67.78966
47.025844,-67.78896
47.015444,-67.78956
47.003644,-67.78926
47.000044,-67.789766
46.880993,-67.78923
46.794868,-67.789799
46.765528,-67.78938
46.758219,-67.789284
46.601795,-67.788406
46.437576,-67.784509
46.279381,-67.782114
46.038452,-67.780438
46.004447,-67.780462
45.963948,-67.781378
45.943032,-67.781095
45.938163,-67.779984
45.934207,-67.777626
45.93407,-67.776873
45.935007,-67.774907
45.934823,-67.773564
45.925926,-67.75752
45.917898,-67.750422
45.914973,-67.751866
45.911684,-67.755701
45.909925,-67.759665
45.91043,-67.763725
45.909791,-67.765002
45.901997,-67.768709
45.898568,-67.767827
45.897951,-67.768745
45.89512,-67.779157
45.895167,-67.783314
45.895648,-67.785344
45.883718,-67.803318
45.882895,-67.803908
45.874043,-67.804724
45.869379,-67.803678
45.859961,-67.796514
45.851754,-67.78968
45.846517,-67.783108
45.843704,-67.777975
45.841348,-67.772056
45.839335,-67.769179
45.83403,-67.76503
45.829983,-67.763955
45.82852,-67.762812
45.82367,-67.755068
45.820315,-67.763767
45.818807,-67.765534
45.818533,-67.766842
45.81938,-67.772758
45.819222,-67.77763
45.818194,-67.780082
45.817622,-67.780507
45.816206,-67.780443
45.803546,-67.801989
45.794723,-67.806598
45.781624,-67.803626
45.76976,-67.805457
45.767497,-67.809083
45.755405,-67.806308
45.750559,-67.793083
45.731189,-67.781892
45.729274,-67.809833
45.696127,-67.803148
45.693705,-67.817892
45.68024072,-67.80548314
45.677886,-67.803313
45.677581,-67.768648
45.667791,-67.754245
45.663239,-67.73035
45.662522,-67.720401
45.662819,-67.719651
45.665243,-67.71799
45.667986,-67.718056
45.670384,-67.7236
45.678223,-67.730845
45.684233,-67.73372
45.688987,-67.734605
45.689012,-67.729908
45.688468,-67.727648
45.679372,-67.710464
45.673635,-67.706092
45.659738,-67.69797
45.650366,-67.692623
45.630959,-67.675417
45.624461,-67.666456
45.613597,-67.64581
45.616178,-67.640238
45.62322,-67.644206
45.624771,-67.639741
45.621409,-67.631762
45.606533,-67.606172
45.602493,-67.583341
45.594906,-67.561359
45.595066,-67.556931
45.59726,-67.556345
45.598059,-67.54612
45.595428,-67.534919
45.587925,-67.51858
45.587014,-67.499444
45.591488,-67.490923
45.594643,-67.488452
45.59694433,-67.48901833
45.598917,-67.491061
45.60118,-67.489793
45.604157,-67.476704
45.604665,-67.455406
45.60286,-67.449674
45.583773,-67.429716
45.579086,-67.425452
45.572153,-67.423646
45.550029,-67.420976
45.540795,-67.425399
45.540626,-67.428338
45.541207,-67.429057
45.54139,-67.43067
45.541023,-67.432236
45.535912,-67.434559
45.530781,-67.435275
45.528783,-67.435044
45.519996,-67.432207
45.511113,-67.420543
45.503515,-67.416416
45.502147,-67.416462
45.501985,-67.417417
45.505054,-67.420966
45.505863,-67.422649
45.505907,-67.424242
45.502917,-67.425674
45.501336,-67.427713
45.501592,-67.429681
45.504933,-67.449968
45.508691,-67.462882
45.505307,-67.470416
45.504279,-67.47091
45.500067,-67.470732
45.49724,-67.476855
45.493762,-67.488001
45.491013,-67.499445
45.489688,-67.503088
45.488522,-67.503771
45.485367,-67.503157
45.47805,-67.499767
45.473048,-67.494351
45.468024,-67.486907
45.460825,-67.482353
45.458288,-67.481929
45.456001,-67.484851
45.451955,-67.484328
45.43159,-67.4772
45.425328,-67.473366
45.423477,-67.471255
45.41596,-67.458495
45.407823,-67.448106
45.392965,-67.430001
45.37726,-67.418747
45.376026,-67.419007
45.374078,-67.421501
45.373461,-67.423773
45.37369,-67.427243
45.371862,-67.430097
45.370787,-67.431232
45.365438,-67.434281
45.361324,-67.433536
45.355471,-67.427797
45.348751,-67.430489
45.340133,-67.434996
45.334601,-67.442029
45.328246,-67.453469
45.32644,-67.456288
45.32564,-67.456676
45.323925,-67.456384
45.319628,-67.452268
45.316839,-67.452267
45.314256,-67.453336
45.300379,-67.460554
45.297223,-67.465833
45.29416,-67.466091
45.293817,-67.466479
45.289767,-67.47969
45.291412,-67.482315
45.291868,-67.484258
45.291433,-67.485683
45.290633,-67.486524
45.282653,-67.489464
45.281282,-67.489333
45.244097,-67.46357
45.242748,-67.462081
45.241926,-67.460236
45.241127,-67.453473
45.227047,-67.43998
45.222658,-67.437101
45.210039,-67.43141
45.199066,-67.429083
45.193213,-67.428889
45.179425,-67.407139
45.166944,-67.404658
45.164864,-67.40537
45.162852,-67.40537
45.159926,-67.404629
45.154114,-67.390579
45.152259,-67.383635
45.131782,-67.357117
45.129475,-67.353434
45.126392,-67.345585
45.125435,-67.340806
45.125594,-67.339869
45.131654,-67.329829
45.139403,-67.318462
45.144826,-67.305472
45.146672,-67.298209
45.147952,-67.296174
45.149666,-67.294881
45.153506,-67.294363
45.155267,-67.296979
45.157119,-67.301729
45.161348,-67.302568
45.168937,-67.299238
45.1704,-67.29591
45.17145,-67.291417
45.174491,-67.291707
45.176114,-67.293484
45.177966,-67.293742
45.187589,-67.290603
45.188663,-67.289794
45.192022,-67.283619
45.191081,-67.271076
45.187785,-67.261542
45.185132,-67.257795
45.180765,-67.246697
45.178274,-67.244012
45.17224,-67.242293
45.171167,-67.240643
45.168587,-67.233047
45.165549,-67.230201
45.163652,-67.227324
45.1637,-67.223156
45.171407,-67.203933
45.165876,-67.191167
45.164595,-67.16787
45.162879,-67.161247
45.162193,-67.159406
45.161004,-67.157919
45.146667,-67.145652
45.132168,-67.128935
45.112323,-67.112414
45.075458,-67.094735
45.068721,-67.090786
45.065786,-67.105899
45.05673,-67.117688
45.04501,-67.099749
45.029608,-67.082074
45.019254,-67.074914
45.008329,-67.072753
45.001014,-67.068274
44.986764,-67.05461
44.945433,-67.038299
44.939923,-67.033474
44.918836,-67.002118
44.917835,-66.990937
44.912557,-66.984466
44.903277,-66.983558
44.89715,-66.985901
44.89648,-66.989235
44.882551,-66.990351
44.862813,-66.981008
44.856963,-66.978142
44.849181,-66.99296
44.844654,-66.996523
44.820657,-66.986318
44.815495,-66.975009
44.819063,-66.966468
44.82007,-66.952112
44.817419,-66.949895
44.814539,-66.950569
44.807269,-66.961068
44.805713,-66.970026
44.808315,-66.97626
44.80736,-66.979708
44.79878,-66.989351
44.791073,-66.995154
44.771427,-67.01995
44.768199,-67.02615
44.765071,-67.04335
44.77144184,-67.05516009
44.7695425,-67.06223944
44.758238,-67.063308
44.741957,-67.073439
44.739899,-67.083477
44.7426928,-67.09254248
44.74131146,-67.09893116
44.717444,-67.103957
44.695421,-67.128792
44.693849,-67.139209
44.684114,-67.148061
44.66944,-67.155119
44.668114,-67.154479
44.662105,-67.169857
44.66369907,-67.1817848
44.66264979,-67.18661151
44.65551466,-67.19206778
44.64774995,-67.19143822
44.645533,-67.189427
44.63922,-67.213025
44.637201,-67.234275
44.64166411,-67.24726014
44.64082468,-67.25124742
44.62634456,-67.27412182
44.61795028,-67.27705981
44.610873,-67.273076
44.606782,-67.27916
44.599265,-67.293403
44.597323,-67.302427
44.598215,-67.314938
44.609394,-67.32297
44.612458,-67.322491
44.613212,-67.310745
44.634316,-67.293665
44.648455,-67.292462
44.654377,-67.298449
44.659316,-67.309627
44.69129526,-67.30790875
44.69675154,-67.30014405
44.70570491,-67.29917606
44.70745424,-67.30853832
44.69947968,-67.34778155
44.69905996,-67.35596597
44.68185171,-67.37674179
44.66947015,-67.38114879
44.66548287,-67.37905022
44.66296459,-67.37401366
44.65247174,-67.36729824
44.631825,-67.363158
44.624672,-67.368269
44.619757,-67.377554
44.62697413,-67.38660507
44.62655442,-67.38870363
44.61291373,-67.39583876
44.60263075,-67.39898661
44.59423647,-67.40549218
44.596954,-67.411815
44.60347017,-67.41892301
44.60787717,-67.42060187
44.60913631,-67.42836657
44.6057786,-67.44368612
44.60326032,-67.44746354
44.60032232,-67.44851283
44.59801389,-67.45774653
44.61795029,-67.4923729
44.62886286,-67.49363204
44.63683742,-67.50580373
44.63306,-67.52280214
44.62655443,-67.52406128
44.62193758,-67.5307767
44.62151787,-67.53392456
44.62634457,-67.54022026
44.62655443,-67.54336812
44.62193758,-67.55113282
44.61962915,-67.55239196
44.56065938,-67.5750565
44.556788,-67.569836
44.539435,-67.562321
44.531117,-67.568159
44.52540344,-67.64850637
44.52582315,-67.65312321
44.53589628,-67.65690064
44.53757513,-67.66067806
44.53715542,-67.68586088
44.53379771,-67.69635372
44.52792172,-67.70264944
44.51575001,-67.69887201
44.50483747,-67.70348886
44.49523781,-67.71418984
44.498524,-67.722876
44.496252,-67.733986
44.497418,-67.743353
44.506176,-67.742789
44.508944,-67.740076
44.52645273,-67.74294194
44.54366099,-67.75385448
44.54659898,-67.75889106
44.54827783,-67.76728533
44.54743841,-67.77400075
44.54366099,-67.77945702
44.53400757,-67.78197531
44.52057674,-67.78155559
44.520685,-67.79726
44.52393444,-67.80254128
44.52981043,-67.80547927
44.53694557,-67.80547927
44.54408071,-67.80883698
44.55751154,-67.82982267
44.55877068,-67.8398958
44.55625239,-67.84451265
44.55163555,-67.84577179
44.54282156,-67.84325351
44.52393444,-67.85668434
44.49749249,-67.85374635
44.49245593,-67.85122807
44.48490108,-67.85164778
44.478676,-67.855579
44.477576,-67.860994
44.471812,-67.866801
44.465272,-67.868774
44.456881,-67.868875
44.428695,-67.851764
44.424282,-67.851697
44.419434,-67.855108
44.42467217,-67.86885604
44.43558473,-67.87850945
44.43306644,-67.88732343
44.42635102,-67.88732343
44.409668,-67.892033
44.394078,-67.899571
44.41921589,-67.91166683
44.43012845,-67.91334568
44.43306644,-67.92132024
44.4318073,-67.92635681
44.4288693,-67.93055394
44.42131446,-67.92761594
44.411848,-67.931453
44.411187,-67.936531
44.41585818,-67.94734249
44.4162779,-67.95573677
44.41540843,-67.95708928
44.41250047,-67.96161276
44.39906963,-67.96161276
44.387034,-67.978876
44.386917,-67.985668
44.39990906,-67.99728839
44.40662449,-68.00064611
44.40956247,-68.00610238
44.40746392,-68.01071924
44.39697106,-68.01953322
44.390255,-68.01399
44.36045598,-68.03422322
44.3608757,-68.03967949
44.3579377,-68.04429635
44.35122228,-68.04471605
44.34366744,-68.0430372
44.33073,-68.049334
44.331988,-68.060356
44.335692,-68.067047
44.347925,-68.076066
44.37304739,-68.07787343
44.37640511,-68.08626771
44.37136854,-68.09004513
44.37094883,-68.09298312
44.385111,-68.103818
44.40158793,-68.11228995
44.42131445,-68.11270967
44.42928901,-68.11648709
44.44565787,-68.11984479
44.45950843,-68.11942508
44.46790269,-68.11522795
44.47503783,-68.11774623
44.47881525,-68.12320252
44.48238283,-68.1509036
44.47944484,-68.15929787
44.47734627,-68.16265559
44.47314911,-68.16307529
44.47021111,-68.17104985
44.47188996,-68.19455383
44.47860541,-68.18951727
44.48490111,-68.18993699
44.4874194,-68.19203556
44.49245596,-68.21386067
44.48699968,-68.22393378
44.47986454,-68.2272915
44.46433512,-68.22435351
44.4634957,-68.22939006
44.47105054,-68.24449976
44.48322226,-68.25247431
44.48406168,-68.26170802
44.47147026,-68.26800372
44.45971828,-68.27052201
44.451324,-68.28101485
44.44922544,-68.29822311
44.43789316,-68.29906254
44.4328566,-68.2948654
44.44041146,-68.26842344
44.43327632,-68.24743776
44.4299186,-68.24449976
44.4206849,-68.24366033
44.41774691,-68.24995603
44.41480891,-68.24995603
44.39046553,-68.21553952
44.39298381,-68.20966353
44.392365,-68.20354
44.386352,-68.196937
44.369145,-68.184532
44.343604,-68.174687
44.328397,-68.173608
44.306675,-68.191924
44.288578,-68.233435
44.2888948,-68.27513884
44.28385825,-68.28940912
44.2763034,-68.2982231
44.26664998,-68.29864281
44.2630354,-68.29764054
44.26172151,-68.29526544
44.24767303,-68.29081844
44.225101,-68.317588
44.222893,-68.339498
44.22950534,-68.34313246
44.237871,-68.365364
44.243311,-68.369759
44.247563,-68.377982
44.247066,-68.389848
44.252244,-68.401268
44.274612,-68.41965
44.284468,-68.421302
44.295102,-68.426107
44.298624,-68.430946
44.31260868,-68.43085256
44.32226209,-68.41196544
44.3256198,-68.40902745
44.32939722,-68.40986687
44.33611264,-68.42161887
44.33775426,-68.4214706
44.35625891,-68.40986687
44.35667862,-68.40608945
44.36394112,-68.39655173
44.36956104,-68.39551648
44.376191,-68.398035
44.39070968,-68.36756478
44.38893497,-68.36371957
44.38967444,-68.36031804
44.3923365,-68.35809965
44.40284712,-68.35908152
44.42368973,-68.37244524
44.43004912,-68.3791004
44.43093647,-68.38767818
44.42738705,-68.39093181
44.41806982,-68.39255863
44.397973,-68.416412
44.396411,-68.421783
44.3968,-68.427874
44.401534,-68.433901
44.42659434,-68.43255601
44.43913647,-68.42964769
44.44804321,-68.4392815
44.44949737,-68.44800647
44.4474979,-68.4550955
44.44331719,-68.46000329
44.43659169,-68.46382046
44.412141,-68.458849
44.398078,-68.464106
44.391081,-68.464262
44.38563885,-68.46107195
44.37850373,-68.46107195
44.37724459,-68.46610852
44.37808401,-68.47828022
44.38815715,-68.48331679
44.39739084,-68.4807985
44.40410627,-68.47282394
44.43264678,-68.48037879
44.43432566,-68.48541535
44.42970879,-68.49464905
44.41417938,-68.49968561
44.41166111,-68.5055616
44.41333996,-68.51452031
44.3990697,-68.52990501
44.39781056,-68.53452185
44.40368655,-68.55508782
44.40284712,-68.56096381
44.3990697,-68.56516095
44.39445284,-68.56642009
44.38521915,-68.56474124
44.37430659,-68.55928496
44.37178831,-68.55005126
44.35499976,-68.54543441
44.346256,-68.553873
44.333039,-68.563209
44.317603,-68.566936
44.313007,-68.566203
44.308022,-68.564005
44.300819,-68.556236
44.299902,-68.538595
44.290388,-68.531532
44.28634,-68.532266
44.276117,-68.528611
44.265046,-68.519516
44.260209,-68.519819
44.249594,-68.529802
44.241263,-68.528153
44.235819,-68.52348
44.2275537,-68.52530198
44.22933093,-68.53459534
44.23653403,-68.55080232
44.23833481,-68.55116247
44.24805899,-68.56268744
44.25274101,-68.57277177
44.27471047,-68.60338495
44.27543078,-68.61563022
44.28047293,-68.62607472
44.28443465,-68.62751535
44.28623542,-68.63003642
44.29920101,-68.68297922
44.321591,-68.725657
44.328388,-68.733004
44.331148,-68.746164
44.329597,-68.762021
44.327015,-68.766197
44.320523,-68.771489
44.30786,-68.795063
44.31216,-68.827197
44.316549,-68.828377
44.334547,-68.825419
44.349594,-68.821311
44.353093,-68.817647
44.362194,-68.814811
44.375077,-68.818703
44.40894,-68.821767
44.42808,-68.815325
44.434803,-68.801634
44.462611,-68.785898
44.473879,-68.783679
44.47143719,-68.79620619
44.468737,-68.810059
44.462242,-68.829153
44.444923,-68.858993
44.428112,-68.880271
44.430676,-68.886491
44.437995,-68.890826
44.443415,-68.8928
44.445075,-68.892073
44.450643,-68.897104
44.452062,-68.900934
44.448039,-68.927452
44.43869,-68.931934
44.429108,-68.946582
44.426195,-68.982449
44.415033,-68.990767
44.396879,-68.984404
44.38634,-68.978815
44.381106,-68.9673
44.375076,-68.961111
44.355882,-68.948164
44.32405,-68.954465
44.314353,-68.958889
44.296327,-68.979005
44.294582,-69.003682
44.274071,-69.005071
44.257086,-69.017051
44.2491392,-69.02859007
44.248558,-69.029434
44.233673,-69.040193
44.225029,-69.043599
44.215173,-69.042807
44.19592,-69.05181
44.171542,-69.054546
44.165498,-69.06124
44.165043,-69.077776
44.160953,-69.079835
44.156768,-69.080978
44.143962,-69.079608
44.129991,-69.075667
44.117824,-69.080331
44.104529,-69.100863
44.093601,-69.101107
44.085734,-69.092
44.085326,-69.089078
44.090634,-69.076452
44.095162,-69.056303
44.094888,-69.050814
44.092164,-69.043403
44.079036,-69.031878
44.062506,-69.048917
44.063152,-69.050566
44.06801711,-69.05062201
44.06948997,-69.05609264
44.06991079,-69.06429858
44.0675963,-69.06787552
44.055256,-69.079805
44.04613462,-69.07376696
44.04129522,-69.08113127
44.03898073,-69.0941766
44.02888111,-69.11311337
44.01962313,-69.12573789
44.01730864,-69.12805238
44.00741943,-69.12447544
43.99858227,-69.14888284
43.99900309,-69.1625594
43.99563655,-69.17034452
43.97554252,-69.19380508
43.96754699,-69.19780284
43.95976188,-69.19380508
43.9505039,-69.19632998
43.941806,-69.203668
43.935583,-69.214205
43.931596,-69.237368
43.925465,-69.24271
43.92142662,-69.2598384
43.93339334,-69.26525729
43.94366665,-69.26751516
43.95743967,-69.28049792
43.9585686,-69.28399762
43.95766545,-69.28851336
43.943451,-69.307776
43.942951,-69.31427
43.94486989,-69.31975082
43.95667551,-69.30517598
43.9620682,-69.3043015
43.97431106,-69.33141069
43.97474831,-69.35196121
43.964755,-69.366702
43.96458447,-69.37547798
43.96434,-69.388059
43.971804,-69.398455
43.938261,-69.421072
43.922871,-69.423323
43.915507,-69.423324
43.909767,-69.440913
43.903316,-69.459637
43.88028,-69.483498
43.869118,-69.486243
43.837673,-69.50329
43.831298,-69.514889
43.837222,-69.516212
43.84479,-69.513267
43.86849773,-69.52030059
43.8756394,-69.52467304
43.88161508,-69.54391182
43.88001185,-69.54945027
43.87797137,-69.55090775
43.87257868,-69.55061625
43.861241,-69.545028
43.841347,-69.552606
43.84065979,-69.5581223
43.84444924,-69.56832468
43.844012,-69.57269713
43.84197151,-69.57546636
43.82331573,-69.57852707
43.81836,-69.588551
43.81355058,-69.60417879
43.81486232,-69.60592777
43.82579344,-69.60461603
43.82550195,-69.5984946
43.83089464,-69.59237317
43.85129941,-69.5891667
43.85887832,-69.59470514
43.85800383,-69.60461603
43.84503222,-69.61321519
43.83745331,-69.61306944
43.83162337,-69.61510991
43.82681368,-69.6210856
43.83701607,-69.63026775
43.843429,-69.62968475
43.84590671,-69.63493169
43.83628732,-69.64979803
43.81719429,-69.65315024
43.80378544,-69.65081826
43.79103,-69.653337
43.791033,-69.664922
43.816328,-69.685473
43.8205465,-69.68557926
43.82433595,-69.69242944
43.8250647,-69.69723913
43.82491791,-69.69785772
43.82302422,-69.70583828
43.810264,-69.714873
43.801047,-69.717804
43.792403,-69.717074
43.786685,-69.719723
43.75594,-69.752801
43.7570002,-69.76158704
43.75539697,-69.78009709
43.75379373,-69.78242906
43.75117027,-69.78228331
43.74708931,-69.77849386
43.74461159,-69.77834811
43.721125,-69.835323
43.70514,-69.838689
43.703581,-69.851297
43.704746,-69.855081
43.72391531,-69.85792672
43.73266022,-69.85559475
43.74053062,-69.85894696
43.742701,-69.868673
43.758962,-69.862155
43.77565598,-69.86973235
43.778035,-69.884066
43.7770524,-69.88739029
43.77239,-69.903164
43.775112,-69.915593
43.78017418,-69.92701146
43.765948,-69.948539
43.7688058,-69.95324616
43.76778556,-69.95805586
43.750801,-69.982574
43.743227,-69.989131
43.728451,-69.994479
43.726852,-69.992396
43.724793,-69.992615
43.717666,-70.001645
43.7170651,-70.00695446
43.72755897,-70.00520549
43.73338891,-70.00112454
43.74038484,-69.99879257
43.74446579,-70.00170752
43.73805287,-70.04135108
43.74504879,-70.0407681
43.75904063,-70.03435517
43.7695345,-70.02561026
43.78760732,-70.00520549
43.79868418,-69.99820957
43.80509712,-69.99937555
43.81209302,-70.0028735
43.81092706,-70.01103543
43.82258692,-70.02619324
43.82899984,-70.02619324
43.83424678,-70.02327827
43.84415768,-70.00695446
43.84823863,-70.0028735
43.85290259,-70.0028735
43.85931549,-70.00986943
43.8587325,-70.01919732
43.84998762,-70.03202319
43.82841684,-70.05359396
43.82142094,-70.05301096
43.81325901,-70.06467082
43.81967195,-70.0664198
43.81967195,-70.08099463
43.80917805,-70.10722934
43.79168825,-70.14279195
43.78119438,-70.15386882
43.77478146,-70.15386882
43.76078961,-70.17602257
43.76487056,-70.17777154
43.77361547,-70.17252461
43.77711343,-70.17543958
43.77186649,-70.19001442
43.76603656,-70.19467836
43.75321069,-70.19759333
43.74563178,-70.19409536
43.74213381,-70.19467836
43.71998007,-70.2179981
43.71589912,-70.21916409
43.70773721,-70.21566614
43.70482225,-70.21683211
43.70190728,-70.22790899
43.70482225,-70.23198995
43.68325148,-70.25181172
43.67683855,-70.2541437
43.67501004,-70.25296104
43.67197317,-70.24732114
43.66954367,-70.24228861
43.6659862,-70.23951205
43.66468469,-70.24011942
43.6632964,-70.24194154
43.65913155,-70.2409871
43.6390227,-70.22298953
43.625765,-70.211204
43.596717,-70.217087
43.590445,-70.214369
43.586515,-70.20112
43.565146,-70.196911
43.557627,-70.206123
43.556874,-70.216782
43.562149,-70.219784
43.561118,-70.231963
43.551849,-70.244331
43.553687,-70.261917
43.56261579,-70.2724966
43.550589,-70.299184
43.544315,-70.307764
43.540484,-70.341793
43.53585496,-70.35282615
43.53540534,-70.35339199