2250,Missouri
36.337746,-89.560439
36.342357,-89.581636
36.342985,-89.600544
36.342234,-89.605668
36.340442,-89.610689
36.336085,-89.615841
36.329546,-89.6198
36.323006,-89.620255
36.320726,-89.619242
36.309088,-89.611819
36.296814,-89.58982
36.29334,-89.584337
36.288317,-89.578492
36.277751,-89.554289
36.27875,-89.549219
36.280439,-89.546577
36.280458,-89.544797
36.277368,-89.539487
36.275279,-89.537675
36.270541,-89.535529
36.261802,-89.534507
36.252576,-89.534745
36.248821,-89.539229
36.247891,-89.541621
36.247484,-89.544743
36.2482,-89.548952
36.250341,-89.553563
36.251037,-89.557991
36.250909,-89.562206
36.250067,-89.564997
36.243843,-89.573928
36.242262,-89.577544
36.239484,-89.587326
36.238106,-89.602374
36.238328,-89.60651
36.239271,-89.611145
36.243305,-89.624416
36.248079,-89.63679
36.249486,-89.642182
36.250692,-89.652518
36.248284,-89.678046
36.249507,-89.686229
36.252079,-89.691308
36.252766,-89.695235
36.250591,-89.698568
36.248384,-89.699817
36.243412,-89.703511
36.239898,-89.705328
36.238136,-89.705545
36.236568,-89.70525
36.235468,-89.704459
36.230821,-89.699677
36.224959,-89.69263
36.215911,-89.679548
36.20652,-89.664144
36.20153,-89.654876
36.194101,-89.64479
36.188951,-89.636893
36.185382,-89.629452
36.183128,-89.623804
36.179966,-89.618228
36.171179,-89.607004
36.164558,-89.600871
36.155457,-89.594397
36.15012,-89.592206
36.144096,-89.591605
36.135637,-89.592102
36.129699,-89.59307
36.12719,-89.594
36.121778,-89.598946
36.11947,-89.601936
36.113816,-89.615128
36.108131,-89.625078
36.106853,-89.628305
36.10362,-89.64302
36.099128,-89.657709
36.095802,-89.666598
36.091837,-89.672463
36.084636,-89.678821
36.082494,-89.680029
36.072336,-89.681946
36.051719,-89.684439
36.034048,-89.687254
36.029238,-89.688577
36.020507,-89.692437
36.00804,-89.703571
36.005018,-89.705677
36.000981,-89.706932
36.000608,-89.733095
36.000522,-89.737564
36.000567,-89.737648
36.000536,-89.769973
36.000524,-89.770255
35.99964,-89.86901
35.999575,-89.87459
35.999578,-89.875085
35.999562,-89.875586
35.999432,-89.896508
35.999365,-89.901183
35.99902001,-89.95937534
35.99902,-89.959377
35.99902,-89.959893
35.999135,-89.961075
35.998813,-89.965327
35.998994,-89.972563
35.998143,-90.103842
35.997596,-90.12635
35.997635,-90.127331
35.997375,-90.158812
35.996419,-90.2888
35.9964181,-90.28894705
35.996397,-90.292376
35.996033,-90.339434
35.995895,-90.342616
35.995812,-90.368718
35.995683,-90.37789
36.013625,-90.36443
36.01825,-90.35739
36.025347,-90.351732
36.02688,-90.35131
36.028436,-90.351818
36.031572,-90.350974
36.035074,-90.348297
36.040131,-90.34909
36.041939,-90.347908
36.047112,-90.339343
36.047754,-90.337146
36.061714,-90.335466
36.067504,-90.333261
36.071326,-90.320746
36.075514,-90.318491
36.076658,-90.318378
36.079313,-90.318745
36.081234,-90.32007
36.087138,-90.320662
36.089976,-90.319168
36.094507,-90.312373
36.094758,-90.306255
36.098236,-90.29991
36.103201,-90.297991
36.104826,-90.297878
36.106748,-90.298413
36.112949,-90.294492
36.114368,-90.293109
36.117406,-90.278724
36.11809,-90.272378
36.120559,-90.266256
36.127409,-90.260645
36.127591,-90.258755
36.127086,-90.255596
36.127383,-90.253198
36.129835,-90.248808
36.132857,-90.245961
36.136502,-90.244317
36.137321,-90.240887
36.139474,-90.235585
36.147348,-90.231386
36.153868,-90.231445
36.159153,-90.23537
36.167072,-90.230324
36.169246,-90.231284
36.17364,-90.229339
36.184764,-90.220425
36.184582,-90.21574
36.183232,-90.213509
36.183392,-90.21128
36.18694,-90.204449
36.192181,-90.200582
36.193187,-90.201712
36.19607,-90.201655
36.196848,-90.199905
36.196002,-90.197167
36.200257,-90.195247
36.200692,-90.194259
36.20044,-90.193017
36.20136423,-90.19041547
36.201493,-90.190053
36.20536,-90.188189
36.204674,-90.18579
36.205108,-90.182853
36.208262,-90.179695
36.210301,-90.173281
36.21332,-90.167745
36.215767,-90.161166
36.215424,-90.159415
36.213821,-90.157383
36.213706,-90.15614
36.215582,-90.152497
36.219174,-90.151422
36.227522,-90.14224
36.227245,-90.138089
36.226397,-90.134785
36.226442,-90.132356
36.229367,-90.126366
36.233787,-90.124673
36.235549,-90.12466
36.236347,-90.127264
36.240307,-90.130114
36.242092,-90.130565
36.243235,-90.129716
36.243416,-90.125958
36.244198,-90.124476
36.253491,-90.118219
36.265595,-90.114922
36.266557,-90.112945
36.26697,-90.110317
36.266835,-90.105231
36.268988,-90.100175
36.271256,-90.091247
36.271531,-90.086471
36.272332,-90.083731
36.281485,-90.075934
36.288349,-90.0778
36.29471,-90.070085
36.303038,-90.06398
36.313152,-90.069266
36.319237,-90.076504
36.319329,-90.077296
36.318414,-90.079077
36.318619,-90.079981
36.322097,-90.081961
36.325644,-90.081425
36.327977,-90.07888
36.330791,-90.076986
36.33404,-90.075572
36.335184,-90.075884
36.336511,-90.078231
36.341339,-90.077185
36.341774,-90.075064
36.342895,-90.074074
36.344794,-90.074668
36.348478,-90.077695
36.349484,-90.077723
36.350148,-90.075376
36.356097,-90.070653
36.3593,-90.066297
36.372982,-90.063891
36.382085,-90.064514
36.38866,-90.068907
36.393007,-90.072897
36.393304,-90.074227
36.395867,-90.076689
36.399116,-90.078671
36.400763,-90.080426
36.403963,-90.094353
36.40472,-90.103644
36.404073,-90.109495
36.406039,-90.114677
36.408235,-90.115839
36.410931,-90.121445
36.411659,-90.128719
36.415069,-90.131038
36.413721,-90.135002
36.413952,-90.138512
36.414547,-90.138653
36.415346,-90.136218
36.416902,-90.134915
36.422827,-90.134231
36.42324,-90.134797
36.422897,-90.13559
36.421205,-90.137771
36.421457,-90.139499
36.424433,-90.143743
36.425806,-90.144139
36.428483,-90.143798
36.43116,-90.14272
36.431273,-90.139039
36.431913,-90.137565
36.436602,-90.134136
36.437906,-90.133993
36.442941,-90.136029
36.455411,-90.137323
36.457883,-90.140041
36.459874,-90.141399
36.460766,-90.141568
36.4617906,-90.14110099
36.46299277,-90.14153034
36.46342212,-90.14247491
36.46367973,-90.14316186
36.46325038,-90.14384882
36.462789,-90.14462
36.463555,-90.155804
36.466103,-90.1557
36.47093,-90.152888
36.46951996,-90.14632713
36.470554,-90.142222
36.472138,-90.142269
36.476029,-90.143683
36.47651,-90.145382
36.476168,-90.148329
36.479558,-90.158838
36.480084,-90.159376
36.481343,-90.15946
36.484317,-90.157136
36.48583413,-90.15930538
36.487609,-90.159462
36.487748,-90.156369
36.490385,-90.155997
36.491574,-90.158568
36.4924461,-90.15930538
36.49373415,-90.15904777
36.494223,-90.157358
36.49364828,-90.15501189
36.495344,-90.153871
36.496832,-90.154409
36.497952,-90.152481
36.497823,-90.193943
36.497797,-90.217323
36.497858,-90.220702
36.49785768,-90.22073199
36.497771,-90.228943
36.498213,-90.339892
36.498368,-90.494575
36.498371,-90.495027
36.498399,-90.50016
36.498446,-90.576112
36.49844637,-90.57617956
36.498497,-90.585342
36.498459,-90.5943
36.498459,-90.60545
36.498559,-90.612554
36.498447,-90.648494
36.498488,-90.653246
36.49851,-90.693005
36.498318,-90.711226
36.498494,-90.765672
36.498523,-90.782454
36.49852372,-90.78439824
36.498548,-90.850434
36.498074,-90.873775
36.498313,-90.876567
36.498423,-90.876867
36.498378,-90.87922
36.498426,-90.960648
36.498418,-90.963063
36.49827,-91.008558
36.498062,-91.017974
36.49787,-91.09588
36.497893,-91.096277
36.497712,-91.126529
36.497511,-91.21736
36.497564,-91.218645
36.497617,-91.227398
36.49712,-91.404915
36.497165,-91.405141
36.497112,-91.407137
36.497123,-91.407261
36.497262,-91.433298
36.497377,-91.436502
36.497469,-91.446284
36.49756177,-91.45000435
36.498812,-91.50014
36.499022,-91.529774
36.499156,-91.53687
36.499116,-91.539359
36.499161,-91.549163
36.499162,-91.596213
36.499343,-91.601317
36.499198,-91.631439
36.499335,-91.64259
36.499463,-91.672343
36.499374,-91.686026
36.499397,-91.687615
36.499209,-91.726663
36.499114,-91.766111
36.499074,-91.784713
36.498952,-91.7995
36.498963,-91.80204
36.498987,-91.805981
36.498789,-91.864385
36.498783,-91.865995
36.498431,-91.985802
36.498498,-91.988751
36.498524,-92.019375
36.498642,-92.028847
36.49867,-92.055789
36.49867,-92.057178
36.498761,-92.074934
36.498803,-92.098356
36.498864,-92.120306
36.49886301,-92.12041498
36.498706,-92.137741
36.49863372,-92.15029514
36.498351,-92.199396
36.498395,-92.211449
36.498372,-92.214143
36.498417,-92.216412
36.497894,-92.309424
36.497711,-92.318415
36.497787,-92.350277
36.497199,-92.375159
36.497845,-92.384927
36.497914,-92.420383
36.498526,-92.444129
36.498738,-92.516836
36.49860886,-92.5291281
36.49824,-92.564238
36.497772,-92.772333
36.49777204,-92.77234068
36.498079,-92.838621
36.498033,-92.838876
36.49798263,-92.85404947
36.49785,-92.894001
36.497867,-92.894336
36.49812965,-93.01374158
36.49825,-93.068455
36.498242,-93.069512
36.498239,-93.087635
36.498184,-93.088988
36.497851,-93.125969
36.49835147,-93.2961167
36.49840796,-93.31532441
36.498408,-93.315337
36.498519,-93.394718
36.498669,-93.396079
36.498585,-93.426989
36.498911,-93.507408
36.498881,-93.514512
36.498896,-93.584281
36.498896,-93.584282
36.499135,-93.700171
36.499179,-93.709956
36.499178,-93.718893
36.499055,-93.727552
36.499037,-93.728022
36.49878851,-93.8667581
36.498718,-93.906128
36.498718,-93.92184
36.498717,-93.95919
36.498717,-93.96392
36.49873,-94.077089
36.498676,-94.098588
36.49867,-94.100252
36.498587,-94.110673
36.498597,-94.111473
36.4996,-94.361203
36.499214,-94.519478
36.499496,-94.55929
36.499414,-94.617919
36.514999,-94.617877
36.517799,-94.617883
36.53428,-94.617997
36.53609,-94.617868
36.536983,-94.617897
36.577732,-94.617814
36.59912,-94.617853
36.606851,-94.617865
36.612604,-94.617815
36.66792121,-94.61801942
36.66943,-94.618025
36.701423,-94.61813
36.76656,-94.618307
36.84732,-94.61838
36.880064,-94.618658
36.897027,-94.618243
36.911472,-94.618282
36.926236,-94.618207
36.929647,-94.618295
36.937584,-94.618166
36.946564,-94.618109
36.950158,-94.618026
36.994704,-94.618031
36.996208,-94.618049
36.998135,-94.61808
37.009016,-94.617995
37.040537,-94.617965
37.05679714,-94.617875
37.056798,-94.617875
37.075077,-94.617982
37.085934,-94.61812
37.086432,-94.618082
37.093494,-94.61809
37.093671,-94.618088
37.096676,-94.618059
37.103968,-94.618151
37.113169,-94.618212
37.129755,-94.618075
37.132345,-94.618072
37.160211,-94.618351
37.174782,-94.618473
37.181184,-94.618505
37.188774,-94.618319
37.207337,-94.618305
37.207772,-94.618219
37.228121,-94.61815
37.229334,-94.618123
37.237597,-94.618158
37.240436,-94.618075
37.323589,-94.617648
37.336842,-94.617695
37.33841478,-94.61763608
37.338417,-94.617636
37.3641671,-94.61753772
37.364355,-94.617537
37.367445,-94.617626
37.367576,-94.617625
37.396375,-94.617557
37.410909,-94.617511
37.425536,-94.617265
37.439818,-94.617132
37.454788,-94.617201
37.460373,-94.617205
37.460476,-94.617222
37.465203,-94.61718
37.469665,-94.617183
37.483765,-94.617023
37.52151,-94.616789
37.527804,-94.616908
37.553485,-94.617186
37.557308,-94.61716
37.567013,-94.617081
37.571499,-94.617315
37.571896,-94.617283
37.609522,-94.617428
37.610495,-94.6173
37.63717,-94.617477
37.65357658,-94.61757543
37.653671,-94.617576
37.67310537,-94.61773382
37.673127,-94.617734
37.682214,-94.617885
37.686653,-94.617687
37.687671,-94.617651
37.690178,-94.617805
37.722176,-94.617975
37.729707,-94.617808
37.77297,-94.617721
37.819456,-94.616862
37.83756,-94.61645
37.845282,-94.616426
37.863126,-94.616
37.87251,-94.615834
37.878331,-94.615921
37.886843,-94.615706
37.901775,-94.615469
37.906392,-94.615393
37.915944,-94.615181
37.9342,-94.614778
37.9367,-94.614835
37.940769,-94.614754
37.944362,-94.614612
37.949978,-94.614594
37.951517,-94.614562
37.971037,-94.614557
37.987799,-94.614465
37.992462,-94.614212
38.036949,-94.613981
38.03705734,-94.61398135
38.06005586,-94.6140549
38.060088,-94.614055
38.065901,-94.614089
38.067343,-94.614061
38.149769,-94.613856
38.160633,-94.613748
38.167908,-94.613422
38.190552,-94.613073
38.200714,-94.612848
38.203918,-94.612822
38.217649,-94.612658
38.219251,-94.612659
38.226987,-94.612635
38.237766,-94.612614
38.270394,-94.612692
38.289914,-94.612849
38.291423,-94.612844
38.302527,-94.612673
38.314832,-94.612673
38.320142,-94.612788
38.324387,-94.612825
38.335801,-94.613
38.364407,-94.613312
38.369618,-94.613329
38.38871837,-94.6132754
38.392426,-94.613265
38.403422,-94.613365
38.477571,-94.612866
38.47760235,-94.61286505
38.483154,-94.612696
38.484367,-94.612726
38.491644,-94.612644
38.547917,-94.612272
38.549817,-94.612157
38.576546,-94.612176
38.58011,-94.611902
38.580139,-94.611887
38.609272,-94.611908
38.620485,-94.611858
38.625011,-94.611465
38.635384,-94.611602
38.73810184,-94.60950894
38.7407,-94.609456
38.74244,-94.609399
38.76061058,-94.60903942
38.811064,-94.608041
38.82756,-94.607625
38.847207,-94.608033
38.855007,-94.608033
38.861207,-94.608033
38.867271,-94.607993
38.868107,-94.608033
38.869207,-94.608033
38.883807,-94.608033
38.93687,-94.607978
38.937398,-94.607866
38.940006,-94.608134
38.942006,-94.608134
38.981806,-94.608334
39.04408575,-94.60751744
39.065704,-94.607234
39.081704,-94.607334
39.089604,-94.607234
39.113444,-94.607354
39.119404,-94.607034
39.122204,-94.605734
39.128503,-94.600434
39.135903,-94.592533
39.140403,-94.589933
39.155003,-94.591933
39.157703,-94.596033
39.159603,-94.601733
39.160503,-94.608834
39.160003,-94.615834
39.156603,-94.623934
39.153103,-94.640035
39.154103,-94.650735
39.157603,-94.662435
39.168051,-94.660315
39.179103,-94.663835
39.182003,-94.669135
39.184303,-94.680336
39.183503,-94.687236
39.178563,-94.696332
39.170403,-94.714137
39.169003,-94.723637
39.169203,-94.736537
39.170203,-94.741938
39.173203,-94.752338
39.179903,-94.763138
39.190002,-94.770338
39.200602,-94.775538
39.20060859,-94.77554319
39.203522,-94.777838
39.206146,-94.781518
39.207154,-94.783838
39.207666,-94.787343
39.206018,-94.799663
39.206594,-94.811663
39.208626,-94.820687
39.209874,-94.823791
39.215938,-94.831679
39.217794,-94.833552
39.220658,-94.835056
39.223842,-94.834896
39.234001,-94.827791
39.238289,-94.826111
39.241729,-94.825663
39.249889,-94.827487
39.256273,-94.831471
39.262417,-94.837855
39.268481,-94.84632
39.273825,-94.857072
39.277841,-94.867568
39.281136,-94.87832
39.283328,-94.882576
39.28648,-94.887056
39.294208,-94.895217
39.300192,-94.900049
39.306272,-94.903137
39.311952,-94.905329
39.323663,-94.908065
39.348335,-94.910641
39.352543,-94.910017
39.354255,-94.909409
39.356735,-94.907297
39.360383,-94.902497
39.362431,-94.899024
39.363135,-94.896832
39.364031,-94.890928
39.366911,-94.885216
39.370383,-94.88136
39.375703,-94.879088
39.37978,-94.879281
39.383899,-94.880979
39.389801,-94.885026
39.392432,-94.888972
39.393313,-94.891845
39.393565,-94.894979
39.392798,-94.901823
39.388865,-94.909581
39.386348,-94.915859
39.385174,-94.919225
39.384492,-94.92311
39.385546,-94.933652
39.386531,-94.937158
39.38795,-94.939697
39.389499,-94.942039
39.393851,-94.945577
39.395648,-94.946227
39.399717,-94.946662
39.405646,-94.946293
39.408604,-94.947864
39.411707,-94.951209
39.413844,-94.954817
39.417288,-94.966066
39.4190729,-94.96884862
39.421705,-94.972952
39.426701,-94.976606
39.436241,-94.978798
39.440552,-94.982144
39.446192,-94.990172
39.448174,-94.995768
39.452809,-95.015825
39.458287,-95.028498
39.460876,-95.033408
39.463689,-95.0375
39.466387,-95.04078
39.472459,-95.045716
39.474971,-95.047133
39.48042,-95.04837
39.494415,-95.049845
39.497514,-95.050552
39.499996,-95.052177
39.503972,-95.05638
39.506143,-95.059461
39.513552,-95.077441
39.516712,-95.082714
39.524241,-95.092704
39.533347,-95.102888
39.537657,-95.106596
39.542285,-95.109304
39.553941,-95.113557
39.559133,-95.113077
39.573843,-95.107454
39.575252,-95.106406
39.577783,-95.103228
39.579691,-95.099095
39.580618,-95.095736
39.581028,-95.089515
39.576764,-95.076688
39.576122,-95.07216
39.576218,-95.069315
39.577115,-95.064519
39.579132,-95.059519
39.580567,-95.056897
39.582488,-95.054804
39.589583,-95.049277
39.595117,-95.047165
39.599557,-95.046361
39.601606,-95.046445
39.606288,-95.047911
39.613965,-95.053012
39.61532354,-95.05338996
39.621657,-95.055152
39.624995,-95.054925
39.630347,-95.053367
39.637876,-95.049518
39.64437,-95.044554
39.649639,-95.039049
39.652905,-95.037464
39.665454,-95.027644
39.668485,-95.024595
39.672869,-95.018318
39.674262,-95.01531
39.675765,-95.009023
39.676479,-95.001379
39.67657,-94.993557
39.67785,-94.984149
39.678634,-94.981557
39.68137,-94.976325
39.68641,-94.971317
39.68905,-94.969909
39.692954,-94.968981
39.707402,-94.968453
39.723146,-94.971078
39.729305,-94.971206
39.732121,-94.970422
39.739065,-94.965318
39.743065,-94.960086
39.745689,-94.955286
39.745961,-94.95263
39.745593,-94.948726
39.744377,-94.944741
39.741578,-94.939221
39.73537,-94.930005
39.728794,-94.918324
39.725786,-94.910068
39.724202,-94.902612
39.724042,-94.899316
39.724894,-94.891744
39.726794,-94.884143
39.730494,-94.875643
39.734594,-94.870143
39.742994,-94.862943
39.74953,-94.860371
39.753694,-94.859443
39.763094,-94.860743
39.767294,-94.863143
39.770094,-94.865243
39.771694,-94.867143
39.772894,-94.869644
39.772994,-94.871144
39.771258,-94.881422
39.771258,-94.88146
39.770186,-94.883924
39.764208,-94.893646
39.76416,-94.893724
39.76404,-94.893919
39.763946,-94.894071
39.76335,-94.895041
39.76321,-94.895268
39.761258,-94.899156
39.759418,-94.906244
39.759338,-94.912293
39.760938,-94.916789
39.76649,-94.926229
39.769098,-94.929653
39.773642,-94.934262
39.77561,-94.935302
39.778906,-94.935782
39.78313,-94.935206
39.786282,-94.932726
39.788282,-94.929654
39.789754,-94.925605
39.791098,-94.892965
39.791626,-94.890292
39.794234,-94.884084
39.797338,-94.880932
39.806894,-94.876344
39.813294,-94.875944
39.820594,-94.876544
39.823754,-94.877044
39.826522,-94.878677
39.828922,-94.881013
39.833098,-94.886933
39.834026,-94.889493
39.834378,-94.892677
39.83385,-94.903157
39.834426,-94.909942
39.836138,-94.916918
39.841322,-94.92615
39.849786,-94.937655
39.85193,-94.939767
39.856602,-94.942567
39.861066,-94.942407
39.86441,-94.940743
39.866954,-94.938791
39.872602,-94.931463
39.876344,-94.928466
39.880258,-94.927252
39.883966,-94.927359
39.886112,-94.927897
39.888754,-94.929574
39.893366,-94.934493
39.89813,-94.943867
39.900533,-94.95154
39.901671,-94.959276
39.901136,-94.963345
39.897472,-94.977749
39.89667,-94.986975
39.89701,-94.990284
39.89779324,-94.99341025
39.900401,-95.003819
39.900596,-95.00844
39.899953,-95.013152
39.897372,-95.018743
39.891202,-95.024389
39.8897,-95.02524
39.886747,-95.025947
39.878833,-95.025119
39.876711,-95.025422
39.871522,-95.027931
39.868337,-95.032053
39.865542,-95.037767
39.864805,-95.042142
39.864374,-95.052535
39.861718,-95.081534
39.861883,-95.085003
39.86314,-95.090158
39.869164,-95.105912
39.874165,-95.128166
39.876852,-95.134747
39.878351,-95.137092
39.881688,-95.140601
39.885889,-95.142718
39.889356,-95.143403
39.89542,-95.142445
39.897992,-95.142563
39.901918,-95.143802
39.904183,-95.146055
39.905948,-95.149657
39.907243,-95.156024
39.906984,-95.159834
39.902026,-95.172296
39.900062,-95.179453
39.899959,-95.189565
39.90069,-95.193816
39.902709,-95.199347
39.904053,-95.201935
39.908275,-95.205733
39.909557,-95.206196
39.912121,-95.206326
39.915169,-95.205745
39.922438,-95.20201
39.928155,-95.20069
39.934194,-95.201277
39.938949,-95.204428
39.943206,-95.213737
39.943953,-95.21644
39.944433,-95.220212
39.943784,-95.231114
39.943931,-95.236761
39.944949,-95.241383
39.948644,-95.250254
39.954886,-95.257652
39.960618,-95.261854
39.969396,-95.269886
39.972115,-95.274757
39.977706,-95.289715
39.984357,-95.302507
39.989114,-95.307111
39.990618,-95.30778
39.993758,-95.308404
39.999998,-95.30829
40.002194,-95.308469
40.007806,-95.311163
40.009395,-95.312211
40.01207,-95.315271
40.013216,-95.318015
40.015657,-95.328501
40.019104,-95.336242
40.028272,-95.346573
40.029297,-95.348777
40.031522,-95.356876
40.031498,-95.363983
40.027112,-95.382957
40.02677,-95.387195
40.027058,-95.391527
40.028038,-95.395858
40.030567,-95.402665
40.033112,-95.40726
40.038424,-95.413588
40.043235,-95.416824
40.048442,-95.41932
40.058952,-95.42164
40.062599,-95.420643
40.06650903,-95.41834471
40.06981985,-95.41473448
40.07432042,-95.40985599
40.07915768,-95.40845544
40.08416598,-95.40924305
40.09153106,-95.41064263
40.09802984,-95.4075913
40.103238,-95.400139
40.105183,-95.397146
40.108263,-95.394216
40.111175,-95.393062
40.115887,-95.39284
40.119212,-95.393347
40.122811,-95.395369
40.126419,-95.398667
40.129018,-95.404395
40.130052,-95.409481
40.130586,-95.419186
40.132765,-95.42478
40.135577,-95.428749
40.138411,-95.431022
40.141025,-95.432165
40.146114,-95.433374
40.152935,-95.433822
40.156017,-95.434817
40.15872,-95.436348
40.162282,-95.440694
40.163261,-95.442818
40.166577,-95.454919
40.169173,-95.460746
40.17691,-95.471054
40.181988,-95.476301
40.185652,-95.479193
40.188524,-95.48102
40.192283,-95.48254
40.197346,-95.482757
40.200667,-95.482319
40.208643,-95.477948
40.213482,-95.473469
40.217333,-95.471393
40.221507,-95.470061
40.227908,-95.469718
40.230819,-95.470349
40.236078,-95.472548
40.24272,-95.477501
40.246273,-95.482778
40.247825,-95.485994
40.248966,-95.490333
40.249629,-95.50026
40.248505,-95.515455
40.24947,-95.521925
40.259066,-95.54716
40.261904,-95.552473
40.263395,-95.554324
40.26445984,-95.55481734
40.267714,-95.556325
40.270761,-95.556275
40.281061,-95.551488
40.285947,-95.550966
40.288666,-95.55162
40.291158,-95.553292
40.295774,-95.558732
40.297359,-95.562157
40.299129,-95.56814
40.29958,-95.581787
40.301649,-95.587371
40.303199,-95.590165
40.309809,-95.598657
40.312559,-95.60511
40.31397,-95.610439
40.314233,-95.613479
40.313728,-95.617931
40.312469,-95.623213
40.307675,-95.63631
40.306025,-95.642262
40.305693,-95.645329
40.306684,-95.651507
40.307906,-95.654294
40.310856,-95.657328
40.3127,-95.658025
40.315788,-95.657764
40.319465,-95.656612
40.322582,-95.653729
40.325556,-95.647931
40.329297,-95.633807
40.330994,-95.629936
40.334288,-95.625204
40.338367,-95.623182
40.340856,-95.622704
40.346567,-95.623728
40.349214,-95.624815
40.3528,-95.627124
40.35731,-95.631481
40.36136,-95.636991
40.366399,-95.641027
40.369829,-95.642414
40.375001,-95.642679
40.378243,-95.642147
40.386849,-95.643934
40.396149,-95.649418
40.40869,-95.659134
40.415947,-95.661463
40.418841,-95.660721
40.424538,-95.65831
40.42876538,-95.65628765
40.43473604,-95.65562971
40.44188001,-95.65819009
40.45118235,-95.66541263
40.456695,-95.671742
40.460158,-95.677174
40.463366,-95.684363
40.469396,-95.693133
40.471452,-95.694651
40.475897,-95.696365
40.478849,-95.696756
40.482113,-95.696206
40.48658723,-95.69524656
40.49360229,-95.69472578
40.49905106,-95.69594464
40.505275,-95.699969
40.506473,-95.695604
40.508133,-95.692083
40.51496,-95.667981
40.517309,-95.661687
40.523557,-95.655674
40.538114,-95.652262
40.541893,-95.65341
40.546609,-95.655848
40.549959,-95.662097
40.556686,-95.665486
40.562626,-95.671754
40.56256,-95.678718
40.560664,-95.687109
40.556942,-95.694147
40.55072,-95.694881
40.545137,-95.696673
40.536985,-95.697281
40.533124,-95.69505
40.528477,-95.69721
40.521551,-95.708591
40.523798,-95.709974
40.527208,-95.714291
40.528118,-95.722444
40.527773,-95.725214
40.525436,-95.731179
40.52393,-95.73725
40.524275,-95.74868
40.52599,-95.75711
40.528371,-95.762857
40.531563,-95.76692
40.534106,-95.768693
40.536656,-95.769281
40.540347,-95.768412
40.545721,-95.764696
40.548298,-95.763624
40.550797,-95.763366
40.553873,-95.763833
40.556921,-95.76503
40.566133,-95.771776
40.573574,-95.774704
40.578205,-95.773549
40.583296,-95.768527
40.585208,-95.765645
40.584935,-95.746443
40.584381,-95.6875
40.58438,-95.687442
40.584234,-95.64184
40.583495,-95.611069
40.582963,-95.574046
40.582629,-95.554959
40.582249,-95.533182
40.582136,-95.526682
40.58209,-95.525392
40.58154,-95.469319
40.581014,-95.415406
40.58050137,-95.37392302
40.580501,-95.373893
40.5801,-95.357802
40.579871,-95.335588
40.578827,-95.221525
40.578781,-95.218783
40.578759,-95.217455
40.578689,-95.213327
40.578679,-95.212715
40.578654,-95.21159
40.57865,-95.211408
40.57852776,-95.20226447
40.578017,-95.164058
40.57786,-95.154499
40.577413,-95.120829
40.577228,-95.112222
40.577206,-95.110663
40.57716,-95.110303
40.577116,-95.107213
40.577168,-95.097607
40.577007,-95.079742
40.57688,-95.068921
40.575692,-94.991661
40.575839,-94.966491
40.575669,-94.955134
40.575068,-94.914896
40.574877,-94.901451
40.574738,-94.896801
40.573942,-94.823758
40.573714,-94.819978
40.573532,-94.811188
40.572977,-94.773988
40.572201,-94.716665
40.572201,-94.714925
40.571787,-94.682601
40.57118604,-94.63203512
40.571186,-94.632032
40.570966,-94.594001
40.570809,-94.542154
40.570809,-94.541828
40.570763,-94.538318
40.570763,-94.537058
40.570739,-94.533878
40.570707,-94.48928
40.570825,-94.471213
40.57083,-94.470648
40.570947,-94.460088
40.571041,-94.429725
40.571363,-94.358307
40.571452,-94.336706
40.571475,-94.336556
40.571477,-94.324765
40.571524,-94.310724
40.571341,-94.294813
40.571521,-94.28735
40.57190737,-94.23224004
40.572897,-94.091085
40.572806,-94.089194
40.572899,-94.080463
40.572899,-94.080223
40.573585,-94.034134
40.573914,-94.015492
40.574635,-93.976766
40.574754,-93.963863
40.575192,-93.939857
40.575284,-93.938627
40.575421,-93.937097
40.575284,-93.936317
40.57533,-93.935687
40.575672,-93.913961
40.575874,-93.900877
40.575942,-93.899317
40.576011,-93.898327
40.576606,-93.853656
40.576791,-93.84093
40.577086,-93.818725
40.577278,-93.815485
40.57758437,-93.77434427
40.577615,-93.770231
40.57772,-93.750223
40.577518,-93.742759
40.577542,-93.737259
40.577547,-93.728355
40.577641,-93.722443
40.577875,-93.690333
40.578127,-93.677099
40.578241,-93.668845
40.578354,-93.661913
40.57833,-93.659272
40.578352,-93.656211
40.579496,-93.597352
40.580117,-93.566189
40.580075,-93.56581
40.580143,-93.56524
40.580304,-93.560798
40.580189,-93.558938
40.580235,-93.556899
40.580303,-93.553986
40.580417,-93.548284
40.580367,-93.528177
40.580436,-93.527607
40.580481,-93.524124
40.580072,-93.466887
40.580164,-93.465297
40.579916,-93.441767
40.58033431,-93.37438601
40.580514,-93.345442
40.580671,-93.317605
40.580797,-93.260612
40.582854,-93.135802
40.583973,-93.098507
40.584014,-93.097296
40.584403,-93.085517
40.58743,-92.957747
40.587743,-92.941595
40.58786,-92.903544
40.588039,-92.889796
40.588341,-92.879178
40.588175,-92.863034
40.58836,-92.857391
40.588484,-92.835074
40.588515,-92.827992
40.588593,-92.828061
40.588908,-92.757407
40.589207,-92.742232
40.58956418,-92.71459777
40.589884,-92.689854
40.589809,-92.686693
40.590825,-92.639223
40.590853,-92.637898
40.592151,-92.580278
40.594924,-92.484588
40.594894,-92.482394
40.594941,-92.481692
40.595355,-92.461609
40.595288,-92.453745
40.596509,-92.379691
40.59727319,-92.35080671
40.597274,-92.350776
40.597714,-92.331445
40.597805,-92.331205
40.598469,-92.298754
40.599531,-92.236484
40.599832,-92.217603
40.59998,-92.201669
40.600069,-92.196162
40.600529,-92.17978
40.60183,-92.096387
40.602082,-92.092875
40.602244,-92.0832
40.602176,-92.082339
40.602772,-92.069521
40.602648,-92.067904
40.603713,-92.029649
40.604433,-91.998683
40.605112,-91.970988
40.605471,-91.947708
40.60584171,-91.94311319
40.60615,-91.939292
40.608059,-91.868401
40.609797,-91.832481
40.610191,-91.824826
40.610526,-91.813968
40.610953,-91.800133
40.611101,-91.795374
40.611488,-91.785916
40.61364,-91.729115
40.601527,-91.720058
40.59853,-91.716769
40.595046,-91.712025
40.588148,-91.696359
40.583409,-91.68882
40.580875,-91.686357
40.578892,-91.685381
40.576785,-91.685723
40.564867,-91.691557
40.562222,-91.691591
40.559893,-91.690804
40.55739,-91.6887
40.553035,-91.681714
40.550937,-91.670993
40.549189,-91.654345
40.545541,-91.638082
40.5435,-91.625161
40.542292,-91.6219
40.540817,-91.620071
40.539084,-91.618999
40.53403,-91.618028
40.526286,-91.618793
40.51704,-91.622196
40.514362,-91.622362
40.510072,-91.621353
40.507134,-91.619486
40.504794,-91.616948
40.502377,-91.612821
40.50004,-91.608347
40.494997,-91.594644
40.492292,-91.590817
40.487233,-91.586884
40.479118,-91.583315
40.474703,-91.582437
40.472876,-91.581528
40.471015,-91.580355
40.465664,-91.574746
40.46229,-91.567743
40.460988,-91.563844
40.458769,-91.552691
40.458149,-91.543785
40.459002,-91.5286
40.458625,-91.526155
40.457845,-91.52509
40.456331,-91.523864
40.452254,-91.523072
40.450061,-91.523271
40.448437,-91.524053
40.446634,-91.526108
40.44273,-91.531912
40.440804,-91.533548
40.43832,-91.533623
40.436784,-91.532807
40.434272,-91.529132
40.433483,-91.525
40.433673,-91.519935
40.432822,-91.519134
40.431298,-91.519012
40.426488,-91.521388
40.419872,-91.526555
40.416689,-91.527057
40.413404,-91.526425
40.410765,-91.524612
40.409648,-91.522333
40.408682,-91.518392
40.408537,-91.513993
40.406775,-91.509063
40.405524,-91.507427
40.404335,-91.506745
40.403512,-91.505272
40.401926,-91.498093
40.402433,-91.493644
40.404317,-91.489816
40.404317,-91.488481
40.403866,-91.487829
40.402465,-91.487955
40.400009,-91.488597
40.395225,-91.490816
40.393484,-91.490977
40.3839,-91.484507
40.382057,-91.482322
40.381783,-91.480251
40.382884,-91.471967
40.385257,-91.465116
40.380949,-91.464681
40.378365,-91.465891
40.376223,-91.465009
40.375659,-91.463895
40.375501,-91.452458
40.378914,-91.448441
40.386255,-91.441243
40.382491,-91.425662
40.380939,-91.422324
40.378264,-91.419422
40.371988,-91.426632
40.370386,-91.429442
40.366569,-91.439342
40.36317,-91.444833
40.361823,-91.446308
40.359129,-91.447835
40.35367,-91.452237
40.342414,-91.46214
40.334461,-91.466603
40.322409,-91.469656
40.31734,-91.471826
40.293426,-91.486078
40.286048,-91.489868
40.278217,-91.492727
40.275262,-91.493061
40.269923,-91.492891
40.264814,-91.490525
40.26234,-91.489969
40.259498,-91.490524
40.24876132,-91.49726332
40.247422,-91.498104
40.245722,-91.500855
40.243474,-91.503231
40.238839,-91.505828
40.236304,-91.506501
40.234305,-91.505968
40.231712,-91.504289
40.224299,-91.504282
40.21555,-91.506947
40.209338,-91.507269
40.204758,-91.506664
40.2004847,-91.50522531
40.198262,-91.504477
40.195606,-91.505495
40.191338,-91.509551
40.188794,-91.511073
40.181062,-91.512974
40.178537,-91.513079
40.170441,-91.511956
40.157665,-91.508224
40.156326,-91.508324
40.149269,-91.51159
40.147091,-91.511749
40.127994,-91.510322
40.121876,-91.509245
40.108126,-91.506006
40.090956,-91.500823
40.078257,-91.497663
40.070951,-91.495365
40.057435,-91.489606
40.036453,-91.494878
40.023201,-91.487351
40.019332,-91.484064
40.008993,-91.477298
39.995327,-91.469247
39.990631,-91.467294
39.987253,-91.466682
39.983995,-91.465315
39.981845,-91.463683
39.979892,-91.459533
39.979015,-91.458852
39.971306,-91.454647
39.965278,-91.449806
39.959502,-91.447236
39.951299,-91.44156
39.946417,-91.43709
39.94527792,-91.4354775
39.940741,-91.429055
39.937765,-91.425782
39.932973,-91.421832
39.927717,-91.41936
39.922126,-91.418807
39.916533,-91.41988
39.914865,-91.420878
39.907729,-91.428956
39.893583,-91.443513
39.883034,-91.446922
39.877951,-91.447844
39.870394,-91.446385
39.84551,-91.436051
39.840554,-91.432919
39.837801,-91.429519
39.829984,-91.414513
39.826472,-91.406223
39.821122,-91.397853
39.815553,-91.385773
39.811273,-91.377971
39.80886,-91.375148
39.800403,-91.367966
39.792804,-91.363444
39.787548,-91.361571
39.785079,-91.361744
39.779388,-91.364848
39.77491,-91.365694
39.764956,-91.365906
39.758723,-91.365125
39.755955,-91.366047
39.75388,-91.367406
39.745042,-91.369953
39.732524,-91.370009
39.729029,-91.367753
39.715279,-91.352749
39.709402,-91.3453
39.700433,-91.331603
39.692591,-91.317814
39.68488092,-91.30668198
39.683957,-91.305348
39.679631,-91.302485
39.674766,-91.293788
39.670134,-91.283329
39.665759,-91.27614
39.656993,-91.266765
39.649024,-91.260475
39.64088,-91.248779
39.637311,-91.245914
39.633064,-91.24356
39.630067,-91.241225
39.620853,-91.229317
39.617603,-91.223328
39.615124,-91.21664
39.605119,-91.185921
39.602677,-91.181936
39.598196,-91.178012
39.593313,-91.174651
39.591975,-91.174232
39.581899,-91.171641
39.569555,-91.16982
39.564928,-91.168419
39.558566,-91.163634
39.553048,-91.158606
39.548248,-91.153628
39.545798,-91.148275
39.542227,-91.126638
39.541098,-91.114305
39.538695,-91.100307
39.529275,-91.092869
39.517141,-91.086292
39.507728,-91.079769
39.502845,-91.075309
39.494643,-91.064305
39.474122,-91.062414
39.46886,-91.059439
39.462122,-91.053058
39.448436,-91.03827
39.438694,-91.02361
39.432661,-91.011954
39.427603,-91.003692
39.422959,-90.993789
39.420462,-90.98302
39.41829,-90.977618
39.414144,-90.972465
39.411948,-90.96748
39.408996,-90.957459
39.407502,-90.948299
39.403984,-90.940766
39.402744,-90.939025
39.400803,-90.937419
39.39948656,-90.93677822
39.397331,-90.935729
39.392127,-90.934007
39.387544,-90.928745
39.385136,-90.924601
39.383687,-90.920976
39.381956,-90.914658
39.380812,-90.907999
39.379403,-90.904862
39.377534,-90.902905
39.375366,-90.902656
39.372354,-90.900095
39.367343,-90.893777
39.35137,-90.859113
39.345272,-90.8475
39.340438,-90.840106
39.323659,-90.821306
39.320496,-90.816851
39.313087,-90.799346
39.309498,-90.793461
39.306957,-90.791689
39.302908,-90.790675
39.297164,-90.783789
39.292811,-90.775673
39.290544,-90.773887
39.280025,-90.767648
39.265432,-90.751599
39.264126,-90.748877
39.261893,-90.739087
39.259098,-90.733976
39.255894,-90.72996
39.251173,-90.726981
39.23273,-90.721593
39.230176,-90.721188
39.224108,-90.721835
39.213912,-90.717113
39.210414,-90.716597
39.206723,-90.716677
39.202791,-90.717427
39.197414,-90.717404
39.185308,-90.71437
39.176366,-90.71048
39.172924,-90.709953
39.155111,-90.709146
39.15086,-90.707902
39.143152,-90.705168
39.138749,-90.702923
39.135439,-90.700464
39.12968,-90.694945
39.117785,-90.686051
39.113567,-90.684518
39.10059,-90.681086
39.090066,-90.681994
39.088348,-90.682744
39.071787,-90.700424
39.070408,-90.701187
39.065568,-90.702136
39.057064,-90.712541
39.055567,-90.713585
39.053977,-90.713629
39.046798,-90.71158
39.042262,-90.707885
39.029074,-90.700595
39.016656,-90.692403
39.012169,-90.69
39.007342,-90.688813
39.005374,-90.687719
39.000049,-90.683683
38.998778,-90.682068
38.991851,-90.678193
38.984096,-90.676397
38.965812,-90.676417
38.96214,-90.675949
38.952296,-90.671844
38.948176,-90.669229
38.93419841,-90.66557008
38.934179,-90.665565
38.928042,-90.663372
38.924989,-90.6614
38.92027,-90.657254
38.916141,-90.653164
38.912106,-90.647988
38.908272,-90.639917
38.903941,-90.635896
38.891617,-90.628485
38.888654,-90.625122
38.87505,-90.595354
38.86903,-90.583388
38.868336,-90.576719
38.868847,-90.566557
38.870785,-90.555693
38.874008,-90.545872
38.87505,-90.54403
38.887078,-90.531118
38.898818,-90.516963
38.902767,-90.507451
38.910408,-90.500117
38.925982,-90.486974
38.934712,-90.482725
38.940436,-90.483452
38.942133,-90.483339
38.94446,-90.482419
38.958838,-90.472122
38.961809,-90.467784
38.964322,-90.462411
38.96775868,-90.45080994
38.967764,-90.450792
38.967364,-90.440078
38.965526,-90.433745
38.963785,-90.424726
38.96333,-90.413108
38.962554,-90.406367
38.960037,-90.395816
38.9564075,-90.38576838
38.955453,-90.383126
38.94079,-90.346442
38.933489,-90.333533
38.929827,-90.324179
38.927912,-90.317572
38.92412,-90.309454
38.923525,-90.306113
38.923395,-90.298711
38.924048,-90.283712
38.923716,-90.277471
38.92346469,-90.27582472
38.922556,-90.269872
38.920344,-90.262792
38.920763,-90.256993
38.920489,-90.254033
38.919344,-90.250248
38.914828,-90.241703
38.91086,-90.230336
38.907389,-90.223041
38.900454,-90.213519
38.89699443,-90.20922115
38.887648,-90.19761
38.886748,-90.19521
38.886248,-90.190309
38.885048,-90.186909
38.876348,-90.166409
38.867148,-90.151508
38.849306,-90.113327
38.843548,-90.109407
38.837448,-90.109107
38.815048,-90.114707
38.805748,-90.117707
38.798048,-90.123107
38.783049,-90.146708
38.772649,-90.166409
38.766549,-90.171309
38.760249,-90.175109
38.754449,-90.176309
38.746849,-90.183409
38.742949,-90.191309
38.73215,-90.20521
38.72605,-90.20991
38.72135,-90.21141
38.71795,-90.21191
38.71175,-90.21201
38.70275,-90.20921
38.69345,-90.20221
38.68755,-90.19521
38.67475,-90.18641
38.66535,-90.18261
38.66038143,-90.18132503
38.65955,-90.18111
38.64275,-90.17771
38.63375,-90.17801
38.62915,-90.17881
38.61793244,-90.18244317
38.611551,-90.18451
38.598951,-90.191811
38.594451,-90.196011
38.588651,-90.202511
38.583951,-90.210111
38.578751,-90.216712
38.576451,-90.222112
38.575051,-90.224212
38.544752,-90.248913
38.53200775,-90.25777259
38.528352,-90.260314
38.52075495,-90.26372293
38.520552,-90.263814
38.506152,-90.268814
38.496052,-90.271314
38.486253,-90.274914
38.479553,-90.275915
38.472453,-90.279215
38.451053,-90.284015
38.443453,-90.285215
38.438453,-90.288815
38.426753,-90.295316
38.401753,-90.322317
38.398153,-90.328517
38.38750629,-90.34075737
38.385453,-90.343118
38.381853,-90.346118
38.377609,-90.349743
38.360354,-90.356318
38.340254,-90.368219
38.333554,-90.370819
38.323354,-90.372519
38.304354,-90.371719
38.294454,-90.373819
38.281853,-90.373929
38.273926,-90.371869
38.267441,-90.370892
38.255807,-90.367764
38.250054,-90.367013
38.236355,-90.363926
38.224525,-90.359559
38.217501,-90.356176
38.213855,-90.353902
38.189932,-90.334258
38.18758,-90.331554
38.181593,-90.322353
38.179456,-90.316839
38.178572,-90.31063
38.175246,-90.30049
38.170453,-90.290765
38.164447,-90.283091
38.157615,-90.274928
38.12781294,-90.25266474
38.127571,-90.252484
38.125054,-90.250118
38.112669,-90.243116
38.094365,-90.218708
38.08796915,-90.20668445
38.069636,-90.17222
38.074347,-90.163411
38.07489,-90.161562
38.074735,-90.158533
38.069023,-90.144553
38.062341,-90.130788
38.059644,-90.128159
38.054897,-90.126396
38.05057,-90.126006
38.043981,-90.126612
38.040702,-90.126194
38.031708,-90.117423
38.026547,-90.11052
38.017833,-90.093774
38.015772,-90.08826
38.015428,-90.080959
38.017001,-90.072283
38.016875,-90.065045
38.015543,-90.059367
38.014362,-90.057269
38.011953,-90.055399
38.00844,-90.053541
38.005907,-90.052883
38.003584,-90.051357
38.001715,-90.049106
38.000052,-90.045908
37.995258,-90.03241
37.970179,-90.008353
37.964563,-90.00011
37.963225,-89.997103
37.962198,-89.986296
37.962791,-89.978919
37.966647,-89.95491
37.970121,-89.942099
37.964994,-89.93774
37.961042,-89.93693
37.959581,-89.935886
37.959143,-89.933797
37.960021,-89.925085
37.955823,-89.924811
37.95413,-89.925389
37.947497,-89.932467
37.946193,-89.937927
37.940336,-89.947429
37.940196,-89.959646
37.934363,-89.962273
37.931456,-89.968365
37.926719,-89.974918
37.919217,-89.974221
37.917661,-89.973642
37.91526,-89.971649
37.883218,-89.952499
37.881526,-89.950594
37.87511077,-89.93819072
37.874693,-89.937383
37.870672,-89.923185
37.869641,-89.913317
37.869822,-89.901832
37.871605,-89.897301
37.879591,-89.881475
37.883294,-89.876594
37.893519,-89.866988
37.896906,-89.862949
37.90398,-89.851048
37.905572,-89.844786
37.905196,-89.842649
37.901802,-89.836254
37.88771,-89.813647
37.882985,-89.803913
37.881517,-89.799333
37.879655,-89.798041
37.874202,-89.797678
37.871367,-89.799835
37.868625,-89.80036
37.859505,-89.796087
37.857054,-89.793718
37.851734,-89.786369
37.855092,-89.782035
37.853896,-89.779828
37.852123,-89.774306
37.851782,-89.765222
37.850657,-89.761992
37.847613,-89.757363
37.846358,-89.754104
37.846984,-89.749961
37.84693,-89.739873
37.843494,-89.736439
37.838507,-89.732737
37.835081,-89.729426
37.825724,-89.71748
37.816812,-89.702844
37.814337,-89.696559
37.807789,-89.68285
37.805066,-89.677605
37.80298854,-89.67438987
37.799922,-89.669644
37.790801,-89.663982
37.788204,-89.66132
37.786296,-89.66038
37.781032,-89.660227
37.775732,-89.66119
37.76851,-89.66413
37.764195,-89.666474
37.759484,-89.667993
37.752095,-89.665546
37.750052,-89.663352
37.74771,-89.658455
37.745498,-89.64953
37.746108,-89.645429
37.745782,-89.63337
37.748135,-89.62801
37.74912,-89.624023
37.74972,-89.617278
37.749167,-89.616389
37.748184,-89.615933
37.744283,-89.616194
37.74235,-89.615586
37.740036,-89.612478
37.739684,-89.608757
37.736492,-89.602406
37.732886,-89.596566
37.723599,-89.591289
37.71751,-89.587213
37.713261,-89.583316
37.709065,-89.573516
37.707189,-89.566704
37.701054,-89.538652
37.700334,-89.531427
37.698441,-89.52573
37.696475,-89.521948
37.692762,-89.516685
37.689923,-89.514255
37.685525,-89.512009
37.680985,-89.51204
37.676575,-89.513927
37.667975,-89.516146
37.656089,-89.516827
37.650803,-89.515903
37.645555,-89.51586
37.643789,-89.517136
37.641217,-89.517718
37.636446,-89.515649
37.631755,-89.510526
37.62505,-89.506563
37.607157,-89.485792
37.598869,-89.478399
37.595554,-89.476514
37.592998,-89.475932
37.590226,-89.47603
37.585885,-89.477548
37.582973,-89.481118
37.580853,-89.486062
37.580116,-89.494051
37.584147,-89.509542
37.584815,-89.513943
37.584504,-89.516538
37.582748,-89.519808
37.581155,-89.520804
37.578971,-89.521274
37.57215209,-89.52151743
37.56620952,-89.52172957
37.560735,-89.521925
37.553805,-89.521093
37.537278,-89.517051
37.535558,-89.516447
37.52981,-89.5124
37.524322,-89.507459
37.51787,-89.502917
37.512954,-89.500231
37.504948,-89.497689
37.494008,-89.492051
37.471388,-89.475525
37.466473,-89.471201
37.450069,-89.450969
37.442129,-89.443493
37.4372,-89.439769
37.426847,-89.43413
37.407471,-89.42594
37.397132,-89.422465
37.392077,-89.42132
37.387668,-89.421054
37.38053,-89.422037
37.356158,-89.428185
37.351956,-89.429738
37.347056,-89.432836
37.344441,-89.43604
37.340475,-89.447556
37.339283,-89.454723
37.338165,-89.474569
37.335646,-89.484211
37.3348293,-89.48592974
37.333368,-89.489005
37.331361,-89.491194
37.324795,-89.49516
37.32149,-89.49909
37.315662,-89.508174
37.31426,-89.509699
37.310825,-89.511842
37.303776,-89.514042
37.299323,-89.514605
37.295362,-89.515741
37.29204,-89.517692
37.289354,-89.518393
37.285497,-89.51834
37.28192,-89.517032
37.277164,-89.513905
37.268537,-89.506773
37.263738,-89.502303
37.258474,-89.496386
37.251315,-89.489915
37.25150748,-89.48872819
37.253052,-89.479205
37.253357,-89.470525
37.25152,-89.46266
37.250577,-89.460692
37.248661,-89.458827
37.247066,-89.458246
37.242594,-89.457832
37.240368,-89.458302
37.221844,-89.4675
37.2182,-89.467631
37.203351,-89.462676
37.199517,-89.461862
37.18812,-89.456105
37.161287,-89.438275
37.15209,-89.435202
37.138235,-89.42558
37.12505,-89.414471
37.122507,-89.41173
37.119307,-89.407451
37.111197,-89.393427
37.107481,-89.38805
37.103267,-89.384175
37.094586,-89.37871
37.085936,-89.375615
37.080505,-89.375712
37.070499,-89.378889
37.057748,-89.385186
37.05513,-89.385434
37.048251,-89.384681
37.046441,-89.383937
37.04301,-89.381644
37.039605,-89.378277
37.030156,-89.362397
37.025521,-89.345996
37.019936,-89.331164
37.01609,-89.322982
37.012767,-89.317168
37.0090469,-89.31264162
36.992189,-89.29213
36.98867,-89.278628
36.990495,-89.274198
36.993401,-89.269564
36.996302,-89.266242
37.00005,-89.263527
37.015496,-89.257608
37.023288,-89.260003
37.028683,-89.266286
37.03614,-89.277715
37.040408,-89.291185
37.044982,-89.301368
37.047565,-89.304752
37.050432,-89.307397
37.053769,-89.309401
37.057897,-89.310819
37.068371,-89.30829
37.069654,-89.307726
37.067345,-89.294036
37.066736,-89.283685
37.065811,-89.283488
37.065224,-89.280375
37.064814,-89.264484
37.064071,-89.259936
37.072014,-89.25493
37.057783,-89.245648
37.042853,-89.238253
37.037277,-89.234053
37.031077,-89.225482
37.020047,-89.205038
37.016164,-89.200793
37.011723,-89.198488
37.000051,-89.195029
36.989768,-89.195039
36.979995,-89.192097
36.973518,-89.185491
36.970885,-89.177235
36.970298,-89.170008
36.972768,-89.161767
36.977636,-89.149882
36.979133,-89.14411
36.979416,-89.140814
36.9822,-89.132685
36.983265,-89.128868
36.983499,-89.125069
36.981879,-89.1183
36.980335,-89.11503
36.976563,-89.109498
36.9697,-89.102879
36.964543,-89.099594
36.961389,-89.099007
36.95785,-89.098843
36.94400182,-89.10076201
36.943973,-89.100766
36.939154,-89.102137
36.920066,-89.109377
36.887356,-89.117567
36.882792,-89.119813
36.872073,-89.126702
36.857437,-89.131944
36.847349,-89.137969
36.847148,-89.147674
36.8466,-89.153513
36.843305,-89.15733
36.842505,-89.159466
36.842529,-89.166841
36.841522,-89.1704
36.839806,-89.173419
36.835779,-89.177177
36.834586,-89.178153
36.831368,-89.178888
36.816554,-89.178574
36.812915,-89.179229
36.809928,-89.178749
36.807269,-89.177417
36.798119,-89.171069
36.795571,-89.168458
36.790914,-89.160877
36.789126,-89.155891
36.788353,-89.144208
36.788228,-89.13321
36.787677,-89.128923
36.785309,-89.12353
36.78525768,-89.12348098
36.782071,-89.120437
36.775607,-89.116847
36.772423,-89.116067
36.767557,-89.116563
36.759802,-89.119198
36.754844,-89.12243
36.751735,-89.126134
36.751702,-89.130399
36.751956,-89.135518
36.755369,-89.142313
36.756264,-89.151756
36.755968,-89.15699
36.759633,-89.166888
36.759473,-89.169106
36.756132,-89.179545
36.753638,-89.184523
36.747217,-89.191553
36.739412,-89.197808
36.734217,-89.199798
36.725772,-89.201047
36.720141,-89.200732
36.716045,-89.19948
36.712017,-89.19604
36.701238,-89.184356
36.69396,-89.174836
36.688878,-89.169522
36.685514,-89.168016
36.678189,-89.167961
36.674596,-89.169467
36.672526,-89.171882
36.671892,-89.168723
36.666352,-89.15908
36.660132,-89.164601
36.65047265,-89.17468188
36.650416,-89.174741
36.644694,-89.183321
36.641115,-89.187749
36.635997,-89.192542
36.628936,-89.197654
36.625649,-89.199136
36.618177,-89.200902
36.601576,-89.202607
36.580119,-89.213563
36.576159,-89.217447
36.569375,-89.227319
36.566824,-89.236542
36.564948,-89.258318
36.565149,-89.259994
36.568908,-89.268057
36.571387,-89.27171
36.577699,-89.278935
36.593729,-89.294637
36.604138,-89.301502
36.62012,-89.313405
36.625059,-89.318154
36.632186,-89.326731
36.6321935,-89.32758872
36.63225,-89.334046
36.630991,-89.343753
36.628439,-89.35651
36.625059,-89.365548
36.62084,-89.371002
36.615719,-89.375453
36.613868,-89.376367
36.608096,-89.378012
36.59113,-89.380643
36.583603,-89.382762
36.559649,-89.395909
36.556429,-89.396627
36.551975,-89.396811
36.542329,-89.398685
36.528165,-89.405654
36.499033,-89.417293
36.493896,-89.41977
36.489381,-89.422942
36.481875,-89.429311
36.474432,-89.436763
36.46442,-89.448468
36.461285,-89.453081
36.45814,-89.460436
36.457189,-89.464153
36.457001,-89.471718
36.457846,-89.476532
36.46162,-89.486215
36.465528,-89.49067
36.470124,-89.493198
36.473225,-89.494074
36.475972,-89.494248
36.4787,-89.493495
36.494954,-89.48671
36.497692,-89.485106
36.502131,-89.482474
36.50707,-89.477186
36.513741,-89.47246
36.521291,-89.468668
36.529946,-89.465888
36.536163,-89.465445
36.546847,-89.467761
36.559918,-89.473341
36.568206,-89.479093
36.569771,-89.480893
36.571821,-89.484836
36.576305,-89.500076
36.577803,-89.514468
36.578698,-89.518702
36.58018,-89.522338
36.581147,-89.527583
36.580566,-89.542459
36.579989,-89.546113
36.577178,-89.55264
36.573514,-89.558089
36.568749,-89.563185
36.564216,-89.566817
36.558119,-89.569807
36.552569,-89.571509
36.547343,-89.571241
36.544387,-89.570071
36.536988,-89.565804
36.525436,-89.560344
36.522099,-89.558349
36.517022,-89.554321
36.504957,-89.542955
36.498201,-89.5391
36.491432,-89.534524
36.481305,-89.522674
36.478668,-89.520642
36.475419,-89.519501
36.467002,-89.51972
36.461934,-89.521021
36.456572,-89.523427
36.453991,-89.52519
36.451545,-89.527274
36.441559,-89.540868
36.43877,-89.543406
36.434915,-89.545061
36.4307,-89.545503
36.427079,-89.545255
36.423684,-89.544221
36.420103,-89.542337
36.400446,-89.525293
36.384891,-89.513956
36.378356,-89.51038
36.375065,-89.509558
36.373626,-89.509722
36.359897,-89.513178
36.3486,-89.519
36.344789,-89.522695
36.341679,-89.527029
36.339246,-89.531822
36.337496,-89.538079
36.336809,-89.545006