1873,North Carolina
36.55062091,-76.12236034
36.550653,-76.034751
36.550553,-76.02675
36.550553,-75.957648
36.550553,-75.955748
36.550553,-75.953447
36.550553,-75.952847
36.550654,-75.922046
36.550654,-75.911446
36.550654,-75.909046
36.550654,-75.904745
36.550654,-75.903445
36.550754,-75.894145
36.550654,-75.893245
36.550754,-75.891945
36.550754,-75.886545
36.550754,-75.885945
36.550754,-75.880644
36.550754,-75.879744
36.550754,-75.867044
36.500155,-75.856901
36.42265,-75.834975
36.357579,-75.818735
36.290351,-75.79641
36.23152851,-75.77332948
36.22944,-75.77251
36.204705,-75.759637
36.154282,-75.738431
36.113674,-75.71831
36.077497,-75.696742
36.02043,-75.658537
35.863301,-75.569794
35.822173,-75.552299
35.797396,-75.538739
35.78737668,-75.53301203
35.78011822,-75.53642778
35.77969125,-75.54325928
35.78737668,-75.54667504
35.79933181,-75.55393351
35.81307223,-75.566238
35.82886727,-75.57308251
35.84492557,-75.58887755
35.86730188,-75.60125031
35.88941493,-75.61915136
35.90599973,-75.61704536
35.9141864,-75.61755185
35.92528757,-75.62011366
35.9415124,-75.63121485
35.96575763,-75.6488987
35.97839367,-75.66837922
35.98523818,-75.6718015
35.99392546,-75.67890926
36.00313924,-75.72366187
36.01051025,-75.72708413
36.02104028,-75.72655763
36.03236006,-75.72208236
36.03736182,-75.72260886
36.04052082,-75.72682088
36.04078408,-75.73708766
36.04683884,-75.74050992
36.05552612,-75.74156291
36.0668459,-75.7394569
36.07526993,-75.73972017
36.12107555,-75.75025018
36.13120755,-75.75047873
36.14081738,-75.75222597
36.15392168,-75.75572046
36.20109717,-75.77581372
36.2159487,-75.7836763
36.22643215,-75.79328613
36.22733603,-75.79437079
36.23080025,-75.79852785
36.23585284,-75.80369004
36.24401361,-75.81158757
36.24769912,-75.81185083
36.2595454,-75.80816531
36.28534397,-75.81448333
36.29166198,-75.82290735
36.29218848,-75.83396388
36.29455774,-75.83791263
36.30561427,-75.84528366
36.32851707,-75.8413349
36.33904711,-75.83185788
36.34641812,-75.83159463
36.36313454,-75.83620147
36.37103206,-75.84304599
36.37208506,-75.84725801
36.37945609,-75.85147003
36.3847211,-75.85252303
36.41578468,-75.85147003
36.4305267,-75.86410605
36.43579172,-75.88042759
36.44158323,-75.88832512
36.46053728,-75.89148412
36.48212385,-75.89990813
36.48580936,-75.90727917
36.48633587,-75.91307068
36.48580936,-75.91728268
36.48212385,-75.92412721
36.48281484,-75.92733295
36.49060083,-75.93547285
36.49502469,-75.9600695
36.49467078,-75.97254477
36.50623486,-76.00370766
36.50350621,-76.01926097
36.50077757,-76.02362681
36.49436524,-76.02922054
36.48249561,-76.03194919
36.45861992,-76.020216
36.44746163,-76.01233741
36.44186382,-76.00391184
36.43680831,-75.98986925
36.43546438,-75.98005033
36.41723985,-75.96228537
36.41884985,-75.94067584
36.42307926,-75.93644644
36.42762681,-75.93269386
36.4285878,-75.92836943
36.4257882,-75.92360072
36.38901016,-75.91640947
36.38316728,-75.91694881
36.367796,-75.92351082
36.36186323,-75.92333104
36.35359331,-75.91775783
36.35233484,-75.91533078
36.31961471,-75.89528522
36.2934141,-75.88821124
36.28467401,-75.88215374
36.28277022,-75.87272135
36.28467401,-75.86493315
36.28060683,-75.86051982
36.26641498,-75.86181786
36.25248274,-75.86735614
36.23552175,-75.86415433
36.22262794,-75.85870258
36.21657044,-75.84883751
36.20012866,-75.8383667
36.19381156,-75.84122238
36.17711017,-75.83992434
36.15833194,-75.82391525
36.14595734,-75.82253068
36.13687109,-75.81344443
36.11272764,-75.80037755
36.08226709,-75.79163745
36.07170974,-75.79397391
36.07264045,-75.79977862
36.09261581,-75.8360836
36.10198988,-75.8477845
36.12726195,-75.86779156
36.14140972,-75.86632283
36.15922618,-75.86391361
36.18680744,-75.88298684
36.21215714,-75.91065783
36.24412194,-75.92234389
36.25787025,-75.94984049
36.25565127,-75.95938211
36.25443317,-75.96461991
36.24790273,-75.95705835
36.22246837,-75.94537229
36.19806513,-75.95602723
36.18087976,-75.9364359
36.17263078,-75.91718827
36.16418811,-75.90499929
36.1648531,-75.92002806
36.16359054,-75.9246537
36.16551809,-75.93904678
36.17807209,-75.99519109
36.18636655,-76.01698438
36.18831819,-76.01893602
36.20203599,-76.02908574
36.21012616,-76.0438384
36.22916184,-76.05430803
36.23793521,-76.08148048
36.2877728,-76.13200548
36.29102783,-76.16138377
36.29816621,-76.18470249
36.29290304,-76.18595104
36.28124236,-76.18871723
36.26580554,-76.17137751
36.26390198,-76.14948647
36.21421939,-76.11585123
36.19943996,-76.08010565
36.1652238,-76.06545008
36.15514033,-76.05992043
36.14928541,-76.05926989
36.14377469,-76.06422365
36.14018339,-76.07167226
36.13579403,-76.09255497
36.12342402,-76.17894555
36.13752065,-76.20687321
36.15848681,-76.22818307
36.17038916,-76.23693166
36.17514808,-76.24787718
36.18419003,-76.25406378
36.1897642,-76.26874056
36.18906181,-76.27331609
36.18894895,-76.27405125
36.18495229,-76.27698954
36.17181683,-76.26358162
36.1618231,-76.24740129
36.1306465,-76.22852678
36.10719669,-76.1917146
36.09540861,-76.21659869
36.09856763,-76.23871176
36.10488563,-76.26503683
36.13339616,-76.3299205
36.13820807,-76.37357136
36.16325077,-76.3935002
36.19251386,-76.44781219
36.18990074,-76.4544144
36.18357746,-76.45606117
36.12042048,-76.37589218
36.12102269,-76.34641847
36.11090263,-76.33496545
36.10120012,-76.2987329
36.09277611,-76.30399792
36.0848786,-76.32347848
36.08382558,-76.3319025
36.08645809,-76.33716751
36.08645809,-76.35506855
36.07803407,-76.41087771
36.07537594,-76.4118443
36.07224256,-76.41298371
36.06065953,-76.42088123
36.04275849,-76.44299429
36.03907296,-76.45141832
36.02801644,-76.45878933
36.02433093,-76.45931582
36.01801291,-76.49195892
36.00564014,-76.51433523
36.00985216,-76.5475048
36.00985216,-76.56329985
36.00616664,-76.57593587
36.00721964,-76.58067438
36.01564367,-76.58962491
36.03301821,-76.60384046
36.03775672,-76.61542348
36.03828321,-76.63174503
36.03512421,-76.65333158
36.04361153,-76.67648406
36.14783842,-76.72144468
36.19944095,-76.71940101
36.26688188,-76.67546223
36.27684602,-76.69090997
36.2783572,-76.6932528
36.24382691,-76.72018106
36.21272477,-76.7444359
36.14732751,-76.75209965
36.06658517,-76.72299606
36.00037512,-76.68386866
35.9919511,-76.67965665
35.98300059,-76.68492167
35.97352355,-76.69545169
35.96457303,-76.70019021
35.95193701,-76.6975577
35.94534183,-76.69237579
35.94456598,-76.69176619
35.93508895,-76.67386514
35.93350945,-76.66754712
35.93508895,-76.65701709
35.93666846,-76.60805246
35.93982747,-76.60384046
35.94193347,-76.5869924
35.94403948,-76.52855075
35.949831,-76.5074907
35.95509601,-76.49696066
35.96088752,-76.47379461
35.97036455,-76.46063208
35.98431683,-76.39824168
35.98010483,-76.38981765
35.97168081,-76.38192012
35.96273028,-76.38139362
35.94469727,-76.36521015
35.94219674,-76.36296608
35.94324974,-76.34032652
35.94693524,-76.31768695
35.97273381,-76.27240784
35.98800234,-76.21396619
35.99326736,-76.17658457
35.99300059,-76.09369673
35.98984511,-76.08313058
35.99300411,-76.06207051
35.97089106,-76.02416242
35.96036103,-76.0146854
35.95720203,-76.01415889
35.93403596,-76.0199504
35.92074575,-76.01435339
35.88991019,-76.03711642
35.85343341,-76.06320264
35.80668918,-76.05048546
35.71793465,-76.04681273
35.69034418,-76.03639345
35.66854191,-76.04334143
35.66523835,-76.04439421
35.6590668,-76.04636097
35.65130974,-76.04015024
35.64944298,-76.02986301
35.66910264,-76.01380763
35.67006544,-76.01302134
35.76819394,-75.98689957
35.83696718,-75.98714774
35.89718087,-75.97783029
35.89928688,-75.96624728
35.90139289,-75.96256175
35.92034693,-75.94781971
35.92824446,-75.9341307
35.92877095,-75.92991866
35.93192995,-75.92728615
35.94035398,-75.92675964
35.95088401,-75.93781619
35.95246352,-75.94360772
35.95562252,-75.94676674
35.95983454,-75.9472932
35.96509954,-75.9383427
35.97720908,-75.89938157
35.97878858,-75.8793745
35.97826207,-75.86042045
35.97615609,-75.84989043
35.95930804,-75.80934981
35.95404302,-75.80513779
35.944566,-75.80092579
35.93561547,-75.78249823
35.92824446,-75.78249823
35.91824092,-75.77881274
35.90139289,-75.76880919
35.87822682,-75.75196118
35.87138231,-75.75301418
35.85242826,-75.74827565
35.83926573,-75.73458662
35.82270318,-75.7272156
35.81136116,-75.72668909
35.79066621,-75.73261211
35.77830106,-75.73823261
35.7709944,-75.73935674
35.76762209,-75.73542237
35.74289179,-75.72474339
35.71422714,-75.71912288
35.70804458,-75.7151885
35.69848969,-75.7129403
35.69399327,-75.71350236
35.67207325,-75.74160496
35.65521169,-75.742167
35.63835014,-75.73710854
35.62879525,-75.72980185
35.625985,-75.72980185
35.61024754,-75.74722546
35.60350292,-75.76296292
35.59226188,-75.77813833
35.57933469,-75.77532807
35.57427622,-75.79724808
35.57090391,-75.8371538
35.57877264,-75.85176713
35.58664136,-75.85963585
35.58274284,-75.86986947
35.57315211,-75.89504513
35.55910082,-75.90684822
35.55516646,-75.90853438
35.5461736,-75.9085344
35.53830485,-75.91640313
35.53437049,-75.94562983
35.53099819,-75.95012624
35.52650179,-75.95462266
35.51132637,-75.96417755
35.50458175,-75.96473959
35.49671302,-75.96192935
35.49390276,-75.96305343
35.48434788,-75.98722166
35.47535505,-75.99565245
35.46355197,-75.99452835
35.45343503,-75.99790065
35.44219399,-76.00970374
35.43263911,-76.012514
35.42308422,-76.0113899
35.41690166,-76.01476221
35.41071908,-76.02094479
35.40847088,-76.02544119
35.4140914,-76.03724431
35.41577756,-76.0501715
35.41015703,-76.05972637
35.40509857,-76.06366074
35.39835394,-76.06366074
35.39273342,-76.06085047
35.38374059,-76.05972637
35.3708134,-76.06928126
35.36125851,-76.09288744
35.35114158,-76.12323824
35.34945543,-76.13279313
35.33877644,-76.14291007
35.3286595,-76.14291007
35.3264113,-76.14965469
35.32865946,-76.16539216
35.33203174,-76.16876448
35.33652819,-76.18225369
35.33652819,-76.20585991
35.35001739,-76.23508661
35.35001739,-76.25307227
35.34439691,-76.25756867
35.34327279,-76.26543744
35.34552099,-76.28229897
35.35563796,-76.30478103
35.35676204,-76.32726313
35.35563796,-76.33513185
35.34664511,-76.34075238
35.34552099,-76.34974523
35.34889332,-76.36548268
35.35563796,-76.37447548
35.35676204,-76.38234421
35.35676204,-76.38796473
35.34889332,-76.39920574
35.35001739,-76.40819859
35.35338972,-76.40932271
35.35901024,-76.42056376
35.36238257,-76.43180477
35.37812002,-76.43630117
35.38374054,-76.44866634
35.38374054,-76.45541095
35.38036822,-76.46215559
35.37137537,-76.47227252
35.37137537,-76.48576177
35.38149234,-76.49925102
35.41065686,-76.54029182
35.50895721,-76.58634863
35.51170687,-76.47670593
35.55054582,-76.45642718
35.55581842,-76.46776327
35.55741998,-76.47120661
35.53817235,-76.48358008
35.52889225,-76.55678978
35.53851606,-76.60044064
35.51033204,-76.63446769
35.46083816,-76.60147176
35.38711282,-76.58018651
35.38711282,-76.60604089
35.42715482,-76.71008335
35.41890584,-76.75923352
35.44794912,-76.83089654
35.47352869,-76.94202235
35.51480192,-77.02391187
35.51514508,-77.02459274
35.49510762,-77.02626027
35.49056886,-77.02663799
35.43829603,-76.96721382
35.43780975,-76.96666102
35.43364854,-76.89193779
35.34569613,-76.66402654
35.33713849,-76.60675312
35.33652819,-76.60266858
35.33315586,-76.58805523
35.33203174,-76.55433211
35.32865946,-76.54871158
35.32191481,-76.50037514
35.31404609,-76.48238949
35.29493631,-76.47227252
35.27695066,-76.46777612
35.26121323,-76.46777612
35.24322755,-76.47789305
35.24097935,-76.48351357
35.23311062,-76.49025817
35.22074547,-76.4913823
35.21287675,-76.49475462
35.20725622,-76.50487153
35.19264289,-76.5217331
35.17465722,-76.53634645
35.16678849,-76.53971875
35.14992694,-76.53634645
35.14205819,-76.53634645
35.12294846,-76.5464634
35.11620383,-76.55770443
35.10833511,-76.56107675
35.09709406,-76.56894546
35.09259766,-76.5756901
35.06786737,-76.60042036
35.06112274,-76.61390963
35.06112274,-76.62290246
35.05662633,-76.63189529
35.0510058,-76.63976401
34.96436872,-76.80142606
35.04764694,-76.958465
35.06060683,-76.98290364
35.0454837,-76.98977779
35.00492621,-76.97740432
34.96722729,-76.91074827
34.95749457,-76.89353968
34.94449285,-76.8477929
34.92037415,-76.76293082
34.96189749,-76.6856974
34.98911566,-76.63507161
34.99142829,-76.58805523
34.99817292,-76.56669728
35.00042113,-76.53971875
35.00716576,-76.50262335
35.01166217,-76.4958787
35.0172827,-76.4913823
35.03414424,-76.49025817
35.05212991,-76.48014125
35.07011557,-76.47452072
35.07534534,-76.46879576
35.07641094,-76.46346775
35.05794053,-76.43576215
35.04906054,-76.43256535
35.03094532,-76.43185494
35.00146371,-76.42546134
34.98725571,-76.40628054
34.97659971,-76.39846614
34.97517891,-76.39562454
34.97091651,-76.33204372
34.97624451,-76.32636052
34.98690051,-76.32955731
35.01673732,-76.35015891
35.02597252,-76.36081493
35.03130053,-76.36436692
35.03485253,-76.36436692
35.03307653,-76.35229012
35.02064453,-76.31854611
35.00963332,-76.29368211
35.00572612,-76.28835412
34.99720132,-76.28870931
34.99428515,-76.29092967
34.99194811,-76.29385099
34.98668973,-76.29618805
34.97624451,-76.29652371
34.96905906,-76.29069119
34.96097091,-76.2755669
34.9538669,-76.2748565
34.94001411,-76.2776981
34.9368173,-76.28409171
34.91017729,-76.31144211
34.8977453,-76.31996691
34.88211649,-76.33381972
34.87217088,-76.34767252
34.87288128,-76.36827413
34.86755328,-76.37715413
34.86258048,-76.37964053
34.85547648,-76.39526934
34.85547648,-76.40024212
34.84126848,-76.41160853
34.78507602,-76.46301636
34.68196376,-76.52471186
34.69880543,-76.58623551
34.76775694,-76.58242103
34.78748197,-76.60479572
34.78438861,-76.62060626
34.71405885,-76.61656671
34.71491038,-76.67361935
34.70756997,-76.67353723
34.65227121,-76.52330334
34.8079055,-76.38382737
34.81711487,-76.37324693
34.82421887,-76.36259092
34.84268927,-76.34127893
34.86115968,-76.3228085
34.89729763,-76.27398609
34.92592647,-76.23367197
34.96274692,-76.19493648
34.99116293,-76.16012684
35.03449735,-76.11181962
35.04870534,-76.09334921
35.07570055,-76.06990604
35.07712134,-76.06493321
35.07001736,-76.04362121
35.06504456,-76.03864838
35.05898743,-76.03593302
35.03050939,-76.0729999
34.98785827,-76.13726875
34.9054773,-76.23308774
34.85230944,-76.31021033
34.784579,-76.386804
34.71445,-76.450454
34.66197,-76.494068
34.615416,-76.524199
34.5885765,-76.53594639
34.615993,-76.555196
34.628252,-76.553806
34.630789,-76.550423
34.645585,-76.549343
34.660174,-76.579467
34.67255,-76.618719
34.677618,-76.642939
34.685524,-76.662645
34.693151,-76.676312
34.692509,-76.693751
34.69669,-76.726969
34.696899,-76.770044
34.693722,-76.817453
34.68282,-76.906257
34.669623,-76.990262
34.661184,-77.031105
34.6393515,-77.11279955
34.632926,-77.136843
34.622023,-77.169701
34.605032,-77.209161
34.587507,-77.240991
34.535574,-77.322524
34.471354,-77.462922
34.456098,-77.491796
34.44048305,-77.51796029
34.417218,-77.556943
34.400506,-77.582323
34.359555,-77.635034
34.341868,-77.661673
34.320444,-77.687226
34.294879,-77.713322
34.29271871,-77.71591574
34.272546,-77.740136
34.245641,-77.764022
34.162618,-77.829209
34.140747,-77.841785
34.079221,-77.870327
34.075671,-77.874384
34.067963,-77.878161
33.971723,-77.915536
33.945265,-77.927926
33.92864537,-77.93731344
33.912261,-77.946568
33.87779,-77.956881
33.853315,-77.960172
33.844517,-77.970606
33.858704,-78.006765
33.861406,-78.009973
33.867823,-78.009426
33.888289,-78.018689
33.906031,-78.095429
33.912178,-78.136952
33.914272,-78.17772
33.912364,-78.276147
33.901946,-78.383964
33.865515,-78.509042
33.851112,-78.541087
33.88492526,-78.58037771
33.915523,-78.615932
33.92007287,-78.62136869
33.94430894,-78.65032867
33.94539747,-78.65162938
33.95452,-78.66253
33.989268,-78.702771
33.994688,-78.710141
33.996732,-78.712206
34.04524235,-78.76948298
34.08100606,-78.81170979
34.11799634,-78.85538482
34.134395,-78.874747
34.16388104,-78.90988126
34.20904123,-78.96369215
34.23595392,-78.99576011
34.29924,-79.071169
34.359817,-79.143242
34.366753,-79.151485
34.399751,-79.190739
34.40104,-79.192041
34.406699,-79.198982
34.42112888,-79.21599335
34.44563695,-79.24488585
34.449774,-79.249763
34.48266363,-79.28670313
34.500426,-79.306653
34.514634,-79.323249
34.516282,-79.324854
34.521869,-79.331328
34.545358,-79.358317
34.621036,-79.450034
34.629027,-79.459766
34.630126,-79.461318
34.63043215,-79.46175387
34.635323,-79.468717
34.6372,-79.471599
34.64464,-79.479305
34.653819,-79.490201
34.677321,-79.519043
34.678327,-79.520269
34.706363,-79.554454
34.711996,-79.561691
34.768835,-79.631577
34.771012,-79.634216
34.804744,-79.675299
34.804897,-79.688088
34.804937,-79.690201
34.80497338,-79.69294822
34.805651,-79.744116
34.805686,-79.744925
34.805954,-79.772829
34.805931,-79.773607
34.805378,-79.870693
34.80580704,-79.89144336
34.806555,-79.927618
34.8081406,-80.0005412
34.808726,-80.027464
34.809097,-80.042764
34.809736,-80.072912
34.809716,-80.077223
34.810147,-80.098022
34.810147,-80.098994
34.8108107,-80.13116942
34.81138997,-80.15925224
34.81284323,-80.22970477
34.812931,-80.23396
34.81358869,-80.28362688
34.81386761,-80.30468982
34.81407567,-80.32040239
34.81446851,-80.3500683
34.815128,-80.399871
34.815508,-80.417014
34.815622,-80.418433
34.815581,-80.419586
34.81581,-80.425902
34.815968,-80.434843
34.816332,-80.448766
34.816396,-80.45166
34.81673212,-80.48523391
34.81673663,-80.48568354
34.816798,-80.491814
34.817261,-80.499788
34.817481,-80.561657
34.81748119,-80.56167357
34.818174,-80.621222
34.818239,-80.625993
34.818217,-80.626077
34.818568,-80.644656
34.818592,-80.646601
34.81890749,-80.68407365
34.819646,-80.771792
34.819697,-80.777712
34.819786,-80.797543
34.8238736,-80.79699676
34.83799865,-80.79510917
34.935782,-80.782042
34.962894,-80.806461
34.963249,-80.806784
34.979695,-80.82156
35.00163587,-80.8403834
35.05351,-80.884887
35.07661643,-80.90641643
35.076763,-80.906553
35.107409,-80.93495
35.092639,-80.95787
35.07756765,-80.9841603
35.044703,-81.041489
35.055246,-81.050018
35.060121,-81.055695
35.062433,-81.057648
35.07319,-81.058029
35.086129,-81.057236
35.096276,-81.052078
35.098817,-81.050079
35.100617,-81.046524
35.102541,-81.037369
35.104105,-81.034958
35.108049,-81.032806
35.110033,-81.032471
35.113747,-81.033005
35.122552,-81.036759
35.126299,-81.038968
35.131048,-81.05042
35.131654,-81.051037
35.133237,-81.051204
35.143743,-81.047826
35.145157,-81.047091
35.147918,-81.044391
35.14839,-81.043407
35.14924813,-81.04287046
35.14987729,-81.04362545
35.15204733,-81.07725344
35.154115,-81.109295
35.15418459,-81.1108398
35.1554174,-81.1382068
35.159974,-81.239358
35.160081,-81.241686
35.1611401,-81.26919911
35.16196669,-81.29067191
35.1634044,-81.32802037
35.16488946,-81.36659895
35.164893,-81.366691
35.16802439,-81.44562681
35.168293,-81.452398
35.168657,-81.461408
35.169951,-81.493401
35.169882,-81.494265
35.17174354,-81.54514951
35.17308,-81.581681
35.17450377,-81.61487721
35.17586896,-81.64670741
35.17733122,-81.68080098
35.178852,-81.716259
35.17951079,-81.73849192
35.18038698,-81.76806214
35.18051407,-81.77235111
35.181395,-81.802081
35.18348936,-81.85783201
35.184113,-81.874433
35.185505,-81.925612
35.18722794,-81.96932552
35.188493,-82.001422
35.18944911,-82.03965077
35.190698,-82.089586
35.193122,-82.138947
35.193699,-82.167676
35.19379,-82.176874
35.194355,-82.185513
35.194951,-82.195483
35.196044,-82.216217
35.196764,-82.230517
35.196784,-82.230915
35.198636,-82.257515
35.200071,-82.27492
35.199858,-82.282516
35.198605,-82.288453
35.194965,-82.295354
35.193012,-82.307166
35.191089,-82.314863
35.190678,-82.315871
35.187858,-82.317871
35.184789,-82.32335
35.185056,-82.326917
35.186767,-82.330549
35.189032,-82.330779
35.190645,-82.332975
35.190661,-82.333934
35.18901,-82.338013
35.18893,-82.339508
35.189188,-82.340133
35.19151,-82.341194
35.193115,-82.344554
35.192858,-82.350086
35.19224851,-82.35350824
35.19083073,-82.36146901
35.18963936,-82.36325607
35.18800122,-82.36355391
35.18621416,-82.36347945
35.18472494,-82.36429852
35.18174651,-82.36898956
35.18144867,-82.37129784
35.182201,-82.373218
35.1844271,-82.37680794
35.18688431,-82.37971191
35.1895649,-82.38090329
35.19120304,-82.38120113
35.19358578,-82.38060544
35.19589407,-82.37919069
35.19805343,-82.37874392
35.202276,-82.380524
35.207646,-82.383776
35.210542,-82.384029
35.215395,-82.390439
35.215402,-82.39293
35.213214,-82.395697
35.204473,-82.403348
35.202483,-82.411301
35.200131,-82.417597
35.198613,-82.419744
35.193092,-82.424461
35.183224,-82.428
35.17078447,-82.43412629
35.16771546,-82.43568869
35.165863,-82.439595
35.16503705,-82.44896914
35.16526025,-82.45120114
35.16899887,-82.45293095
35.17262588,-82.45276355
35.17469048,-82.45298675
35.17742469,-82.45560936
35.178143,-82.460092
35.174633,-82.467991
35.174619,-82.472313
35.175486,-82.476136
35.173798,-82.483937
35.172494,-82.487357
35.169715,-82.490766
35.164312,-82.495506
35.163675,-82.499843
35.163894,-82.506137
35.163442,-82.516044
35.163029,-82.51691
35.162643,-82.517284
35.161044,-82.51921
35.1588509,-82.52140287
35.15674885,-82.52593035
35.15561698,-82.52997276
35.15561698,-82.53255989
35.15691055,-82.53466194
35.158664,-82.535967
35.159259,-82.536218
35.16030616,-82.540483
35.16030616,-82.54452539
35.16030616,-82.54743593
35.15949768,-82.55050815
35.15804242,-82.55293359
35.15691055,-82.55422716
35.154639,-82.554871
35.15286815,-82.55487394
35.15173628,-82.55616752
35.1509278,-82.55859295
35.151644,-82.560807
35.15157458,-82.56376723
35.15011931,-82.56619266
35.14769388,-82.56748623
35.14526844,-82.56991167
35.14364825,-82.57421467
35.142104,-82.578316
35.141742,-82.580687
35.142352,-82.581836
35.143142,-82.586035
35.142928,-82.588158
35.139002,-82.59243
35.137729,-82.59814
35.139036,-82.602358
35.13903891,-82.60970582
35.1382337,-82.61244356
35.137529,-82.613866
35.136701,-82.614402
35.13527,-82.617993
35.134635,-82.621185
35.130432,-82.624847
35.127903,-82.626436
35.12615546,-82.629031
35.12583338,-82.63257396
35.1263165,-82.63466751
35.12808798,-82.63821046
35.12921528,-82.64223654
35.12841007,-82.64529636
35.12677,-82.648694
35.12486712,-82.65141599
35.12196835,-82.65350955
35.11939166,-82.65785772
35.118123,-82.662381
35.1181033,-82.66961388
35.11939166,-82.67251265
35.12100208,-82.67331787
35.12325669,-82.67508935
35.12535025,-82.67686082
35.12615547,-82.6808869
35.12583338,-82.68362463
35.12454503,-82.68604028
35.121822,-82.686496
35.11979,-82.686738
35.119287,-82.687641
35.1181033,-82.68893905
35.11617079,-82.69054949
35.1147214,-82.69119366
35.11327202,-82.6913547
35.11150054,-82.69071053
35.10860176,-82.68877801
35.10634716,-82.68845593
35.104117,-82.689634
35.09845604,-82.69489765
35.0971677,-82.69860164
35.09748978,-82.70101729
35.09765083,-82.70391607
35.096542,-82.707152
35.092943,-82.715297
35.093265,-82.720442
35.094341,-82.723462
35.094142,-82.72701
35.091978,-82.728961
35.09059,-82.729517
35.08782719,-82.72968297
35.08637781,-82.73097132
35.082701,-82.735904
35.07945295,-82.7383793
35.07832565,-82.74176121
35.07913086,-82.74643146
35.07848669,-82.74949128
35.07574895,-82.75110172
35.073463,-82.751265
35.06962932,-82.75416154
35.06801888,-82.75770449
35.068177,-82.764464
35.06547618,-82.77004602
35.06414339,-82.77737641
35.066817,-82.781973
35.069043,-82.780546
35.07043453,-82.77992844
35.07220601,-82.77992844
35.073674,-82.779116
35.076885,-82.777407
35.081349,-82.776357
35.083575,-82.778651
35.084492,-82.781062
35.084585,-82.78113
35.0856,-82.783283
35.085024,-82.787867
35.078748,-82.809766
35.056021,-82.897499
35.02995,-82.999867
35.02759451,-83.00863928
35.000771,-83.108535
35.00076812,-83.10871415
34.999456,-83.19041
34.995874,-83.322768
34.99348406,-83.48290761
34.992492,-83.549381
34.992091,-83.620185
34.986592,-83.619985
34.987691,-83.749893
34.987289,-83.831097
34.98748457,-83.936413
34.987485,-83.936646
34.98744032,-84.00545679
34.98743,-84.021357
34.987321,-84.029954
34.98750382,-84.12945479
34.987504,-84.129555
34.988408,-84.321869
35.078883,-84.310022
35.092761,-84.308576
35.093173,-84.308437
35.121702,-84.304809
35.167468,-84.298006
35.182442,-84.295238
35.206677,-84.292321
35.225572,-84.29024
35.224677,-84.289621
35.224468,-84.287982
35.226577,-84.28322
35.227877,-84.28252
35.234777,-84.27542
35.241877,-84.260319
35.246177,-84.257719
35.249477,-84.252819
35.253178,-84.243019
35.255178,-84.240219
35.264778,-84.231818
35.267878,-84.227818
35.269078,-84.223718
35.267978,-84.216318
35.266078,-84.211818
35.259679,-84.205517
35.258279,-84.205317
35.255772,-84.202879
35.247779,-84.201717
35.244679,-84.200117
35.243679,-84.199117
35.243079,-84.192217
35.239979,-84.188417
35.240679,-84.178516
35.242379,-84.177016
35.245779,-84.170416
35.24578,-84.168616
35.24348,-84.161316
35.24388,-84.160416
35.24588,-84.158916
35.24648,-84.155316
35.246879,-84.143124
35.24618,-84.139715
35.24478,-84.136415
35.24367911,-84.13329895
35.24336418,-84.13056961
35.24367911,-84.12889001
35.24441393,-84.12731539
35.246481,-84.126815
35.249381,-84.125615
35.24983,-84.124915
35.250644,-84.12115
35.250438,-84.115279
35.249765,-84.115048
35.249081,-84.114414
35.248981,-84.113314
35.25033,-84.108449
35.248781,-84.103135
35.248115,-84.10227
35.247382,-84.097508
35.249981,-84.092213
35.257082,-84.082913
35.258882,-84.082813
35.261146,-84.081117
35.263182,-84.074713
35.263782,-84.070612
35.266682,-84.063712
35.268182,-84.055712
35.269982,-84.052612
35.278383,-84.042711
35.288683,-84.036011
35.29217567,-84.02911
35.292783,-84.02791
35.295783,-84.02351
35.301383,-84.02141
35.309283,-84.02651
35.310383,-84.02871
35.311983,-84.03501
35.312883,-84.03571
35.317783,-84.03551
35.325318,-84.032479
35.32653,-84.03245
35.328583,-84.032209
35.330483,-84.030409
35.333197,-84.029377
35.336438,-84.031272
35.336845,-84.03243
35.348363,-84.038081
35.34985,-84.037494
35.350833,-84.035343
35.353896,-84.024756
35.354217,-84.023456
35.357503,-84.020188
35.359569,-84.019193
35.364868,-84.015121
35.371661,-84.007586
35.378883,-84.008307
35.382683,-84.009807
35.384383,-84.011207
35.386183,-84.010607
35.389683,-84.008207
35.390383,-84.008207
35.397783,-84.014107
35.398483,-84.015207
35.399083,-84.018107
35.399783,-84.018807
35.404183,-84.021507
35.40741793,-84.02178161
35.40984303,-84.02063288
35.411183,-84.017607
35.411983,-84.014707
35.415383,-84.011706
35.420883,-84.005306
35.422548,-84.00225
35.425201,-83.999906
35.42614,-83.999242
35.430786,-83.998154
35.433761,-83.996619
35.438065,-83.992568
35.44235,-83.983233
35.44782,-83.978286
35.448921,-83.973057
35.452582,-83.973171
35.455145,-83.971439
35.455443,-83.969845
35.454941,-83.966656
35.455399,-83.965229
35.459496,-83.9614
35.462838,-83.961054
35.463738,-83.961056
35.464143,-83.961053
35.464211,-83.957821
35.463456,-83.955416
35.460635,-83.952882
35.46064529,-83.95281408
35.461164,-83.949389
35.465084,-83.942987
35.467254,-83.942172
35.471511,-83.937015
35.47333,-83.929743
35.473884,-83.924895
35.473367,-83.919564
35.473612,-83.916801
35.476028,-83.911773
35.479714,-83.909265
35.484397,-83.90804
35.48906,-83.905612
35.491026,-83.901527
35.493095,-83.900338
35.494191,-83.9002
35.495278,-83.901403
35.496553,-83.901381
35.501868,-83.895669
35.502253,-83.893031
35.503089,-83.892074
35.512754,-83.884262
35.517182,-83.882563
35.518745,-83.880074
35.521145,-83.87263
35.52091,-83.866413
35.521851,-83.859261
35.521059,-83.853898
35.519259,-83.848502
35.52156,-83.840203
35.524766,-83.831895
35.524653,-83.827428
35.523829,-83.82559
35.53431,-83.809798
35.536415,-83.808713
35.541588,-83.802434
35.5472,-83.786802
35.550387,-83.780129
35.557465,-83.773092
35.562118,-83.771736
35.561538,-83.764606
35.562492,-83.759675
35.563604,-83.756917
35.561146,-83.749894
35.565455,-83.735669
35.563149,-83.732947
35.561874,-83.723459
35.563347,-83.720787
35.568533,-83.707199
35.568476,-83.703846
35.567634,-83.702099
35.567621,-83.700663
35.568352,-83.697827
35.568848,-83.684154
35.570289,-83.676268
35.568974,-83.673093
35.569389,-83.666272
35.569138,-83.662957
35.568207,-83.660925
35.569211,-83.657933
35.568309,-83.653159
35.565825,-83.645481
35.566075,-83.640498
35.567096,-83.637182
35.568169,-83.635832
35.569093,-83.632358
35.567889,-83.629734
35.574026,-83.615312
35.579451,-83.608889
35.57934,-83.604806
35.578228,-83.601854
35.572912,-83.59427
35.566963,-83.587827
35.564017,-83.58714
35.562941,-83.58559
35.562684,-83.582
35.564019,-83.576345
35.565518,-83.572424
35.565993,-83.56609
35.564796,-83.559264
35.564346,-83.552167
35.565702,-83.540826
35.564668,-83.534169
35.565602,-83.520469
35.562871,-83.517564
35.562981,-83.498335
35.566867,-83.491647
35.568204,-83.485527
35.576633,-83.480617
35.579202,-83.478523
35.582764,-83.479317
35.583316,-83.479082
35.584775,-83.475367
35.586552,-83.472684
35.589125,-83.472668
35.590304,-83.471362
35.5926,-83.462678
35.598045,-83.455722
35.602918,-83.452431
35.608664,-83.447137
35.611803,-83.445802
35.611739,-83.441197
35.609941,-83.432298
35.611186,-83.421576
35.611596,-83.420964
35.613467,-83.42037
35.61692,-83.411852
35.620185,-83.406061
35.621313,-83.403569
35.62272,-83.396626
35.625095,-83.392652
35.632352,-83.388602
35.633584,-83.388722
35.634705,-83.380251
35.634496,-83.377984
35.636638,-83.376785
35.638935,-83.373712
35.63931,-83.372174
35.638204,-83.370369
35.638202,-83.368162
35.638728,-83.366941
35.647277,-83.358209
35.650019,-83.356202
35.652338,-83.355367
35.654632,-83.355537
35.657478,-83.353776
35.659858,-83.35156
35.660854,-83.349255
35.660474,-83.347262
35.663074,-83.337683
35.665471,-83.334965
35.662815,-83.321101
35.659015,-83.317905
35.654809,-83.312757
35.654452,-83.31049
35.656064,-83.302279
35.65775,-83.297154
35.661919,-83.293676
35.667131,-83.291075
35.672638,-83.290682
35.674509,-83.289165
35.677802,-83.281178
35.679463,-83.27548
35.681476,-83.271378
35.68540324,-83.26927705
35.68753486,-83.26538997
35.68916493,-83.2612521
35.69192351,-83.25811735
35.69606137,-83.25560956
35.701493,-83.255126
35.70396093,-83.25611111
35.70709567,-83.255108
35.70947808,-83.25423027
35.71236204,-83.25448105
35.714974,-83.255489
35.71623,-83.255351
35.719916,-83.251247
35.722533,-83.243501
35.723638,-83.242132
35.72676,-83.240669
35.726098,-83.232042
35.726138,-83.222627
35.726601,-83.219981
35.725752,-83.216972
35.724434,-83.214501
35.726553,-83.203752
35.725331,-83.200126
35.725494,-83.198267
35.729798,-83.18837
35.72989,-83.185685
35.735492,-83.182097
35.738882,-83.180836
35.743913,-83.177499
35.745978,-83.171867
35.746107,-83.170173
35.754618,-83.16477
35.7587,-83.165427
35.759965,-83.164909
35.763363,-83.161537
35.764892,-83.159208
35.76428,-83.15408
35.764295,-83.14808
35.765124,-83.14697
35.768093,-83.127707
35.766234,-83.120183
35.770211,-83.113662
35.770913,-83.110491
35.77348,-83.104805
35.77423,-83.104584
35.775071,-83.10232
35.774745,-83.100233
35.774804,-83.100329
35.774765,-83.100225
35.776067,-83.097193
35.783627,-83.086054
35.785794,-83.085205
35.789472,-83.078732
35.790016,-83.07403
35.78831,-83.072221
35.786643,-83.063975
35.786774,-83.061507
35.788241,-83.05834
35.789548,-83.052677
35.787706,-83.04853
35.785853,-83.046307
35.785347,-83.044108
35.785407,-83.042666
35.786777,-83.03951
35.787405,-83.036209
35.779818,-83.012377
35.778404,-83.006067
35.773752,-83.001473
35.773128,-82.995803
35.773948,-82.992053
35.77801,-82.98397
35.78261,-82.978414
35.78679,-82.974463
35.789663,-82.969648
35.78998,-82.964088
35.79185282,-82.96281786
35.792755,-82.962206
35.795126,-82.962842
35.800491,-82.961724
35.803323,-82.95895
35.807874,-82.956127
35.809802,-82.955751
35.816183,-82.952026
35.824662,-82.945515
35.825638,-82.94383
35.82731994,-82.93743669
35.832915,-82.933221
35.83635127,-82.93185851
35.838586,-82.927569
35.83927317,-82.92335843
35.84166382,-82.92017091
35.84485135,-82.91910839
35.851073,-82.920974
35.86052337,-82.91937402
35.86397652,-82.91831152
35.86610155,-82.91645212
35.872593,-82.901301
35.87460162,-82.89971759
35.87752352,-82.89918634
35.87991417,-82.89971759
35.88230482,-82.90104574
35.88549235,-82.90396763
35.88761736,-82.90370202
35.89027364,-82.90184261
35.89292992,-82.90184261
35.897011,-82.904543
35.907397,-82.906917
35.91471135,-82.91167083
35.92161766,-82.91193646
35.92586771,-82.9114052
35.92693022,-82.91060832
35.92719585,-82.90635829
35.92852399,-82.90343638
35.92985212,-82.90237387
35.93144589,-82.90157698
35.937713,-82.901713
35.94509979,-82.89850552
35.945101,-82.898505
35.944624,-82.896947
35.945182,-82.892659
35.949192,-82.883933
35.952698,-82.874159
35.95199,-82.870666
35.950565,-82.869315
35.94743,-82.860724
35.949089,-82.852554
35.947772,-82.849849
35.941721,-82.841259
35.940166,-82.839994
35.934993,-82.833268
35.932972,-82.830112
35.932932,-82.828933
35.929721,-82.826045
35.922531,-82.82257
35.921839,-82.821861
35.923986,-82.81613
35.926801,-82.811067
35.927241,-82.809038
35.927168,-82.804997
35.929013,-82.802892
35.930129,-82.802769
35.935316,-82.805771
35.936908,-82.806174
35.937938,-82.805851
35.944155,-82.800431
35.952163,-82.787465
35.959231,-82.785191
35.96253,-82.785356
35.963905,-82.784536
35.964982,-82.783085
35.966912,-82.777751
35.971978,-82.774905
35.973886,-82.776434
35.974792,-82.778625
35.974365,-82.780319
35.974562,-82.781809
35.977795,-82.785558
35.987927,-82.785267
35.992511,-82.779397
35.997001,-82.778589
35.998811,-82.777283
36.000103,-82.776001
36.003003,-82.765365
36.004203,-82.759165
36.004304,-82.754465
36.006004,-82.750065
36.017604,-82.731865
36.018504,-82.727865
36.018204,-82.725065
36.022804,-82.715965
36.024253,-82.715365
36.026904,-82.715565
36.028604,-82.715165
36.030104,-82.707465
36.032404,-82.703165
36.034404,-82.701065
36.038604,-82.688865
36.042004,-82.685565
36.045004,-82.684765
36.046104,-82.683565
36.050405,-82.672965
36.052905,-82.668365
36.055005,-82.662665
36.056636,-82.657249
36.056225,-82.654815
36.057805,-82.650165
36.062805,-82.643565
36.065805,-82.637165
36.065705,-82.632265
36.062105,-82.628365
36.056105,-82.618664
36.054205,-82.617264
36.051205,-82.618064
36.047005,-82.618164
36.046406,-82.613563
36.044906,-82.609663
36.041006,-82.606163
36.039833,-82.602877
36.03742216,-82.60074106
36.03416201,-82.59878499
36.03187993,-82.59617689
36.02959783,-82.59487283
36.02601168,-82.59552486
36.02177352,-82.60008904
36.01818737,-82.60432721
36.006206,-82.611862
36.004706,-82.613862
36.003506,-82.614362
36.000306,-82.615062
35.994,-82.613028
35.993488,-82.612604
35.99217,-82.606944
35.987319,-82.604239
35.984446,-82.60674
35.974442,-82.610885
35.971418,-82.611602
35.967409,-82.610889
35.966023,-82.607761
35.964626,-82.60037
35.965347,-82.59486
35.966385,-82.591977
35.965557,-82.581003
35.964196,-82.577719
35.959255,-82.576678
35.958384,-82.57517
35.955552,-82.567503
35.953901,-82.557874
35.960627,-82.553192
35.964275,-82.549682
35.967994,-82.542463
35.969115,-82.539273
35.969887,-82.534763
35.972188,-82.531292
35.973436,-82.522702
35.974633,-82.52066
35.975958,-82.516444
35.975664,-82.512598
35.977475,-82.507068
35.97768,-82.505384
35.982561,-82.500206
35.991557,-82.487451
35.991634,-82.487411
35.992849,-82.484678
35.993866,-82.483666
35.996284,-82.483498
35.997823,-82.482292
36.000108,-82.47419
36.006508,-82.464558
36.007809,-82.460658
36.07275847,-82.41667106
36.083409,-82.409458
36.087609,-82.404458
36.096909,-82.389958
36.099309,-82.380458
36.102809,-82.378758
36.105609,-82.375558
36.106388,-82.371383
36.10765,-82.366566
36.110614,-82.360919
36.111609,-82.360357
36.115609,-82.355157
36.117109,-82.349957
36.115929,-82.348422
36.115209,-82.346857
36.114909,-82.336756
36.116935,-82.332289
36.117427,-82.329177
36.119363,-82.325169
36.119551,-82.321448
36.12091,-82.318156
36.12651,-82.308655
36.12851,-82.307255
36.13131,-82.302855
36.13351,-82.297655
36.13571,-82.289455
36.13541,-82.288455
36.12881,-82.280354
36.12851,-82.278654
36.12941,-82.274054
36.12761,-82.270954
36.12703979,-82.26875047
36.12761355,-82.26569041
36.13011,-82.263354
36.13371,-82.260353
36.13392492,-82.25631898
36.13371,-82.253253
36.13221,-82.251853
36.13086486,-82.24752131
36.1327774,-82.24446125
36.134311,-82.243353
36.137111,-82.241553
36.139189,-82.237737
36.139926,-82.236415
36.140748,-82.235479
36.14172,-82.234807
36.146622,-82.228288
36.150011,-82.224852
36.15477156,-82.22323209
36.156911,-82.222052
36.15783162,-82.21845076
36.159112,-82.213852
36.159012,-82.211251
36.15706661,-82.20487176
36.15496282,-82.20181169
36.152713,-82.199251
36.150013,-82.19535
36.148813,-82.19195
36.14788643,-82.18785018
36.145414,-82.18475
36.144414,-82.18365
36.143714,-82.182549
36.14329635,-82.17886126
36.14387011,-82.17560994
36.145314,-82.173849
36.146414,-82.172149
36.146614,-82.169249
36.14654766,-82.16088341
36.148115,-82.155948
36.149516,-82.147948
36.144216,-82.144147
36.136216,-82.140847
36.128817,-82.136547
36.123717,-82.136546
36.119576,-82.137974
36.106417,-82.130646
36.104417,-82.127146
36.104618,-82.115245
36.107218,-82.109145
36.108119,-82.105444
36.106219,-82.101644
36.105719,-82.098544
36.10602,-82.085943
36.10572827,-82.08030292
36.10572,-82.080143
36.10652,-82.079743
36.11202,-82.067142
36.113121,-82.061342
36.120721,-82.056042
36.123921,-82.056042
36.126821,-82.054142
36.125421,-82.043941
36.121122,-82.037941
36.120422,-82.033141
36.124322,-82.02874
36.129222,-82.02634
36.130222,-82.02664
36.228131,-81.960101
36.256067,-81.938897
36.264881,-81.932994
36.28711019,-81.91811328
36.302013,-81.908137
36.307446,-81.897701
36.307183,-81.894569
36.309193,-81.887243
36.313767,-81.879382
36.316075,-81.876182
36.31919,-81.874336
36.330209,-81.863148
36.3347867,-81.85733308
36.3374999,-81.85088923
36.34036,-81.845638
36.343321,-81.841268
36.347339,-81.833202
36.348819,-81.822493
36.35106588,-81.81290446
36.354121,-81.808255
36.358073,-81.800812
36.35784888,-81.79526869
36.35479653,-81.79187719
36.35174419,-81.79018144
36.34869184,-81.78746825
36.34767439,-81.78407675
36.347656,-81.781318
36.34631779,-81.77797206
36.341042,-81.768977
36.33851735,-81.76610181
36.3388565,-81.76237116
36.3381782,-81.76067543
36.3374999,-81.75796222
36.337044,-81.75442
36.337356,-81.747842
36.337778,-81.744461
36.339757,-81.739498
36.3408914,-81.73490005
36.341187,-81.730976
36.340364,-81.725938
36.338645,-81.721015
36.336169,-81.717186
36.3341084,-81.71319448
36.335171,-81.707438
36.338496,-81.705966
36.341852,-81.705299
36.346007,-81.707785
36.34937013,-81.71387276
36.35038759,-81.7182817
36.35310078,-81.72133406
36.35479653,-81.72269065
36.35852718,-81.72370811
36.36090123,-81.72404726
36.36429272,-81.72404726
36.368893,-81.726082
36.374062,-81.731178
36.37650212,-81.73286516
36.3798936,-81.73218684
36.382943,-81.730737
36.3880332,-81.7298128
36.39040725,-81.73049111
36.39210299,-81.73150855
36.39457,-81.733877
36.39719024,-81.73795239
36.40159918,-81.73964816
36.40668643,-81.73964816
36.41075623,-81.73829155
36.413342,-81.734312
36.415422,-81.729924
36.422537,-81.720734
36.428762,-81.717939
36.4331401,-81.71692512
36.43653161,-81.71522937
36.4385665,-81.71522937
36.44127969,-81.71556853
36.44433204,-81.71522937
36.44704524,-81.71421192
36.450978,-81.714277
36.453365,-81.715082
36.45721973,-81.71489023
36.462217,-81.708247
36.464212,-81.701076
36.463959,-81.699223
36.464741,-81.697975
36.467912,-81.695311
36.473283,-81.694533
36.474463,-81.694829
36.475499,-81.696281
36.484738,-81.697287
36.49158,-81.695907
36.493393,-81.696835
36.496141,-81.697261
36.497221,-81.698265
36.498018,-81.699928
36.500475,-81.700238
36.500865,-81.699923
36.504063,-81.69797
36.504887,-81.69729
36.507544,-81.697829
36.508448,-81.697744
36.511504,-81.699446
36.512883,-81.699601
36.514158,-81.700093
36.51519,-81.700553
36.520317,-81.702543
36.526101,-81.707573
36.532113,-81.708262
36.536209,-81.707963
36.536829,-81.699962
36.539714,-81.699962
36.544359,-81.697539
36.549083,-81.693844
36.552154,-81.69003
36.55591228,-81.68911485
36.55964293,-81.69013229
36.56269528,-81.69216721
36.56574762,-81.69250634
36.568718,-81.690236
36.567918,-81.686436
36.568618,-81.679936
36.570718,-81.677036
36.574406,-81.677236
36.578918,-81.679036
36.585518,-81.680137
36.588117,-81.677535
36.587019,-81.600934
36.58052,-81.521032
36.57982,-81.499831
36.579026,-81.489387
36.580421,-81.47643
36.576822,-81.442228
36.574673,-81.374824
36.574723,-81.353322
36.574724,-81.35316928
36.575024,-81.307511
36.573924,-81.262303
36.573225,-81.249816
36.571926,-81.176712
36.571026,-81.171212
36.569527,-81.14181
36.569227,-81.124809
36.567328,-81.083206
36.56702,-81.061866
36.566976,-81.058844
36.564429,-81.011402
36.563629,-81.003802
36.563196,-80.945988
36.563058,-80.944338
36.56175438,-80.90183636
36.561751,-80.901726
36.55913088,-80.8379545
36.559118,-80.837641
36.559154,-80.837089
36.560813,-80.80392
36.560307,-80.773663
36.562349,-80.730351
36.562319,-80.704831
36.559221,-80.653349
36.558408,-80.624788
36.55787136,-80.61204546
36.55063,-80.4401
36.550302,-80.432628
36.550219,-80.431605
36.543973,-80.295243
36.543867,-80.228263
36.543748,-80.225408
36.543219,-80.171636
36.54319,-80.169535
36.542646,-80.122183
36.54253666,-80.05345825
36.542495,-80.027269
36.542502,-79.967511
36.542475,-79.966979
36.54244725,-79.92023818
36.542438,-79.904662
36.542838,-79.887262
36.54200236,-79.71483984
36.541772,-79.667309
36.541772,-79.666827
36.54074008,-79.51096118
36.540738,-79.510647
36.54102484,-79.47004669
36.541195,-79.445961
36.541218,-79.445687
36.54117647,-79.34268608
36.541139,-79.24974
36.54149052,-79.21863632
36.541594,-79.20948
36.541571,-79.208686
36.541739,-79.137936
36.541533,-79.126078
36.541568,-79.124736
36.542123,-78.971814
36.542154,-78.970577
36.542079,-78.942254
36.542113,-78.942009
36.541974,-78.91542
36.541972,-78.914543
36.541713,-78.7963
36.541727,-78.76543
36.541852,-78.758392
36.54190228,-78.73412191
36.542035,-78.670051
36.542011,-78.663317
36.541092,-78.605304
36.541004,-78.533013
36.540981,-78.529722
36.541065,-78.509965
36.542307,-78.471022
36.542316,-78.470792
36.542474,-78.45697
36.542687,-78.441199
36.542666,-78.436333
36.543809,-78.323912
36.544341,-78.246681
36.544411,-78.245462
36.543847,-78.133323
36.543811,-78.132911
36.54416807,-78.04620185
36.544196,-78.03942
36.544173,-78.038938
36.544663,-77.899771
36.544737,-77.882357
36.544754,-77.87528
36.54541379,-77.76711695
36.54552,-77.749706
36.54473916,-77.29687513
36.544581,-77.205156
36.546164,-77.190175
36.547315,-77.16966
36.54633,-77.1645
36.544078,-77.152691
36.543986,-77.124812
36.544626,-77.095062
36.543815,-76.916048
36.546046,-76.917318
36.550742,-76.916989
36.552093,-76.915897
36.550606,-76.807078
36.550659,-76.781296
36.550381,-76.749678
36.550985,-76.738329
36.550744,-76.575496
36.550312,-76.541687
36.55031445,-76.54139368
36.5507318,-76.49148262
36.550951,-76.465268
36.550551,-76.313215
36.55055101,-76.31319638
36.55062091,-76.12236034