1463,Ohio
39.21583522,-81.72558347
39.215068,-81.726973
39.211884,-81.729949
39.205868,-81.733357
39.196268,-81.735805
39.193836,-81.737085
39.189596,-81.741533
39.186489,-81.749853
39.184676,-81.752754
39.180976,-81.755754
39.1805242,-81.75581505
39.177276,-81.756254
39.171476,-81.754254
39.148413,-81.744621
39.141933,-81.743565
39.138829,-81.744525
39.130898,-81.744838
39.126816,-81.744568
39.116777,-81.742153
39.106578,-81.742953
39.102378,-81.743853
39.098078,-81.745453
39.09537845,-81.7472527
39.095378,-81.747253
39.089878,-81.752353
39.084078,-81.760753
39.081978,-81.764854
39.078378,-81.775554
39.078078,-81.781454
39.078578,-81.785554
39.079778,-81.790754
39.082878,-81.798155
39.083878,-81.803055
39.083978,-81.807855
39.083278,-81.810655
39.082078,-81.812355
39.079278,-81.813855
39.073478,-81.814155
39.065878,-81.813355
39.059578,-81.811655
39.055178,-81.808955
39.047678,-81.803355
39.044978,-81.800355
39.040353,-81.793304
39.036579,-81.786554
39.026179,-81.772854
39.019979,-81.767253
39.015279,-81.764253
39.006579,-81.764253
39.002579,-81.765153
39.000115,-81.767188
38.996845,-81.771975
38.993682,-81.774062
38.990107,-81.775551
38.985142,-81.776723
38.982048,-81.776466
38.980737,-81.775734
38.972773,-81.779883
38.964935,-81.78182
38.958975,-81.780736
38.955892,-81.778845
38.951645,-81.77396
38.948707,-81.769703
38.937152,-81.756975
38.933545,-81.756131
38.927942,-81.758506
38.925828,-81.759995
38.924121,-81.762659
38.922946,-81.766227
38.92273,-81.76976
38.922965,-81.774106
38.924804,-81.781248
38.926193,-81.785647
38.930204,-81.793372
38.932498,-81.796376
38.942112,-81.806137
38.946168,-81.814235
38.947016,-81.819692
38.946603,-81.825026
38.945898,-81.827354
38.943697,-81.831516
38.937135,-81.838067
38.928746,-81.844486
38.913192,-81.84607
38.910088,-81.845312
38.901407,-81.848653
38.892734,-81.855971
38.89019,-81.858921
38.881174,-81.874857
38.874279,-81.889233
38.873869,-81.892837
38.874582,-81.898541
38.87846,-81.908645
38.879294,-81.910312
38.88427,-81.915898
38.891602,-81.926967
38.893492,-81.928
38.895371,-81.928352
38.901311,-81.926671
38.908615,-81.919098
38.910604,-81.917757
38.915564,-81.911936
38.917403,-81.908341
38.924338,-81.90091
38.925405,-81.899953
38.929603,-81.89847
38.937671,-81.900595
38.945262,-81.9066
38.954343,-81.912443
38.966595,-81.918214
38.977508,-81.926561
38.987659,-81.933186
38.990414,-81.936828
38.993295,-81.941829
38.996032,-81.951447
38.995227,-81.95926
38.994275,-81.960832
38.992955,-81.967769
38.992413,-81.973871
38.992679,-81.977455
38.993193,-81.979371
38.994351,-81.981158
38.995697,-81.982032
39.001978,-81.982761
39.005478,-81.983761
39.011978,-81.987061
39.018378,-81.991361
39.022478,-81.994961
39.027878,-82.002261
39.029578,-82.007062
39.030078,-82.017562
39.028378,-82.027262
39.025478,-82.035963
39.022678,-82.038763
39.017878,-82.041563
39.003778,-82.045663
38.997278,-82.049163
38.994378,-82.051563
38.990078,-82.058764
38.984878,-82.068864
38.981078,-82.079364
38.975978,-82.089065
38.973778,-82.091565
38.97098,-82.093165
38.964578,-82.094865
38.95831932,-82.09887337
38.955678,-82.100565
38.945579,-82.109065
38.940379,-82.110866
38.935279,-82.110565
38.932579,-82.111666
38.921079,-82.120966
38.909979,-82.128866
38.905579,-82.134766
38.898079,-82.143167
38.891679,-82.144567
38.883479,-82.145267
38.87708,-82.142167
38.870345,-82.139988
38.86502,-82.139224
38.851394,-82.141616
38.84048,-82.144867
38.83698,-82.147667
38.824632,-82.16157
38.822437,-82.165898
38.817376,-82.179478
38.815137,-82.191172
38.808688,-82.19928
38.802672,-82.20929
38.798691,-82.214494
38.79568,-82.217269
38.787187,-82.221566
38.77981,-82.221518
38.773739,-82.220449
38.76835,-82.216614
38.763943,-82.207141
38.760372,-82.201537
38.757725,-82.198882
38.752441,-82.195606
38.741182,-82.193268
38.737382,-82.189668
38.734082,-82.188268
38.722482,-82.186568
38.715882,-82.184567
38.708782,-82.182467
38.705482,-82.182867
38.699182,-82.185067
38.687382,-82.190167
38.680383,-82.190867
38.672683,-82.187667
38.666783,-82.186067
38.659583,-82.185567
38.648883,-82.179067
38.642783,-82.176767
38.633183,-82.174267
38.629684,-82.172667
38.625984,-82.172066
38.619284,-82.172066
38.608484,-82.175167
38.603784,-82.177267
38.599384,-82.181967
38.594984,-82.188767
38.593096,-82.193824
38.591719,-82.205171
38.591683,-82.218967
38.591384,-82.222168
38.598483,-82.245969
38.598783,-82.252469
38.598183,-82.26207
38.595383,-82.27147
38.593683,-82.27427
38.58258816,-82.28710153
38.578983,-82.291271
38.575383,-82.293471
38.572683,-82.293871
38.560283,-82.293271
38.538483,-82.295671
38.533283,-82.297771
38.529383,-82.300271
38.523183,-82.302871
38.517683,-82.303971
38.504384,-82.303071
38.496308,-82.304223
38.490692,-82.306351
38.483172,-82.310639
38.476116,-82.312511
38.468084,-82.313935
38.457876,-82.318111
38.449268,-82.323999
38.4445,-82.330335
38.440948,-82.34064
38.438596,-82.360145
38.434783,-82.381773
38.434355,-82.389746
38.439347,-82.404882
38.430082,-82.434375
38.426982,-82.447076
38.424682,-82.459676
38.418082,-82.486577
38.41078284,-82.50767558
38.410782,-82.507678
38.405182,-82.529579
38.403666,-82.540199
38.403202,-82.549799
38.404338,-82.560664
38.406258,-82.569368
38.40877,-82.577176
38.41013,-82.579976
38.415489,-82.588249
38.421809,-82.593673
38.426705,-82.596921
38.437425,-82.600761
38.459841,-82.604089
38.468049,-82.608202
38.471457,-82.610458
38.474529,-82.613802
38.477089,-82.618474
38.479697,-82.624106
38.484449,-82.637707
38.490368,-82.648395
38.496816,-82.657051
38.50573708,-82.66548099
38.505808,-82.665548
38.515504,-82.675724
38.53592,-82.689965
38.542112,-82.696621
38.544336,-82.700045
38.550544,-82.714142
38.553664,-82.719662
38.5576,-82.724846
38.559264,-82.730958
38.558991,-82.739582
38.560399,-82.763695
38.559023,-82.779472
38.559951,-82.789776
38.563183,-82.800112
38.57073283,-82.81601184
38.572703,-82.820161
38.586159,-82.839538
38.590862,-82.844306
38.595166,-82.847186
38.604334,-82.851314
38.613454,-82.854291
38.620814,-82.855795
38.632878,-82.856791
38.646078,-82.856291
38.660378,-82.859391
38.669277,-82.863291
38.678177,-82.869592
38.682827,-82.874892
38.690177,-82.877592
38.697377,-82.876892
38.704977,-82.875292
38.718377,-82.871192
38.722077,-82.870392
38.728177,-82.869892
38.739376,-82.871292
38.742576,-82.872592
38.74541001,-82.87434064
38.747276,-82.875492
38.751476,-82.879492
38.756076,-82.889193
38.756576,-82.894193
38.750076,-82.923694
38.74328,-82.943147
38.734976,-82.958895
38.728776,-82.968695
38.725976,-82.979395
38.726276,-82.986095
38.728576,-82.993996
38.729376,-82.999296
38.730057,-83.011816
38.72879,-83.021752
38.727143,-83.027917
38.72572,-83.030702
38.72556361,-83.03089081
38.723805,-83.033014
38.720152,-83.035964
38.716377,-83.038442
38.708319,-83.042338
38.695831,-83.053104
38.688976,-83.064319
38.68109,-83.084226
38.677316,-83.102746
38.67522,-83.107436
38.671685,-83.112372
38.666073,-83.11786
38.6592,-83.122547
38.645244,-83.126311
38.640231,-83.128973
38.631719,-83.135046
38.628286,-83.138572
38.625076,-83.142836
38.620547,-83.156926
38.620068,-83.164744
38.620252,-83.172647
38.617598,-83.1914
38.616956,-83.202453
38.618578,-83.211027
38.624158,-83.223076
38.627569,-83.232404
38.628588,-83.239515
38.627936,-83.245572
38.626224,-83.251103
38.623403,-83.254558
38.622723,-83.261126
38.621535,-83.264011
38.61835031,-83.26755029
38.618221,-83.267694
38.615104,-83.26851
38.599241,-83.286514
38.597977,-83.288885
38.596588,-83.294193
38.598178,-83.301951
38.600824,-83.307832
38.603314,-83.311448
38.609242,-83.317542
38.612233,-83.319101
38.616043,-83.320099
38.622713,-83.320531
38.630615,-83.322383
38.637489,-83.327636
38.645674,-83.340004
38.654009,-83.356445
38.658537,-83.366661
38.661473,-83.376302
38.663171,-83.384755
38.666499,-83.412039
38.668428,-83.420194
38.669361,-83.440404
38.670143,-83.446989
38.673965,-83.457055
38.673617,-83.459809
38.67547,-83.468059
38.678123,-83.472157
38.682261,-83.47642
38.690099,-83.486477
38.694187,-83.493342
38.699256,-83.504365
38.701716,-83.512571
38.703045,-83.520953
38.702105,-83.533339
38.698787,-83.549298
38.695371,-83.56187
38.692842,-83.569098
38.691746,-83.575121
38.692671,-83.574754
38.684145,-83.615736
38.679387,-83.626922
38.673351,-83.634018
38.670584,-83.636208
38.66793,-83.637377
38.659171,-83.639396
38.652468,-83.639954
38.643273,-83.642994
38.637007,-83.645914
38.632753,-83.649737
38.630604,-83.652916
38.629735,-83.655425
38.628592,-83.659304
38.62793,-83.663911
38.628068,-83.668111
38.630036,-83.679484
38.63189,-83.68552
38.639724,-83.704006
38.63976142,-83.70531362
38.639843,-83.708164
38.641591,-83.713405
38.643657,-83.716933
38.645247,-83.717915
38.646704,-83.720779
38.647932,-83.738207
38.649613,-83.74992
38.652103,-83.762445
38.652881,-83.76509
38.65522,-83.769347
38.65815,-83.77216
38.666748,-83.775761
38.671205,-83.777141
38.684907,-83.779961
38.695641,-83.78362
38.699489,-83.787113
38.701676,-83.790676
38.704668,-83.798549
38.706613,-83.806317
38.707446,-83.81388
38.709575,-83.821854
38.716008,-83.834015
38.717857,-83.836696
38.721912,-83.840595
38.724264,-83.841689
38.727019,-83.842506
38.730365,-83.84274
38.737439,-83.844676
38.74229,-83.846207
38.747178,-83.848734
38.751433,-83.852085
38.756793,-83.859028
38.7602,-83.86653
38.762418,-83.873168
38.7656,-83.887107
38.76815179,-83.90391694
38.76816,-83.903971
38.769763,-83.912922
38.769665,-83.917217
38.771562,-83.926986
38.772203,-83.928591
38.774583,-83.928454
38.783616,-83.943978
38.786172,-83.953546
38.787384,-83.962123
38.787104,-83.978814
38.781912,-83.995447
38.780156,-84.006104
38.775061,-84.023113
38.770572,-84.044486
38.771397,-84.051642
38.7713752,-84.05268488
38.771151,-84.06341
38.770475,-84.071491
38.775246,-84.094334
38.779247,-84.108836
38.782721,-84.115655
38.789485,-84.135088
38.794909,-84.155912
38.80092,-84.198358
38.802588,-84.205592
38.805707,-84.212904
38.813753,-84.222059
38.817665,-84.2253
38.826547,-84.230181
38.82742244,-84.23042691
38.830552,-84.231306
38.842671,-84.233265
38.853576,-84.233727
38.87287,-84.231837
38.8748661,-84.23191435
38.880483,-84.232132
38.884325,-84.232343
38.893226,-84.234453
38.900912,-84.240155
38.903187,-84.242689
38.907035,-84.245647
38.923208,-84.25701
38.926593,-84.260797
38.941511,-84.27491
38.945168,-84.279916
38.955789,-84.288164
38.968295,-84.295076
38.985306,-84.296466
38.989694,-84.297255
38.995985,-84.299362
39.006455,-84.304698
39.016981,-84.31368
39.02208096,-84.31993647
39.027463,-84.326539
39.032863,-84.336339
39.036963,-84.346039
39.041362,-84.360439
39.045162,-84.38684
39.045262,-84.39414
39.046362,-84.40094
39.045662,-84.40254
39.045662,-84.406941
39.050938,-84.421467
39.053059,-84.42573
39.054962,-84.427913
39.058262,-84.429841
39.067561,-84.432341
39.072961,-84.433141
39.078261,-84.432641
39.083961,-84.432941
39.086861,-84.434641
39.092461,-84.433941
39.094261,-84.432841
39.102261,-84.435541
39.109661,-84.440642
39.114461,-84.445242
39.117754,-84.449793
39.12036,-84.455342
39.12176,-84.462042
39.12146,-84.470542
39.11916,-84.476243
39.11676,-84.480943
39.11076,-84.487743
39.10246,-84.493743
39.10026,-84.496543
39.096641,-84.502062
39.09508075,-84.50608223
39.09366,-84.509743
39.09360567,-84.51007574
39.09206,-84.519543
39.09216,-84.524644
39.09916,-84.541344
39.09966,-84.543544
39.09936,-84.550844
39.09766,-84.554444
39.09486,-84.557544
39.08736,-84.563944
39.08206,-84.572144
39.078088,-84.592408
39.074115,-84.601682
39.073238,-84.607928
39.073457,-84.620112
39.07442651,-84.62373232
39.07676,-84.632446
39.09166,-84.650346
39.09546,-84.657246
39.09796,-84.666147
39.09826,-84.677247
39.100459,-84.684847
39.104159,-84.689747
39.118959,-84.701947
39.132659,-84.714048
39.137059,-84.718548
39.141958,-84.726148
39.144458,-84.732048
39.147458,-84.744149
39.147358,-84.750749
39.146658,-84.754449
39.138558,-84.766749
39.11806,-84.783991
39.115297,-84.78768
39.112939,-84.79382
39.109142,-84.810753
39.107102,-84.812241
39.106492,-84.813767
39.10548,-84.820157
39.149081,-84.819985
39.15650398,-84.81982579
39.157613,-84.819802
39.227225,-84.820159
39.244334,-84.819813
39.247806,-84.819801
39.251018,-84.819859
39.261855,-84.819633
39.27159,-84.819622
39.305152,-84.819451
39.30515302,-84.81945098
39.309454,-84.819352
39.391753,-84.817453
39.477352,-84.815754
39.47735806,-84.81575396
39.510952,-84.815555
39.511052,-84.815555
39.52195005,-84.81535502
39.521951,-84.815355
39.548051,-84.815155
39.566251,-84.814955
39.567251,-84.814955
39.56769533,-84.81503619
39.568351,-84.815156
39.628854,-84.814705
39.655814,-84.814323
39.669174,-84.814619
39.680429,-84.81453
39.726556,-84.814129
39.72662025,-84.81412907
39.785569,-84.814189
39.786853,-84.814179
39.799755,-84.814209
39.811398,-84.81412
39.814212,-84.814179
39.824621,-84.813852
39.826771,-84.813793
39.843059,-84.813703
39.843173,-84.813674
39.850773,-84.813549
39.853261,-84.813464
39.872958,-84.81305
39.89083,-84.812787
39.891585,-84.812698
39.91691501,-84.81241101
39.916916,-84.812411
39.921764,-84.812357
39.92734,-84.812193
39.995331,-84.811212
40.00507891,-84.81093297
40.034214,-84.810099
40.048929,-84.809737
40.107216,-84.808706
40.127018,-84.808305
40.129027,-84.808291
40.180128,-84.806766
40.192252,-84.806347
40.192327,-84.80634
40.197995,-84.806175
40.223659,-84.805627
40.302498,-84.804098
40.31009357,-84.80391751
40.310115,-84.803917
40.35275694,-84.80411859
40.352844,-84.804119
40.411555,-84.804504
40.462564,-84.803928
40.46540313,-84.8038281
40.50181,-84.802547
40.528046,-84.802483
40.57221195,-84.80226502
40.572215,-84.802265
40.644859,-84.802135
40.660298,-84.802193
40.674776,-84.80222
40.689324,-84.802157
40.691405,-84.802127
40.702476,-84.802094
40.718602,-84.802181
40.72814594,-84.80211911
40.728163,-84.802119
40.742298,-84.802266
40.765515,-84.802538
40.800601,-84.80217
40.922377,-84.802935
40.92256758,-84.80293608
40.989209,-84.803313
40.98939396,-84.80331311
41.089302,-84.803374
41.0968668,-84.80334102
41.121414,-84.803234
41.14052,-84.80378
41.164649,-84.803413
41.173203,-84.803594
41.173889,-84.803472
41.252531,-84.803492
41.25256184,-84.80349215
41.270942,-84.80358
41.271079,-84.803581
41.27127303,-84.80358169
41.367959,-84.803926
41.408292,-84.804133
41.408361,-84.804046
41.411655,-84.804015
41.42604449,-84.80395634
41.426128,-84.803956
41.435531,-84.803919
41.488224,-84.804457
41.500364,-84.804551
41.530092,-84.804729
41.53013459,-84.804729
41.530231,-84.804729
41.61304,-84.805812
41.631398,-84.805696
41.632342,-84.805673
41.67455,-84.80621
41.696089,-84.806082
41.698245,-84.749955
41.704903,-84.438067
41.70586043,-84.3995471
41.705935,-84.396547
41.706621,-84.360546
41.70662462,-84.3604163
41.712931,-84.134417
41.716668,-84.019373
41.716822,-83.998849
41.719961,-83.899764
41.720081,-83.880539
41.72008944,-83.88038747
41.72125,-83.859541
41.72354733,-83.76314999
41.72355,-83.763038
41.72515,-83.708937
41.726449,-83.685337
41.726949,-83.665937
41.727749,-83.639636
41.727849,-83.636636
41.729148,-83.595235
41.729148,-83.593835
41.729348,-83.585235
41.731547,-83.504334
41.731547,-83.503433
41.731647,-83.499733
41.731847,-83.497733
41.732647,-83.453832
41.727445,-83.455626
41.710719,-83.449001
41.706847,-83.446032
41.691247,-83.409531
41.691947,-83.39263
41.686647,-83.37573
41.687763,-83.357073
41.693518,-83.341817
41.698682,-83.337985
41.70341,-83.337977
41.701562,-83.326825
41.68387074,-83.29873129
41.68190526,-83.2956101
41.680846,-83.293928
41.676794,-83.29068
41.67640914,-83.28968235
41.67594105,-83.28846894
41.67542269,-83.28712524
41.67467258,-83.28518076
41.672078,-83.278455
41.651167,-83.238191
41.644218,-83.23166
41.631008,-83.194524
41.62324553,-83.1657127
41.617904,-83.145887
41.613558,-83.103928
41.60668,-83.086036
41.59534,-83.066593
41.57395141,-83.04822242
41.56820472,-83.04328661
41.567963,-83.043079
41.5678235,-83.04290889
41.55859246,-83.03165268
41.55786396,-83.03076436
41.555656,-83.028072
41.55017395,-83.01905713
41.54921072,-83.01747316
41.54877269,-83.01675284
41.538534,-82.999916
41.53852483,-82.9998966
41.52432749,-82.96985043
41.524229,-82.969642
41.52420996,-82.96957401
41.52110412,-82.95848121
41.514353,-82.934369
41.519241,-82.897728
41.5195408,-82.89685366
41.522508,-82.8882
41.52576953,-82.88230462
41.529684,-82.875229
41.533962,-82.869422
41.537534,-82.86626165
41.54311606,-82.8613229
41.54705148,-82.85784101
41.548262,-82.85677
41.55064951,-82.85653309
41.564114,-82.855197
41.56663344,-82.85608786
41.56821612,-82.85664748
41.57402529,-82.85870157
41.576371,-82.859531
41.57804879,-82.85794535
41.57871436,-82.85731633
41.5791349,-82.85691889
41.58194459,-82.85426349
41.583327,-82.852957
41.585639,-82.847657
41.587587,-82.834101
41.570664,-82.820207
41.546486,-82.794324
41.540675,-82.785496
41.54058,-82.77201
41.54647,-82.749907
41.54504704,-82.73986822
41.54405729,-82.73288571
41.54391754,-82.73189982
41.54387906,-82.73162833
41.54372135,-82.73051569
41.54343407,-82.72848898
41.54331605,-82.72765634
41.5425241,-82.7220693
41.54230721,-82.72053913
41.54193,-82.717878
41.54171497,-82.71759536
41.53991319,-82.71522697
41.53695029,-82.71133234
41.536648,-82.710935
41.5362208,-82.71096652
41.527201,-82.711632
41.52222683,-82.71649179
41.516677,-82.721914
41.51073536,-82.7199558
41.510296,-82.719811
41.501697,-82.713904
41.49759,-82.710013
41.49394515,-82.69472205
41.492324,-82.687921
41.461878,-82.658302
41.431833,-82.617745
41.428425,-82.616952
41.400005,-82.55808
41.384257,-82.513827
41.381541,-82.499099
41.381342,-82.481214
41.386316,-82.460599
41.396866,-82.431315
41.413945,-82.398086
41.426644,-82.361784
41.42843142,-82.34807565
41.430243,-82.334182
41.428442,-82.29158
41.42928266,-82.28348827
41.430842,-82.268479
41.434441,-82.254678
41.46454,-82.193375
41.468097,-82.18885
41.47344,-82.186174
41.47404,-82.184774
41.471634,-82.181598
41.47444,-82.165373
41.495039,-82.094169
41.515639,-82.011966
41.51444,-81.994565
41.50642213,-81.96813029
41.505446,-81.964912
41.501341,-81.962664
41.498642,-81.958463
41.491443,-81.937862
41.49045716,-81.93040448
41.49022551,-81.92865213
41.483445,-81.87736
41.483841,-81.860262
41.48625485,-81.85014131
41.48936729,-81.83709155
41.48961356,-81.836059
41.49559226,-81.8109917
41.495648,-81.810758
41.49622333,-81.80120702
41.49628079,-81.80025307
41.4963113,-81.79974648
41.49663042,-81.79444885
41.496648,-81.794157
41.49605,-81.782258
41.49166285,-81.76889817
41.491649,-81.768856
41.49046039,-81.76248866
41.48973636,-81.75861006
41.4874002,-81.74609532
41.48734844,-81.74581804
41.48715,-81.744755
41.48726259,-81.74427248
41.48782745,-81.74185166
41.48855,-81.738755
41.49143738,-81.73267356
41.49374856,-81.72780573
41.49440242,-81.72642856
41.49471834,-81.72576316
41.49778211,-81.71931023
41.49895665,-81.71683639
41.4995486,-81.71558961
41.50173436,-81.71098593
41.50175,-81.710953
41.50510833,-81.70762156
41.505872,-81.706864
41.51416065,-81.69324953
41.51537944,-81.69124762
41.51732109,-81.68805836
41.53143014,-81.66488363
41.53145,-81.664851
41.53577482,-81.64987207
41.53618468,-81.64845255
41.53832069,-81.64105453
41.540458,-81.633652
41.54416275,-81.62743094
41.55042807,-81.61691012
41.55063257,-81.61656673
41.55107943,-81.61581635
41.55444602,-81.61016312
41.55473979,-81.60966982
41.560649,-81.599747
41.565462,-81.59314424
41.56549974,-81.59309247
41.56631015,-81.5919807
41.56668151,-81.59147124
41.57517792,-81.57981538
41.57522813,-81.5797465
41.57524268,-81.57972654
41.57556472,-81.57928474
41.57601564,-81.57866614
41.5768957,-81.57745883
41.57816657,-81.57571537
41.57826725,-81.57557726
41.587549,-81.562844
41.61297223,-81.53167397
41.61302262,-81.53161219
41.61437443,-81.5299548
41.614548,-81.529742
41.61537294,-81.527026
41.61729237,-81.52070655
41.62073888,-81.50935941
41.623448,-81.50044
41.631348,-81.48864
41.63270375,-81.48691851
41.64008628,-81.47754435
41.649148,-81.466038
41.66313939,-81.45246101
41.6680105,-81.44773417
41.672222,-81.4436474
41.67305145,-81.44284252
41.67317799,-81.44271973
41.673255,-81.442645
41.67331361,-81.44255159
41.67378314,-81.44180324
41.67407432,-81.44133915
41.6755603,-81.43897077
41.676289,-81.43780935
41.67678821,-81.4370137
41.6776862,-81.43558246
41.68028474,-81.43144085
41.69181615,-81.41306185
41.6950021,-81.40798402
41.69618526,-81.40609827
41.69720315,-81.40447593
41.69849501,-81.40241694
41.69958132,-81.40068555
41.69962404,-81.40061747
41.707144,-81.388632
41.70735536,-81.38826874
41.71162236,-81.38093515
41.71536112,-81.37450943
41.71539336,-81.37445402
41.71585159,-81.37366647
41.71647957,-81.37258718
41.71861751,-81.36891276
41.71875892,-81.36866971
41.71944065,-81.36749804
41.727743,-81.353229
41.73793817,-81.33015437
41.74706423,-81.30949947
41.74816431,-81.30700967
41.74839162,-81.30649519
41.750543,-81.301626
41.75894485,-81.28889243
41.760243,-81.286925
41.759944,-81.279925
41.75985931,-81.27918665
41.75829805,-81.26557572
41.758143,-81.264224
41.75823876,-81.26375093
41.75836856,-81.26310965
41.75912983,-81.25934876
41.75990494,-81.25551953
41.76041962,-81.25297687
41.76063398,-81.25191787
41.761291,-81.248672
41.76131603,-81.24860858
41.76162271,-81.24783155
41.76171152,-81.24760654
41.77957014,-81.20235909
41.77982215,-81.20172058
41.78338873,-81.19268412
41.786671,-81.184368
41.78712037,-81.18332844
41.7939028,-81.1676382
41.81350327,-81.12229515
41.817571,-81.112885
41.82131884,-81.09893074
41.82221559,-81.09559189
41.822988,-81.092716
41.839557,-81.05192
41.846469,-81.024525
41.853962,-81.01049
41.85484643,-81.00266339
41.8549082,-81.00211671
41.8560741,-80.99179933
41.85812229,-80.97367419
41.85840855,-80.97114097
41.85983768,-80.95849408
41.862352,-80.936244
41.8659545,-80.916528
41.868912,-80.900342
41.88468489,-80.85354229
41.88518317,-80.85206387
41.893668,-80.82688853
41.8962712,-80.8191646
41.89718804,-80.81644422
41.897694,-80.814943
41.89876044,-80.81324029
41.89912474,-80.81265864
41.901606,-80.808697
41.90230388,-80.80801008
41.90421095,-80.80613293
41.90898237,-80.80143639
41.909635,-80.800794
41.909749,-80.79982217
41.90992624,-80.79831121
41.9103864,-80.79438837
41.91132226,-80.7864103
41.91142941,-80.78549689
41.911525,-80.784682
41.90829436,-80.78294446
41.906635,-80.782052
41.9068968,-80.78111239
41.90801752,-80.77709019
41.9094961,-80.77178365
41.90978231,-80.77075646
41.9105448,-80.76801992
41.91109466,-80.76604648
41.91217308,-80.7621761
41.913352,-80.757945
41.91859268,-80.72750362
41.919744,-80.720816
41.92065615,-80.71746924
41.92208741,-80.7122178
41.92315706,-80.70829314
41.92559094,-80.69936302
41.92720831,-80.69342872
41.94297592,-80.63557584
41.94737297,-80.61944265
41.94742778,-80.61924155
41.95032525,-80.60861043
41.95761,-80.581882
41.95849885,-80.57943921
41.95948283,-80.57673497
41.95953506,-80.57659143
41.95993213,-80.57550019
41.96119572,-80.57202751
41.96436165,-80.56332669
41.9653279,-80.56067119
41.96706459,-80.55589833
41.967815,-80.553836
41.97347495,-80.53377372
41.97414742,-80.53139009
41.97449321,-80.53016439
41.97474446,-80.52927383
41.97580325,-80.52552084
41.97678046,-80.52205701
41.97751283,-80.51946106
41.977523,-80.519425
41.97752199,-80.51942499
41.976158,-80.519405
41.943992,-80.519304
41.929168,-80.519345
41.84956303,-80.51929356
41.765138,-80.519239
41.752487,-80.519369
41.739359,-80.519408
41.701473,-80.519373
41.671228,-80.519424
41.669767,-80.519357
41.539297,-80.519339
41.528769,-80.519157
41.499924,-80.519225
41.48901287,-80.51920864
41.462581,-80.519169
41.435454,-80.518993
41.416437,-80.518993
41.416438,-80.519025
41.378918,-80.519249
41.372006,-80.519217
41.36103,-80.519249
41.35083308,-80.51929725
41.34074,-80.519345
41.340145,-80.519345
41.339654,-80.519293
41.339054,-80.519293
41.339052,-80.519311
41.337174,-80.519281
41.337145,-80.519281
41.335958,-80.519281
41.333495,-80.519265
41.312408,-80.519129
41.305509,-80.518794
41.2683,-80.518996
41.268155,-80.518993
41.265155,-80.518893
41.248855,-80.518693
41.232556,-80.518893
41.219357,-80.518893
41.219356,-80.518893
41.209213,-80.51883
41.171203,-80.519144
41.14552,-80.519115
41.13338801,-80.51916681
41.133343,-80.519167
41.125116,-80.519012
41.12509295,-80.519012
41.125057,-80.519012
41.125057,-80.519056
41.115958,-80.518992
41.105358,-80.519192
41.100819,-80.519125
41.090658,-80.519092
41.082074,-80.519088
41.075014,-80.518999
41.071866,-80.51896
41.070954,-80.518928
41.061546,-80.51896
41.015387,-80.518927
40.995445,-80.518989
40.98738,-80.51900006
40.921061,-80.519091
40.906661,-80.519891
40.900761,-80.51979
40.899858,-80.519764
40.877543,-80.519002
40.8513394,-80.51901917
40.850073,-80.51902
40.849157,-80.519081
40.801221,-80.518992
40.792298,-80.519058
40.638801,-80.518991
40.636992,-80.521917
40.636068,-80.52566
40.636255,-80.530093
40.63559,-80.532737
40.632122,-80.539541
40.629702,-80.545892
40.628847,-80.551126
40.62368,-80.56072
40.617552,-80.56784
40.615456,-80.571936
40.614224,-80.576736
40.614304,-80.579856
40.61552,-80.583633
40.622496,-80.592049
40.623664,-80.594065
40.625263,-80.598764
40.625064,-80.603876
40.621696,-80.616002
40.619936,-80.627171
40.616095,-80.634355
40.61128,-80.639379
40.603648,-80.644963
40.597744,-80.651716
40.59648,-80.653972
40.596544,-80.655188
40.5916,-80.662564
40.587728,-80.665892
40.582496,-80.667957
40.578096,-80.667781
40.573664,-80.666917
40.570176,-80.662708
40.565184,-80.655316
40.562544,-80.652436
40.548417,-80.64138
40.538705,-80.633107
40.537921,-80.630483
40.535793,-80.627507
40.520497,-80.622195
40.512257,-80.620883
40.502049,-80.618003
40.489506,-80.609058
40.484226,-80.60245
40.482566,-80.599194
40.475266,-80.595494
40.471366,-80.594794
40.463366,-80.596094
40.458366,-80.598294
40.449767,-80.604395
40.446667,-80.604895
40.437767,-80.611195
40.434867,-80.612295
40.429367,-80.612995
40.418567,-80.612295
40.407667,-80.612695
40.403867,-80.611795
40.402667,-80.612195
40.399867,-80.615195
40.395867,-80.628096
40.39500665,-80.62969937
40.393667,-80.632196
40.390467,-80.633596
40.385468,-80.631596
40.3849,-80.63074
40.381768,-80.619196
40.378768,-80.614396
40.374968,-80.609695
40.369568,-80.607595
40.361968,-80.608695
40.355168,-80.611796
40.347668,-80.612796
40.340868,-80.610796
40.327869,-80.602895
40.321169,-80.600495
40.317669,-80.599895
40.307069,-80.602895
40.303869,-80.606596
40.291969,-80.614896
40.285269,-80.616796
40.27227,-80.616196
40.26517,-80.619297
40.26177,-80.622497
40.25427,-80.637098
40.25507,-80.637198
40.25127,-80.644598
40.24497,-80.652098
40.229798,-80.661543
40.21917,-80.664299
40.206271,-80.666299
40.199671,-80.6681
40.192371,-80.6726
40.186371,-80.6796
40.18556624,-80.68181218
40.185495,-80.682008
40.184215,-80.683705
40.181607,-80.686137
40.15717326,-80.70298172
40.154823,-80.704602
40.151591,-80.705994
40.144999,-80.707322
40.138311,-80.710042
40.125271,-80.710554
40.118088,-80.70881
40.117256,-80.708106
40.113272,-80.707002
40.110872,-80.706702
40.105372,-80.707702
40.101472,-80.709102
40.099572,-80.710203
40.096872,-80.713003
40.086472,-80.730704
40.080072,-80.736804
40.075672,-80.738604
40.071472,-80.738504
40.064972,-80.737104
40.059672,-80.734304
40.058772,-80.733104
40.049172,-80.730904
40.046672,-80.730904
40.037472,-80.731504
40.03335744,-80.73326738
40.033272,-80.733304
40.029929,-80.7363
40.027593,-80.737389
40.022969,-80.737341
40.020761,-80.737805
40.015225,-80.740509
40.007929,-80.741901
40.005641,-80.742045
39.996857,-80.741085
39.993929,-80.740045
39.985113,-80.738717
39.970793,-80.740126
39.969113,-80.743166
39.966233,-80.74627
39.961561,-80.755135
39.959241,-80.758527
39.953514,-80.763375
39.95025,-80.764479
39.946602,-80.764511
39.929098,-80.761312
39.920586,-80.756784
39.916554,-80.755936
39.91393,-80.756432
39.910426,-80.758304
39.909466,-80.759296
39.908906,-80.760656
39.908906,-80.762592
39.909642,-80.768272
39.911306,-80.772641
39.917162,-80.782849
39.91969,-80.795714
39.919434,-80.80053
39.918762,-80.803394
39.91713,-80.806018
39.914938,-80.807618
39.910314,-80.809283
39.906106,-80.809683
39.903226,-80.809011
39.897306,-80.806179
39.89161,-80.802339
39.88553,-80.796162
39.882787,-80.793989
39.872252,-80.790156
39.86728,-80.790761
39.863751,-80.793131
39.858912,-80.799898
39.853032,-80.81643
39.849982,-80.821279
39.847159,-80.824276
39.844238,-80.826124
39.841656,-80.826964
39.835802,-80.826228
39.827484,-80.82303
39.824971,-80.82248
39.811708,-80.822181
39.801092,-80.824969
39.798584,-80.826079
39.79069,-80.835311
39.775197,-80.863048
39.771738,-80.866329
39.766364,-80.869092
39.763555,-80.869933
39.757116,-80.867596
39.753251,-80.865339
39.742592,-80.854717
39.74104,-80.852738
39.737812,-80.846091
39.723925,-80.836597
39.721582,-80.834563
39.72081235,-80.83346277
39.719475,-80.831551
39.714041,-80.829723
39.711839,-80.829764
39.705655,-80.831871
39.703497,-80.833882
39.701033,-80.839112
39.69944,-80.844721
39.69856,-80.852
39.697473,-80.854599
39.693625,-80.861718
39.691724,-80.863698
39.686484,-80.865805
39.683167,-80.86633
39.678487,-80.86667
39.662751,-80.865575
39.652616,-80.866647
39.646896,-80.869802
39.642885,-80.870771
39.641764,-80.870473
39.638963,-80.87102
39.627084,-80.876002
39.620706,-80.88036
39.616756,-80.892208
39.616757,-80.896514
39.618431,-80.906247
39.618703,-80.91762
39.617396,-80.925841
39.614812,-80.933292
39.612616,-80.936906
39.606926,-80.943782
39.590127,-80.970436
39.583517,-80.978664
39.577262,-80.987732
39.571253,-80.993695
39.56912,-80.996804
39.562798,-81.00866
39.55541,-81.020055
39.552313,-81.0239
39.548547,-81.026662
39.545211,-81.030169
39.54004753,-81.03870602
39.5363,-81.044902
39.531893,-81.049955
39.52931,-81.051982
39.522744,-81.060379
39.515991,-81.070594
39.50966,-81.07595
39.496975,-81.091433
39.487175,-81.100833
39.466275,-81.114433
39.466275,-81.115133
39.45775678,-81.12147214
39.453375,-81.124733
39.449375,-81.128533
39.446275,-81.132534
39.445075,-81.134434
39.443775,-81.138134
39.443175,-81.152534
39.441186,-81.16352
39.439175,-81.170634
39.435121,-81.179934
39.433533,-81.182307
39.430731,-81.185946
39.423562,-81.190714
39.415303,-81.200412
39.410786,-81.205223
39.407147,-81.208231
39.403563,-81.210833
39.402031,-81.211433
39.397112,-81.21087
39.392977,-81.211654
39.390656,-81.213064
39.38759,-81.217315
39.386172,-81.221372
39.386062,-81.223581
39.390276,-81.24184
39.389992,-81.249088
39.386698,-81.259788
39.385914,-81.270716
39.383786,-81.275677
39.379258,-81.281405
39.374378,-81.297517
39.370538,-81.304798
39.36129,-81.319598
39.358186,-81.326174
39.352794,-81.335599
39.348042,-81.342623
39.34577,-81.347567
39.343178,-81.356911
39.34206164,-81.3712707
39.341697,-81.375961
39.342081,-81.379674
39.343449,-81.384556
39.348814,-81.391249
39.351706,-81.393794
39.355553,-81.395883
39.369221,-81.400744
39.376914,-81.40277
39.38809,-81.406689
39.394618,-81.412706
39.400378,-81.420578
39.405374,-81.428642
39.408474,-81.435642
39.410374,-81.446543
39.409274,-81.456143
39.403774,-81.467744
39.40017,-81.473188
39.389674,-81.4829
39.384074,-81.489044
39.373242,-81.503189
39.36705,-81.513493
39.36161,-81.524309
39.358234,-81.53447
39.352874,-81.542346
39.338774,-81.557547
39.330774,-81.559647
39.317874,-81.560147
39.293874,-81.565047
39.276175,-81.565247
39.270675,-81.567347
39.267675,-81.570247
39.268747,-81.585559
39.269787,-81.588583
39.273387,-81.59516
39.275531,-81.603352
39.276043,-81.608408
39.275339,-81.613896
39.273643,-81.621305
39.277195,-81.643178
39.277355,-81.656138
39.275963,-81.670187
39.273755,-81.678331
39.270939,-81.683627
39.266043,-81.689483
39.263227,-81.69206
39.257035,-81.69638
39.248747,-81.696988
39.246123,-81.696636
39.242859,-81.695724
39.236091,-81.692203
39.230139,-81.691067
39.227947,-81.691339
39.226443,-81.692395
39.224107,-81.694603
39.220844,-81.700908
39.219228,-81.711628
39.216508,-81.724365
39.21583522,-81.72558347