1461,South Carolina
33.109773,-79.291591
33.089986,-79.329909
33.072302,-79.337169
33.065362,-79.335346
33.050336,-79.339313
33.006672,-79.359961
33.003903,-79.403712
33.006815,-79.416515
33.015085,-79.423447
33.007639,-79.461047
33.001265,-79.483499
33.015832,-79.488727
33.032813,-79.506923
33.03535,-79.522449
33.021269,-79.55756
33.006447,-79.580725
32.991334,-79.58659
32.979282,-79.60102
32.972248,-79.606615
32.952726,-79.617611
32.94487,-79.617715
32.934815,-79.612928
32.925953,-79.606194
32.926461,-79.585897
32.931341,-79.581687
32.934526,-79.574951
32.933885,-79.572614
32.926692,-79.569762
32.906235,-79.576006
32.888606,-79.631149
32.872705,-79.655426
32.850398,-79.695141
32.839997,-79.699482
32.835781,-79.702956
32.825796,-79.719879
32.813627,-79.716761
32.805996,-79.726389
32.77696,-79.811021
32.766352,-79.818237
32.756816,-79.84035
32.755248,-79.848527
32.75742175,-79.86674233
32.75212767,-79.87223248
32.74565713,-79.87360502
32.734849,-79.868352
32.727777,-79.870336
32.695177,-79.888028
32.684402,-79.884961
32.664915,-79.915682
32.639732,-79.968468
32.639537,-79.975248
32.626388,-79.986917
32.616389,-79.99175
32.611851,-79.999374
32.608852,-80.010505
32.610236,-80.037276
32.603319,-80.077039
32.590523,-80.121368
32.578479,-80.148406
32.559885,-80.167286
32.546118,-80.171764
32.553604,-80.188401
32.55421303,-80.19367598
32.555547,-80.20523
32.531114,-80.246361
32.52958367,-80.24956637
32.516161,-80.277681
32.478104,-80.332438
32.47873,-80.338354
32.490795,-80.343883
32.496098,-80.363956
32.486359,-80.380716
32.47881,-80.386827
32.475332,-80.392561
32.470672,-80.413487
32.472074,-80.415943
32.476076,-80.417896
32.490894,-80.418502
32.497989,-80.423454
32.503472,-80.439407
32.497286,-80.452078
32.4953,-80.46571
32.496964,-80.472068
32.48538955,-80.47691037
32.477407,-80.48025
32.460976,-80.484617
32.447048,-80.480156
32.425259,-80.467588
32.423721,-80.446075
32.410659,-80.43296
32.401782,-80.429941
32.389667,-80.429291
32.375193,-80.434303
32.350335,-80.445451
32.336884,-80.456814
32.326458,-80.455192
32.31917,-80.466342
32.298796,-80.517871
32.287024,-80.539429
32.282076,-80.545688
32.273278,-80.571096
32.273549,-80.596394
32.260183,-80.618286
32.25561807,-80.63885684
32.24863772,-80.65863446
32.216783,-80.669166
32.200971,-80.688857
32.160427,-80.721463
32.140137,-80.749091
32.122494,-80.789996
32.109746,-80.812503
32.108589,-80.82153
32.113222,-80.828394
32.112709,-80.831531
32.109709,-80.844431
32.099581,-80.858735
32.07979206,-80.8781108
32.05194321,-80.90537823
32.043764,-80.892344
32.0346,-80.885517
32.034949,-80.892977
32.036735,-80.910669
32.037575,-80.917845
32.039151,-80.922794
32.041672,-80.926753
32.047554,-80.933557
32.057824,-80.943226
32.068622,-80.954482
32.071259,-80.959402
32.077309,-80.978833
32.079609,-80.983133
32.084209,-80.987733
32.091208,-80.991733
32.094608,-80.994333
32.099014,-80.999833
32.100048,-81.002297
32.101152,-81.006745
32.100176,-81.011961
32.097424,-81.016009
32.09266217,-81.02010401
32.090897,-81.021622
32.08545,-81.032674
32.084469,-81.038265
32.085308,-81.050234
32.087503,-81.060442
32.090351,-81.066906
32.100782,-81.083546
32.10395,-81.088234
32.10699,-81.090874
32.110782,-81.091498
32.11123,-81.093386
32.111181,-81.100458
32.112005,-81.111134
32.113205,-81.113334
32.117605,-81.117234
32.134268,-81.119994
32.142104,-81.119134
32.144403,-81.118334
32.153303,-81.120034
32.161803,-81.122034
32.162902,-81.123134
32.164402,-81.128434
32.165602,-81.129634
32.166922,-81.129402
32.169102,-81.128134
32.17211968,-81.12449197
32.174902,-81.121134
32.175402,-81.119434
32.17714225,-81.11936118
32.178702,-81.120434
32.181202,-81.119834
32.185301,-81.117934
32.189201,-81.118234
32.201329,-81.12315
32.208634,-81.128283
32.212858,-81.136012
32.213669,-81.136727
32.221731,-81.143139
32.22693818,-81.14653039
32.237687,-81.153531
32.241478,-81.155995
32.24391,-81.156587
32.246022,-81.155595
32.255098,-81.148334
32.263397,-81.145834
32.272697,-81.136534
32.274597,-81.130834
32.276297,-81.128034
32.284496,-81.121433
32.287596,-81.119633
32.289596,-81.119833
32.305395,-81.122333
32.307295,-81.122933
32.308695,-81.123933
32.309295,-81.125433
32.324594,-81.135733
32.328194,-81.137633
32.329994,-81.137032
32.334794,-81.133032
32.341293,-81.133632
32.349393,-81.140932
32.350893,-81.142532
32.351093,-81.144032
32.349393,-81.147632
32.34754857,-81.14847738
32.34668234,-81.14907291
32.34587026,-81.15058879
32.34581612,-81.15210468
32.34581612,-81.15329574
32.3459244,-81.15399954
32.34608682,-81.15443265
32.34641165,-81.15481162
32.34716959,-81.15513646
32.34879376,-81.15497404
32.350093,-81.155032
32.356092,-81.161732
32.36131833,-81.17012557
32.36272209,-81.17085797
32.36382068,-81.1705528
32.36559064,-81.16933214
32.3675437,-81.16872181
32.36943572,-81.16933214
32.372591,-81.173432
32.380398,-81.181072
32.38459,-81.178131
32.39169,-81.177231
32.39649,-81.180931
32.407289,-81.189731
32.411489,-81.194931
32.423788,-81.20513
32.435987,-81.20843
32.43754213,-81.20724627
32.438687,-81.20453
32.43983306,-81.20258805
32.44136035,-81.20159531
32.442964,-81.20113713
32.4440331,-81.20113713
32.44548402,-81.20220623
32.44716403,-81.20304623
32.44884405,-81.20304623
32.4504477,-81.20235896
32.45159316,-81.20090804
32.452086,-81.197529
32.456286,-81.192629
32.462886,-81.187329
32.464086,-81.186829
32.465386,-81.188129
32.465586,-81.189229
32.464786,-81.192429
32.465086,-81.194829
32.467985,-81.200029
32.478685,-81.212428
32.493884,-81.227528
32.498488,-81.233585
32.505988,-81.238281
32.508896,-81.238728
32.510192,-81.238411
32.511402,-81.236707
32.51227071,-81.23483401
32.51377779,-81.23402251
32.51627025,-81.23466012
32.51731361,-81.23709462
32.518317,-81.24501
32.518231,-81.247874
32.517541,-81.249827
32.51833,-81.252882
32.535417,-81.277131
32.538558,-81.276242
32.541143,-81.274802
32.544158,-81.274927
32.545202,-81.275213
32.55459,-81.279238
32.55644028,-81.2812976
32.556464,-81.281324
32.562648,-81.29676
32.563026,-81.297955
32.562843,-81.300593
32.56097,-81.309009
32.559534,-81.320588
32.561228,-81.328753
32.577059,-81.366964
32.584221,-81.368386
32.590025,-81.368982
32.591231,-81.369757
32.592018,-81.37157
32.592115,-81.373178
32.589217,-81.376237
32.589022,-81.379216
32.589652,-81.380999
32.59538276,-81.38926124
32.595436,-81.389338
32.60234,-81.393865
32.605587,-81.397106
32.611207,-81.404714
32.61841,-81.411906
32.629392,-81.41866
32.634704,-81.418431
32.636147,-81.417014
32.63744,-81.414761
32.637368,-81.413411
32.632907,-81.411523
32.631392,-81.41026
32.631096,-81.40933
32.631737,-81.407271
32.63621,-81.402846
32.637032,-81.402735
32.638258,-81.404238
32.64269,-81.405109
32.643398,-81.403582
32.64957,-81.394589
32.651543,-81.393033
32.653491,-81.393818
32.656307,-81.398314
32.656517,-81.405273
32.660519,-81.407193
32.66156,-81.4073
32.662515,-81.406646
32.667798,-81.404287
32.677494,-81.401029
32.680156,-81.401256
32.69490782,-81.40831
32.69526936,-81.40934941
32.69517897,-81.4099821
32.69477225,-81.41075036
32.6939588,-81.41115708
32.69314534,-81.411609
32.69264824,-81.41310033
32.700867,-81.426735
32.701896,-81.427517
32.711978,-81.421194
32.720238,-81.420516
32.732586,-81.418542
32.739083,-81.41267
32.74014467,-81.41154901
32.74169424,-81.41084467
32.74324381,-81.41056292
32.74465251,-81.41028119
32.74592033,-81.41056292
32.74732903,-81.41140815
32.74817425,-81.41281685
32.7488786,-81.4153525
32.75042817,-81.41619772
32.75225948,-81.4167612
32.75465426,-81.41647946
32.7577534,-81.41521164
32.76028906,-81.41647946
32.76268385,-81.41760642
32.76550124,-81.42014208
32.76705081,-81.42239599
32.768058,-81.425017
32.76831864,-81.42619948
32.76902299,-81.42648122
32.77029082,-81.42648122
32.77113604,-81.42605861
32.77184039,-81.425636
32.772648,-81.424714
32.77324908,-81.42267773
32.77465778,-81.42126903
32.77592561,-81.42112817
32.7769117,-81.4209873
32.77803866,-81.42112817
32.77930649,-81.42211425
32.78015171,-81.42422731
32.78141953,-81.42648122
32.78310997,-81.42831252
32.78550476,-81.42901687
32.78761781,-81.42803078
32.790334,-81.424999
32.79419,-81.425234
32.801882,-81.424874
32.810514,-81.423772
32.813731,-81.419752
32.815664,-81.418497
32.818196,-81.417984
32.831223,-81.42062
32.835178,-81.421614
32.840773,-81.426475
32.850107,-81.442671
32.850628,-81.443595
32.850967,-81.444866
32.849126,-81.449396
32.847925,-81.451199
32.84795012,-81.45257311
32.84976111,-81.45394947
32.8541075,-81.45597778
32.859636,-81.453017
32.868583,-81.451351
32.872964,-81.452883
32.874074,-81.45392
32.876675,-81.468042
32.876267,-81.470376
32.877641,-81.475918
32.881082,-81.479445
32.887469,-81.4771
32.890439,-81.471703
32.890521,-81.470836
32.895999,-81.464655
32.897814,-81.464069
32.899889,-81.465924
32.901083,-81.468978
32.905638,-81.479184
32.913444,-81.480008
32.921802,-81.483198
32.931596,-81.495092
32.932614,-81.499829
32.935353,-81.502427
32.938688,-81.502716
32.943722,-81.499566
32.944988,-81.499446
32.948091,-81.504016
32.95119384,-81.50704498
32.95397631,-81.5081381
32.95576505,-81.50843622
32.95715629,-81.5085356
32.95834878,-81.50843622
32.95924315,-81.50774061
32.96023689,-81.50744248
32.96133,-81.50714436
32.96242312,-81.50644874
32.96301937,-81.50525625
32.96295,-81.503346
32.962914,-81.501369
32.963816,-81.49983
32.96478,-81.499471
32.978998,-81.494736
32.995437,-81.491457
32.997824,-81.491197
33.008078,-81.491419
33.009342,-81.492253
33.015113,-81.50203
33.027786,-81.511245
33.028546,-81.513231
33.029181,-81.519632
33.039185,-81.538789
33.040613,-81.540081
33.04485891,-81.54209174
33.04525366,-81.54250971
33.04690452,-81.54425767
33.04714518,-81.54678459
33.04473858,-81.55183844
33.04413694,-81.55364339
33.04509957,-81.55701262
33.04618254,-81.55833624
33.04738584,-81.55917855
33.04907045,-81.55965987
33.051765,-81.559173
33.052921,-81.55893789
33.0541243,-81.55917855
33.05520727,-81.56050218
33.05556826,-81.56134449
33.05556826,-81.56206647
33.05556826,-81.56254778
33.05556826,-81.56326976
33.05472595,-81.56471372
33.05376331,-81.56675932
33.05352265,-81.56892525
33.05418,-81.57288
33.058936,-81.578332
33.062697,-81.580994
33.067021,-81.583804
33.07085012,-81.58853899
33.07121111,-81.59070493
33.06991,-81.592645
33.06988749,-81.59455548
33.07181276,-81.59924834
33.07349738,-81.60009064
33.07518199,-81.60021097
33.07686661,-81.59936866
33.07915287,-81.5982857
33.08107815,-81.59816537
33.08396606,-81.60021097
33.08468803,-81.60165493
33.084578,-81.603587
33.081717,-81.606836
33.08180012,-81.60899504
33.08216111,-81.60983735
33.08288309,-81.61007801
33.08492869,-81.60983735
33.086877,-81.609533
33.08986221,-81.60947636
33.09262979,-81.61079998
33.09395342,-81.61272526
33.09466131,-81.61429836
33.09503639,-81.61513185
33.09527704,-81.61777911
33.093952,-81.632232
33.092952,-81.637232
33.093152,-81.642333
33.094552,-81.646433
33.103152,-81.658433
33.112651,-81.683533
33.116551,-81.696934
33.116751,-81.699834
33.116151,-81.703134
33.116451,-81.704634
33.124051,-81.717134
33.129451,-81.724334
33.14145,-81.743835
33.15155,-81.755135
33.159449,-81.763135
33.165549,-81.764435
33.170749,-81.766735
33.180449,-81.772435
33.181249,-81.772435
33.187948,-81.765735
33.188248,-81.762835
33.189248,-81.760635
33.197848,-81.756935
33.19812183,-81.75708332
33.200248,-81.758235
33.201748,-81.761635
33.203648,-81.763535
33.215747,-81.767635
33.217447,-81.768935
33.221147,-81.774035
33.221847,-81.778435
33.221147,-81.780135
33.219847,-81.781035
33.214947,-81.777335
33.211347,-81.777535
33.209847,-81.778935
33.208147,-81.784535
33.208447,-81.790236
33.211447,-81.805236
33.212647,-81.807336
33.213747,-81.807936
33.219447,-81.808136
33.222647,-81.809636
33.223847,-81.811736
33.226646,-81.819636
33.228746,-81.827936
33.233546,-81.831736
33.23765228,-81.8370155
33.241746,-81.846536
33.24738157,-81.85197912
33.247544,-81.852136
33.250745,-81.853137
33.266345,-81.847336
33.266584,-81.842522
33.2670399,-81.84007761
33.26909757,-81.8383365
33.27297549,-81.83825736
33.278644,-81.844036
33.283544,-81.851836
33.286244,-81.861336
33.288844,-81.863236
33.297944,-81.861536
33.299544,-81.857336
33.299644,-81.852936
33.298544,-81.851636
33.299544,-81.849636
33.303843,-81.846136
33.30678341,-81.84729625
33.310326,-81.853652
33.314043,-81.867936
33.312943,-81.870436
33.307443,-81.875836
33.310443,-81.884137
33.316943,-81.886637
33.32233143,-81.8973285
33.32444523,-81.89706428
33.327642,-81.896937
33.32966367,-81.89818723
33.3311169,-81.90030103
33.33025817,-81.902613
33.32728564,-81.90413229
33.32418101,-81.90644425
33.32418101,-81.90928467
33.32537002,-81.91034156
33.32761593,-81.91126635
33.32953156,-81.91331409
33.332842,-81.918337
33.334442,-81.919137
33.34159016,-81.91797271
33.345341,-81.924737
33.343541,-81.932737
33.343641,-81.937237
33.344941,-81.939737
33.347741,-81.939837
33.352041,-81.935637
33.356041,-81.934837
33.364041,-81.944737
33.36734,-81.946737
33.37064,-81.946337
33.37234,-81.943737
33.37254,-81.939637
33.36894,-81.934637
33.368165,-81.930634
33.37114,-81.925737
33.37414,-81.924837
33.380076,-81.930861
33.397851,-81.935453
33.40125869,-81.93730041
33.40419728,-81.93696135
33.40600564,-81.93492694
33.4067968,-81.93051906
33.40826609,-81.92305957
33.41075258,-81.92012098
33.41312606,-81.9192168
33.41561256,-81.91932982
33.417419,-81.921068
33.419307,-81.924893
33.422846,-81.9272414
33.42657574,-81.92678932
33.42928829,-81.92498095
33.430986,-81.920716
33.433114,-81.916236
33.437418,-81.913356
33.43964108,-81.91345747
33.441274,-81.913532
33.452038,-81.920836
33.462937,-81.926336
33.465837,-81.929436
33.468337,-81.934136
33.470037,-81.941737
33.471737,-81.946437
33.47547193,-81.95508288
33.480636,-81.967037
33.482636,-81.973537
33.484036,-81.980637
33.486536,-81.985938
33.490036,-81.989338
33.494235,-81.990938
33.500759,-81.990382
33.504435,-81.991938
33.520135,-82.001338
33.521935,-82.004338
33.522835,-82.007138
33.523335,-82.007638
33.530435,-82.010038
33.531735,-82.011538
33.53208811,-82.01242614
33.535035,-82.019838
33.537935,-82.023438
33.540734,-82.023438
33.544934,-82.028238
33.546454,-82.033023
33.549158,-82.034895
33.554662,-82.037375
33.56383,-82.046335
33.56487,-82.048959
33.565382,-82.054943
33.566774,-82.057727
33.575382,-82.069039
33.57751,-82.073104
33.580614,-82.087488
33.582742,-82.094128
33.58407,-82.096352
33.586358,-82.098816
33.595637,-82.10624
33.596581,-82.109376
33.5965013,-82.1153275
33.596485,-82.116545
33.594885,-82.120385
33.590741,-82.125864
33.589925,-82.12908
33.590535,-82.133523
33.594278,-82.142872
33.598092,-82.148816
33.600956,-82.15106
33.606319,-82.153357
33.60863,-82.156288
33.60971,-82.158331
33.610643,-82.161908
33.613117,-82.174351
33.615945,-82.179854
33.62088,-82.186154
33.630582,-82.196583
33.646898,-82.201186
33.657611,-82.199747
33.661758,-82.199847
33.66464,-82.200718
33.669872,-82.208411
33.67176,-82.209677
33.677317,-82.212047
33.6844,-82.216868
33.686299,-82.218649
33.689124,-82.222709
33.700216,-82.234576
33.70788,-82.237192
33.71439,-82.235753
33.730872,-82.239098
33.734901,-82.240405
33.746347,-82.246161
33.752591,-82.247472
33.75969,-82.255267
33.760429,-82.258049
33.760245,-82.259471
33.761962,-82.263206
33.763481,-82.26438
33.765742,-82.265019
33.766745,-82.266127
33.767651,-82.267719
33.767913,-82.270445
33.772032,-82.277681
33.776056,-82.28106
33.780058,-82.285804
33.782032,-82.289762
33.782406,-82.292468
33.781868,-82.294984
33.783518,-82.298286
33.785037,-82.299393
33.786483,-82.299601
33.795839,-82.298923
33.798939,-82.29928
33.800627,-82.300213
33.802907,-82.302885
33.805892,-82.308997
33.809205,-82.313339
33.811499,-82.314746
33.820033,-82.32448
33.827156,-82.337829
33.834298,-82.346933
33.836432,-82.351881
33.842375,-82.369107
33.843813,-82.371775
33.84559,-82.374286
33.851086,-82.37975
33.854428,-82.384973
33.857162,-82.390527
33.859089,-82.395736
33.863343,-82.400517
33.865477,-82.403881
33.86632,-82.408354
33.865348,-82.414259
33.864233,-82.417871
33.863754,-82.422803
33.865844,-82.429164
33.867051,-82.43115
33.873919,-82.438644
33.875123,-82.440503
33.877543,-82.448109
33.88165,-82.455105
33.886386,-82.459391
33.892838,-82.469913
33.901897,-82.480111
33.909754,-82.492929
33.913459,-82.496109
33.926048,-82.503584
33.931456,-82.50764
33.936969,-82.51295
33.94336,-82.524515
33.943765,-82.526741
33.943651,-82.534111
33.941551,-82.53977
33.940949,-82.543128
33.943819,-82.554497
33.945353,-82.556835
33.95574081,-82.56453074
33.95581,-82.564582
33.958682,-82.5657
33.9639,-82.566145
33.968772,-82.568288
33.970684,-82.569864
33.974113,-82.574724
33.977034,-82.57754
33.979761,-82.579576
33.982463,-82.580551
33.98514,-82.580571
33.987011,-82.579996
33.988671,-82.578244
33.989694,-82.57633
33.990904,-82.575351
33.992049,-82.57554
33.993106,-82.576222
33.993743,-82.577735
33.995286,-82.583394
33.997151,-82.586234
34.000118,-82.589245
34.009018,-82.591855
34.01393725,-82.59448784
34.016118,-82.595655
34.018518,-82.595855
34.025917,-82.594055
34.028717,-82.594555
34.030517,-82.596155
34.034817,-82.603055
34.039917,-82.609655
34.046816,-82.613355
34.051316,-82.619155
34.054416,-82.620955
34.056916,-82.621255
34.058516,-82.622155
34.063457,-82.626963
34.065528,-82.630972
34.064822,-82.633565
34.064941,-82.635991
34.067595,-82.640543
34.072237,-82.64398
34.076046,-82.645661
34.079046,-82.64522
34.081312,-82.642797
34.086304,-82.640345
34.087609,-82.640151
34.088341,-82.640701
34.088914,-82.641252
34.090861,-82.64103
34.092212,-82.641553
34.097825,-82.647028
34.098649,-82.648184
34.099704,-82.652175
34.100346,-82.654019
34.103118,-82.658561
34.103544,-82.659077
34.106897,-82.660322
34.107754,-82.661851
34.113591,-82.666879
34.12016,-82.668113
34.129779,-82.67522
34.131657,-82.67732
34.134454,-82.68629
34.138293,-82.690386
34.138986,-82.692152
34.138815,-82.69553
34.139318,-82.699758
34.141007,-82.70414
34.148165,-82.715373
34.150504,-82.717507
34.165895,-82.723312
34.169774,-82.725409
34.175906,-82.730824
34.178363,-82.731881
34.180564,-82.732359
34.193154,-82.731975
34.195338,-82.732761
34.20878756,-82.74112667
34.210063,-82.74192
34.213766,-82.74238
34.218387,-82.740544
34.219679,-82.740447
34.224913,-82.744415
34.227343,-82.743461
34.230196,-82.74198
34.242957,-82.744834
34.244861,-82.744982
34.252407,-82.744056
34.263407,-82.748756
34.264107,-82.748656
34.266407,-82.746656
34.27087,-82.749856
34.276067,-82.755028
34.281492,-82.761995
34.28199,-82.762945
34.281539,-82.765266
34.285402,-82.770928
34.28874403,-82.77370243
34.296701,-82.780308
34.302901,-82.781752
34.310381,-82.78684
34.32355,-82.790966
34.327428,-82.791608
34.331048,-82.791235
34.339772,-82.794054
34.34096,-82.795223
34.341317,-82.798198
34.349998,-82.809949
34.358872,-82.82342
34.364242,-82.833702
34.366069,-82.835004
34.369177,-82.835413
34.373899,-82.835203
34.382676,-82.836611
34.39013,-82.841524
34.392503,-82.841997
34.397332,-82.841326
34.399766,-82.841997
34.412049,-82.847446
34.420571,-82.847781
34.423844,-82.848651
34.426812,-82.851367
34.432275,-82.854434
34.443977,-82.855762
34.449707,-82.860127
34.451469,-82.860874
34.457428,-82.860707
34.458748,-82.862156
34.460319,-82.865345
34.463503,-82.875463
34.465803,-82.876464
34.468003,-82.875864
34.468891,-82.874864
34.471508,-82.873831
34.475303,-82.876864
34.479003,-82.882864
34.485902,-82.902665
34.485402,-82.908365
34.481402,-82.922866
34.481802,-82.925766
34.484202,-82.928466
34.486102,-82.940867
34.479602,-82.947367
34.477302,-82.954667
34.482002,-82.960668
34.482702,-82.979568
34.47919821,-82.99221544
34.479072,-82.992671
34.475648,-82.995279
34.472483,-82.99509
34.472132,-83.002924
34.484147,-83.029315
34.483032,-83.032513
34.483495,-83.034712
34.488816,-83.043771
34.493254,-83.048289
34.49509287,-83.04946721
34.50289,-83.054463
34.503711,-83.057843
34.501126,-83.065515
34.502131,-83.069451
34.515939,-83.087189
34.517798,-83.086861
34.523746,-83.077995
34.524837,-83.078113
34.530967,-83.084855
34.532078,-83.087789
34.532944,-83.092564
34.531524,-83.096858
34.532179,-83.102179
34.533406,-83.103176
34.53663022,-83.10356281
34.540166,-83.103987
34.560129,-83.122901
34.561999,-83.127176
34.561699,-83.129676
34.567999,-83.139876
34.578299,-83.152577
34.588198,-83.154577
34.590998,-83.168278
34.592398,-83.170278
34.598798,-83.170978
34.60200996,-83.16999398
34.60386591,-83.16957162
34.60544434,-83.16999398
34.60716153,-83.17342837
34.60802014,-83.17943854
34.605998,-83.196979
34.608398,-83.199779
34.610905,-83.211598
34.609947,-83.221402
34.611297,-83.23178
34.617997,-83.243381
34.624307,-83.240676
34.624507,-83.240669
34.626297,-83.244581
34.631696,-83.248281
34.637696,-83.255281
34.640296,-83.262282
34.641896,-83.271982
34.644853,-83.27796
34.650896,-83.286583
34.654196,-83.292883
34.66247,-83.300848
34.666582,-83.301477
34.669561,-83.304641
34.670273,-83.308917
34.668944,-83.314394
34.669316,-83.316401
34.674773,-83.318524
34.675974,-83.31944
34.677543,-83.321463
34.679517,-83.325336
34.681342,-83.330284
34.68053447,-83.3362073
34.68200151,-83.33868999
34.6838071,-83.33902854
34.68666608,-83.33933486
34.68696689,-83.33936709
34.68899818,-83.34038274
34.69125517,-83.34241403
34.69351216,-83.34467102
34.6961077,-83.3478308
34.69757474,-83.3494107
34.69915463,-83.34997495
34.70096023,-83.3496364
34.70366862,-83.3478308
34.70547421,-83.34771796
34.708274,-83.349788
34.713243,-83.350976
34.714456,-83.351392
34.715993,-83.352485
34.71612141,-83.35249264
34.728648,-83.353238
34.737194,-83.348829
34.742295,-83.338666
34.759616,-83.320062
34.765371,-83.321008
34.773725,-83.319945
34.789712,-83.323866
34.799911,-83.313782
34.802403,-83.303643
34.804008,-83.301182
34.80867654,-83.3014818
34.811073,-83.30296532
34.81221418,-83.30296532
34.81324123,-83.30239474
34.81415418,-83.30136768
34.81426829,-83.29942768
34.81426829,-83.29725945
34.81472476,-83.2942924
34.81883299,-83.29132534
34.822508,-83.29112
34.824477,-83.289914
34.823043,-83.284812
34.821328,-83.283151
34.816862,-83.275656
34.81844,-83.271214
34.821393,-83.268159
34.832748,-83.267293
34.83719564,-83.26998249
34.84528885,-83.26765569
34.84640167,-83.26451957
34.84640167,-83.26219277
34.84562924,-83.25985956
34.84498536,-83.25814617
34.84559235,-83.2557182
34.84640167,-83.25460539
34.848057,-83.253762
34.85348323,-83.25258208
34.85601236,-83.25005295
34.85844032,-83.24722033
34.86309392,-83.247018
34.86552188,-83.24560169
34.86673586,-83.24084693
34.86977082,-83.23841897
34.87286771,-83.23855707
34.8756609,-83.23908079
34.87705749,-83.23750962
34.878051,-83.232379
34.879907,-83.22924
34.878124,-83.220099
34.882796,-83.213323
34.880279,-83.209683
34.880142,-83.205627
34.884653,-83.201183
34.890284,-83.204572
34.893717,-83.203351
34.895046,-83.197627
34.89784259,-83.19478647
34.89793986,-83.19040939
34.899534,-83.186541
34.904708,-83.180871
34.90825031,-83.17893173
34.910911,-83.174034
34.914231,-83.170754
34.91787988,-83.16852402
34.91885256,-83.16502235
34.91826895,-83.16093708
34.92011705,-83.15801903
34.92429959,-83.15587912
34.92634223,-83.15325288
34.92721764,-83.14994576
34.924756,-83.143261
34.924915,-83.140621
34.930932,-83.130554
34.932351,-83.129885
34.9351672,-83.13035614
34.93740207,-83.12949267
34.93811316,-83.12807048
34.93704652,-83.12517531
34.93806237,-83.1225849
34.93912901,-83.12111192
34.94126229,-83.12050241
34.94268448,-83.1212135
34.94451301,-83.12294044
34.948742,-83.126761
34.953778,-83.127035
34.95524,-83.124378
34.9589662,-83.12114047
34.96362,-83.121803
34.968406,-83.120387
34.975896,-83.112021
34.9806351,-83.11002504
34.98272,-83.106991
34.98933151,-83.10449025
34.99278275,-83.10459981
34.99634354,-83.1055311
35.000771,-83.108535
35.02759451,-83.00863928
35.02995,-82.999867
35.056021,-82.897499
35.078748,-82.809766
35.085024,-82.787867
35.0856,-82.783283
35.084585,-82.78113
35.084492,-82.781062
35.083575,-82.778651
35.081349,-82.776357
35.076885,-82.777407
35.073674,-82.779116
35.07220601,-82.77992844
35.07043453,-82.77992844
35.069043,-82.780546
35.066817,-82.781973
35.06414339,-82.77737641
35.06547618,-82.77004602
35.068177,-82.764464
35.06801888,-82.75770449
35.06962932,-82.75416154
35.073463,-82.751265
35.07574895,-82.75110172
35.07848669,-82.74949128
35.07913086,-82.74643146
35.07832565,-82.74176121
35.07945295,-82.7383793
35.082701,-82.735904
35.08637781,-82.73097132
35.08782719,-82.72968297
35.09059,-82.729517
35.091978,-82.728961
35.094142,-82.72701
35.094341,-82.723462
35.093265,-82.720442
35.092943,-82.715297
35.096542,-82.707152
35.09765083,-82.70391607
35.09748978,-82.70101729
35.0971677,-82.69860164
35.09845604,-82.69489765
35.104117,-82.689634
35.10634716,-82.68845593
35.10860176,-82.68877801
35.11150054,-82.69071053
35.11327202,-82.6913547
35.1147214,-82.69119366
35.11617079,-82.69054949
35.1181033,-82.68893905
35.119287,-82.687641
35.11979,-82.686738
35.121822,-82.686496
35.12454503,-82.68604028
35.12583338,-82.68362463
35.12615547,-82.6808869
35.12535025,-82.67686082
35.12325669,-82.67508935
35.12100208,-82.67331787
35.11939166,-82.67251265
35.1181033,-82.66961388
35.118123,-82.662381
35.11939166,-82.65785772
35.12196835,-82.65350955
35.12486712,-82.65141599
35.12677,-82.648694
35.12841007,-82.64529636
35.12921528,-82.64223654
35.12808798,-82.63821046
35.1263165,-82.63466751
35.12583338,-82.63257396
35.12615546,-82.629031
35.127903,-82.626436
35.130432,-82.624847
35.134635,-82.621185
35.13527,-82.617993
35.136701,-82.614402
35.137529,-82.613866
35.1382337,-82.61244356
35.13903891,-82.60970582
35.139036,-82.602358
35.137729,-82.59814
35.139002,-82.59243
35.142928,-82.588158
35.143142,-82.586035
35.142352,-82.581836
35.141742,-82.580687
35.142104,-82.578316
35.14364825,-82.57421467
35.14526844,-82.56991167
35.14769388,-82.56748623
35.15011931,-82.56619266
35.15157458,-82.56376723
35.151644,-82.560807
35.1509278,-82.55859295
35.15173628,-82.55616752
35.15286815,-82.55487394
35.154639,-82.554871
35.15691055,-82.55422716
35.15804242,-82.55293359
35.15949768,-82.55050815
35.16030616,-82.54743593
35.16030616,-82.54452539
35.16030616,-82.540483
35.159259,-82.536218
35.158664,-82.535967
35.15691055,-82.53466194
35.15561698,-82.53255989
35.15561698,-82.52997276
35.15674885,-82.52593035
35.1588509,-82.52140287
35.161044,-82.51921
35.162643,-82.517284
35.163029,-82.51691
35.163442,-82.516044
35.163894,-82.506137
35.163675,-82.499843
35.164312,-82.495506
35.169715,-82.490766
35.172494,-82.487357
35.173798,-82.483937
35.175486,-82.476136
35.174619,-82.472313
35.174633,-82.467991
35.178143,-82.460092
35.17742469,-82.45560936
35.17469048,-82.45298675
35.17262588,-82.45276355
35.16899887,-82.45293095
35.16526025,-82.45120114
35.16503705,-82.44896914
35.165863,-82.439595
35.16771546,-82.43568869
35.17078447,-82.43412629
35.183224,-82.428
35.193092,-82.424461
35.198613,-82.419744
35.200131,-82.417597
35.202483,-82.411301
35.204473,-82.403348
35.213214,-82.395697
35.215402,-82.39293
35.215395,-82.390439
35.210542,-82.384029
35.207646,-82.383776
35.202276,-82.380524
35.19805343,-82.37874392
35.19589407,-82.37919069
35.19358578,-82.38060544
35.19120304,-82.38120113
35.1895649,-82.38090329
35.18688431,-82.37971191
35.1844271,-82.37680794
35.182201,-82.373218
35.18144867,-82.37129784
35.18174651,-82.36898956
35.18472494,-82.36429852
35.18621416,-82.36347945
35.18800122,-82.36355391
35.18963936,-82.36325607
35.19083073,-82.36146901
35.19224851,-82.35350824
35.192858,-82.350086
35.193115,-82.344554
35.19151,-82.341194
35.189188,-82.340133
35.18893,-82.339508
35.18901,-82.338013
35.190661,-82.333934
35.190645,-82.332975
35.189032,-82.330779
35.186767,-82.330549
35.185056,-82.326917
35.184789,-82.32335
35.187858,-82.317871
35.190678,-82.315871
35.191089,-82.314863
35.193012,-82.307166
35.194965,-82.295354
35.198605,-82.288453
35.199858,-82.282516
35.200071,-82.27492
35.198636,-82.257515
35.196784,-82.230915
35.196764,-82.230517
35.196044,-82.216217
35.194951,-82.195483
35.194355,-82.185513
35.19379,-82.176874
35.193699,-82.167676
35.193122,-82.138947
35.190698,-82.089586
35.18944911,-82.03965077
35.188493,-82.001422
35.18722794,-81.96932552
35.185505,-81.925612
35.184113,-81.874433
35.18348936,-81.85783201
35.181395,-81.802081
35.18051407,-81.77235111
35.18038698,-81.76806214
35.17951079,-81.73849192
35.178852,-81.716259
35.17733122,-81.68080098
35.17586896,-81.64670741
35.17450377,-81.61487721
35.17308,-81.581681
35.17174354,-81.54514951
35.169882,-81.494265
35.169951,-81.493401
35.168657,-81.461408
35.168293,-81.452398
35.16802439,-81.44562681
35.164893,-81.366691
35.16488946,-81.36659895
35.1634044,-81.32802037
35.16196669,-81.29067191
35.1611401,-81.26919911
35.160081,-81.241686
35.159974,-81.239358
35.1554174,-81.1382068
35.15418459,-81.1108398
35.154115,-81.109295
35.15204733,-81.07725344
35.14987729,-81.04362545
35.14924813,-81.04287046
35.14839,-81.043407
35.147918,-81.044391
35.145157,-81.047091
35.143743,-81.047826
35.133237,-81.051204
35.131654,-81.051037
35.131048,-81.05042
35.126299,-81.038968
35.122552,-81.036759
35.113747,-81.033005
35.110033,-81.032471
35.108049,-81.032806
35.104105,-81.034958
35.102541,-81.037369
35.100617,-81.046524
35.098817,-81.050079
35.096276,-81.052078
35.086129,-81.057236
35.07319,-81.058029
35.062433,-81.057648
35.060121,-81.055695
35.055246,-81.050018
35.044703,-81.041489
35.07756765,-80.9841603
35.092639,-80.95787
35.107409,-80.93495
35.076763,-80.906553
35.07661643,-80.90641643
35.05351,-80.884887
35.00163587,-80.8403834
34.979695,-80.82156
34.963249,-80.806784
34.962894,-80.806461
34.935782,-80.782042
34.83799865,-80.79510917
34.8238736,-80.79699676
34.819786,-80.797543
34.819697,-80.777712
34.819646,-80.771792
34.81890749,-80.68407365
34.818592,-80.646601
34.818568,-80.644656
34.818217,-80.626077
34.818239,-80.625993
34.818174,-80.621222
34.81748119,-80.56167357
34.817481,-80.561657
34.817261,-80.499788
34.816798,-80.491814
34.81673663,-80.48568354
34.81673212,-80.48523391
34.816396,-80.45166
34.816332,-80.448766
34.815968,-80.434843
34.81581,-80.425902
34.815581,-80.419586
34.815622,-80.418433
34.815508,-80.417014
34.815128,-80.399871
34.81446851,-80.3500683
34.81407567,-80.32040239
34.81386761,-80.30468982
34.81358869,-80.28362688
34.812931,-80.23396
34.81284323,-80.22970477
34.81138997,-80.15925224
34.8108107,-80.13116942
34.810147,-80.098994
34.810147,-80.098022
34.809716,-80.077223
34.809736,-80.072912
34.809097,-80.042764
34.808726,-80.027464
34.8081406,-80.0005412
34.806555,-79.927618
34.80580704,-79.89144336
34.805378,-79.870693
34.805931,-79.773607
34.805954,-79.772829
34.805686,-79.744925
34.805651,-79.744116
34.80497338,-79.69294822
34.804937,-79.690201
34.804897,-79.688088
34.804744,-79.675299
34.771012,-79.634216
34.768835,-79.631577
34.711996,-79.561691
34.706363,-79.554454
34.678327,-79.520269
34.677321,-79.519043
34.653819,-79.490201
34.64464,-79.479305
34.6372,-79.471599
34.635323,-79.468717
34.63043215,-79.46175387
34.630126,-79.461318
34.629027,-79.459766
34.621036,-79.450034
34.545358,-79.358317
34.521869,-79.331328
34.516282,-79.324854
34.514634,-79.323249
34.500426,-79.306653
34.48266363,-79.28670313
34.449774,-79.249763
34.44563695,-79.24488585
34.42112888,-79.21599335
34.406699,-79.198982
34.40104,-79.192041
34.399751,-79.190739
34.366753,-79.151485
34.359817,-79.143242
34.29924,-79.071169
34.23595392,-78.99576011
34.20904123,-78.96369215
34.16388104,-78.90988126
34.134395,-78.874747
34.11799634,-78.85538482
34.08100606,-78.81170979
34.04524235,-78.76948298
33.996732,-78.712206
33.994688,-78.710141
33.989268,-78.702771
33.95452,-78.66253
33.94539747,-78.65162938
33.94430894,-78.65032867
33.92007287,-78.62136869
33.915523,-78.615932
33.88492526,-78.58037771
33.851112,-78.541087
33.847831,-78.553944
33.844282,-78.584841
33.817587,-78.67226
33.800138,-78.714116
33.768511,-78.772737
33.743472,-78.812931
33.705654,-78.862931
33.639826,-78.938076
33.57211393,-79.0021086
33.566565,-79.007356
33.533365,-79.028516
33.523773,-79.041125
33.483669,-79.084588
33.461016,-79.10136
33.403867,-79.135441
33.378243,-79.147496
33.350925,-79.152035
33.332811,-79.158429
33.327246,-79.162332
33.254141,-79.180318
33.237955,-79.180563
33.206577,-79.172394
33.173712,-79.18787
33.166016,-79.195631
33.155569,-79.215453
33.137055,-79.238262
33.124865,-79.24609
33.11005075,-79.29075362