3946,Texas
26.05665595,-97.86823537
26.058083,-97.871187
26.064483,-97.876983
26.066339,-97.88653
26.056539,-97.913882
26.052688,-97.93542
26.059621,-97.944345
26.061828,-97.950095
26.051718,-97.967358
26.059708,-97.978769
26.067182,-97.981335
26.063863,-98.010971
26.06647,-98.028759
26.061039,-98.033102
26.051375,-98.034403
26.041275,-98.039239
26.047992,-98.070021
26.051466,-98.070025
26.068042,-98.076544
26.070932,-98.080495
26.070808,-98.084755
26.069208,-98.085849
26.066108,-98.081567
26.063724,-98.081884
26.059169,-98.091038
26.058625,-98.094432
26.060271,-98.097643
26.067537,-98.105505
26.06224811,-98.12703216
26.061929,-98.128331
26.049412,-98.146622
26.051579,-98.149463
26.055813,-98.149463
26.058187,-98.151731
26.074672,-98.177897
26.063258,-98.18906
26.057118,-98.191534
26.056153,-98.197046
26.059161,-98.200871
26.066419,-98.20496
26.076467,-98.220673
26.077155,-98.230097
26.073101,-98.248806
26.085507,-98.264514
26.098802,-98.277218
26.10629,-98.272898
26.10709,-98.270034
26.12037,-98.265698
26.120321,-98.296195
26.11749,-98.299523
26.11005,-98.302979
26.121249,-98.323828
26.137617,-98.335204
26.151344,-98.33842
26.1588,-98.333316
26.162336,-98.333156
26.166432,-98.336837
26.166016,-98.345781
26.15304,-98.354645
26.157872,-98.386694
26.182564,-98.404433
26.184648,-98.41812
26.199151,-98.442536
26.201407,-98.444376
26.21333941,-98.44368177
26.21990396,-98.4509757
26.22233527,-98.46507732
26.219277,-98.481646
26.216439,-98.483269
26.21285315,-98.4966844
26.21382568,-98.50057451
26.2147982,-98.50349208
26.22282153,-98.50932724
26.22355093,-98.51662118
26.22160588,-98.52658957
26.225677,-98.535241
26.23133114,-98.53801674
26.23449184,-98.54385189
26.23084487,-98.56160048
26.23522124,-98.57618836
26.24300144,-98.58178038
26.25442862,-98.58518422
26.25491392,-98.58731388
26.257612,-98.599154
26.252028,-98.613465
26.2522105,-98.62665366
26.242612,-98.63418
26.23596,-98.654221
26.23632,-98.669397
26.239989,-98.675206
26.245554,-98.679042
26.255568,-98.677766
26.26271,-98.681167
26.26512,-98.687156
26.26561948,-98.69885592
26.27215207,-98.70745142
26.279018,-98.710602
26.28418577,-98.70917053
26.28968689,-98.71123345
26.299027,-98.729196
26.29897003,-98.73461322
26.30309589,-98.74527166
26.31719253,-98.74561547
26.32166218,-98.74905367
26.32510038,-98.75524244
26.326542,-98.779912
26.331575,-98.789822
26.349104,-98.796252
26.360166,-98.798211
26.369421,-98.807348
26.370715,-98.824571
26.363338,-98.832909
26.358638,-98.844057
26.359595,-98.847707
26.365023,-98.853415
26.36599,-98.861354
26.35756883,-98.89096492
26.36402419,-98.90555965
26.38142559,-98.92127703
26.38198692,-98.92492572
26.3760929,-98.93755577
26.37553157,-98.94204646
26.38030292,-98.95018582
26.39405564,-98.95832518
26.39826565,-98.96758722
26.39545898,-98.99032131
26.39545898,-99.00800338
26.39882699,-99.0147394
26.407902,-99.021935
26.412082,-99.032316
26.412947,-99.039107
26.409816,-99.045466
26.402006,-99.053185
26.397371,-99.062093
26.39651,-99.082002
26.398782,-99.085126
26.4081,-99.089413
26.426278,-99.110855
26.434002,-99.113808
26.441515,-99.103083
26.476977,-99.091635
26.500335,-99.105031
26.525199,-99.127782
26.527901,-99.143659
26.536079,-99.166742
26.540316,-99.170704
26.549848,-99.171404
26.560001,-99.16741
26.57167356,-99.16946397
26.620547,-99.178064
26.656443,-99.200522
26.693938,-99.209948
26.724761,-99.208907
26.745851,-99.240023
26.788262,-99.242444
26.815668,-99.262208
26.843213,-99.268613
26.858053,-99.280471
26.86544,-99.295146
26.865831,-99.316753
26.879761,-99.3289
26.906846,-99.321819
26.915973,-99.324684
26.922759,-99.337297
26.928921,-99.361144
26.929034,-99.367054
26.93449,-99.379149
26.944217,-99.388253
26.96073,-99.393748
26.966348,-99.390189
26.973819,-99.377312
26.977717,-99.376593
26.980034,-99.378435
26.982399,-99.387367
26.997356,-99.403694
27.005809,-99.407321
27.01724,-99.415476
27.016568,-99.420447
27.010833,-99.42938
27.010699,-99.432155
27.01463,-99.438721
27.023008,-99.446524
27.026026,-99.44697
27.031253,-99.444062
27.036458,-99.443973
27.062669,-99.452316
27.067705,-99.450282
27.078517,-99.43447
27.090982,-99.429209
27.094872,-99.430275
27.100442,-99.437646
27.106839,-99.442123
27.110042,-99.441109
27.119218,-99.43337
27.126612,-99.430581
27.13758,-99.431355
27.144792,-99.438265
27.151072,-99.439971
27.154121,-99.437951
27.159149,-99.429984
27.176262,-99.426348
27.209693,-99.432795
27.217985,-99.441928
27.223341,-99.445238
27.236758,-99.441407
27.24992,-99.441549
27.264046,-99.452391
27.2646726,-99.453949
27.268437,-99.463309
27.259989,-99.480688
27.260721,-99.48791
27.264118,-99.492407
27.271708,-99.496615
27.29024,-99.487513
27.294941,-99.487937
27.303542,-99.494604
27.306121,-99.502036
27.304077,-99.511531
27.304138,-99.523658
27.306051,-99.529654
27.312538,-99.536443
27.316073,-99.537771
27.323809,-99.531376
27.324784,-99.52126
27.338289,-99.504837
27.348637,-99.507831
27.354247,-99.507779
27.37314,-99.499076
27.380517,-99.492144
27.412396,-99.487521
27.438884,-99.495699
27.451518,-99.495104
27.467297,-99.483819
27.481596,-99.480419
27.485796,-99.480219
27.491096,-99.483519
27.500496,-99.497519
27.499496,-99.51332
27.496896,-99.51932
27.496696,-99.52582
27.498896,-99.52832
27.544094,-99.521919
27.553194,-99.518819
27.556994,-99.514319
27.564494,-99.511119
27.568094,-99.512219
27.572131,-99.515978
27.580207,-99.530138
27.603281,-99.539722
27.614454,-99.55495
27.614336,-99.556812
27.609076,-99.559467
27.607264,-99.562869
27.602251,-99.580006
27.603903,-99.584843
27.606398,-99.585148
27.610369,-99.57816
27.619196,-99.578099
27.622007,-99.584782
27.627464,-99.591372
27.638573,-99.594038
27.639858,-99.596231
27.641992,-99.603533
27.634515,-99.624515
27.631137,-99.625322
27.626758,-99.638929
27.629616,-99.654324
27.635968,-99.665948
27.640275,-99.665422
27.645246,-99.6595
27.650158,-99.658295
27.655753,-99.661845
27.659974,-99.668942
27.661015,-99.685813
27.655417,-99.699356
27.654954,-99.704601
27.658365,-99.711511
27.666155,-99.721519
27.673328,-99.723716
27.685425,-99.732448
27.711853,-99.757539
27.717071,-99.758534
27.732134,-99.77074
27.73354,-99.774901
27.730355,-99.785366
27.730718,-99.788845
27.735586,-99.796342
27.741771,-99.801651
27.758688,-99.80567
27.773952,-99.813086
27.776019,-99.819092
27.766855,-99.822193
27.764374,-99.825793
27.762881,-99.835127
27.766464,-99.841708
27.778809,-99.844737
27.793974,-99.850877
27.794627,-99.870066
27.799427,-99.877677
27.824376,-99.87784
27.837968,-99.876003
27.842179,-99.877202
27.850392,-99.882015
27.856193,-99.89365
27.864162,-99.901486
27.875284,-99.904385
27.884406,-99.901232
27.89295,-99.894091
27.899208,-99.893456
27.904178,-99.895828
27.912142,-99.90008
27.917973,-99.917461
27.940537,-99.937142
27.954059,-99.938541
27.96771,-99.932161
27.980967,-99.931812
27.983536,-99.962769
27.990729,-99.984923
27.99456,-99.991447
28.023964,-100.008631
28.037203,-100.012839
28.064787,-100.017914
28.073118,-100.028725
28.079068,-100.046108
28.08473,-100.053123
28.094207,-100.056983
28.101141,-100.055596
28.104186,-100.056493
28.113602,-100.067652
28.124882,-100.075474
28.144035,-100.083393
28.148313,-100.090289
28.155588,-100.119628
28.168149,-100.141098
28.16816,-100.16059
28.171542,-100.168438
28.179448,-100.174413
28.185781,-100.185694
28.190218,-100.196499
28.190383,-100.208059
28.19651,-100.212105
28.19683736,-100.2121367
28.210416,-100.21345
28.226934,-100.217565
28.23221,-100.220284
28.235224,-100.22363
28.235857,-100.227575
28.234092,-100.2462
28.236177,-100.251634
28.250269,-100.267604
28.267969,-100.280518
28.273491,-100.289384
28.278475,-100.293468
28.284381,-100.294296
28.301093,-100.287554
28.312296,-100.286471
28.316978,-100.288639
28.345859,-100.314198
28.357382,-100.317246
28.362117,-100.320393
28.384953,-100.341869
28.389662,-100.3444
28.402604,-100.349586
28.410119,-100.343945
28.427151,-100.337059
28.430181,-100.336186
28.44296,-100.337797
28.449571,-100.341533
28.459246,-100.350786
28.463642,-100.357498
28.477196,-100.368288
28.481116,-100.365982
28.482638,-100.352235
28.486249,-100.344181
28.491729,-100.33714
28.499252,-100.333814
28.501833,-100.338518
28.508399,-100.362148
28.511639,-100.379079
28.515748,-100.38886
28.53578,-100.405058
28.551899,-100.411414
28.575637,-100.39727
28.580401,-100.3968
28.584884,-100.398385
28.596441,-100.429856
28.609325,-100.44732
28.616774,-100.448648
28.637144,-100.445529
28.642197,-100.447091
28.641364,-100.462866
28.647071,-100.474494
28.655225,-100.479636
28.658569,-100.495863
28.66196,-100.500354
28.690723,-100.510055
28.705352,-100.511998
28.716745,-100.506701
28.740599,-100.507613
28.756161,-100.519226
28.76328,-100.533017
28.780776,-100.537772
28.791063,-100.532431
28.805888,-100.53583
28.825817,-100.547324
28.828249,-100.55313
28.829174,-100.561443
28.826317,-100.57051
28.828787,-100.574699
28.836168,-100.576846
28.848464,-100.572992
28.856008,-100.580502
28.863054,-100.59104
28.875591,-100.598877
28.88766,-100.602654
28.901944,-100.602054
28.903734,-100.627206
28.902839,-100.631611
28.914212,-100.640568
28.916289,-100.63917
28.927622,-100.638857
28.943432,-100.651512
28.957079,-100.646993
28.986421,-100.645894
29.008254,-100.650946
29.015356,-100.653758
29.017224,-100.65611
29.031497,-100.660208
29.048042,-100.663212
29.058107,-100.662508
29.073206,-100.664065
29.08397014,-100.6683555
29.099777,-100.674656
29.110657,-100.684472
29.115228,-100.692327
29.119684,-100.709966
29.129123,-100.727462
29.139079,-100.737795
29.141658,-100.739116
29.147407,-100.737591
29.150486,-100.739681
29.154149,-100.74614
29.15715,-100.759726
29.168492,-100.772649
29.173344,-100.775905
29.185849,-100.766031
29.195287,-100.767059
29.228137,-100.785521
29.225945,-100.791372
29.22773,-100.795681
29.235586,-100.797046
29.24176718,-100.7951268
29.242459,-100.794912
29.246943,-100.797671
29.261742,-100.823533
29.2614,-100.83404
29.263259,-100.839016
29.271421,-100.848664
29.275664,-100.856469
29.276076,-100.864659
29.279585,-100.876049
29.282193,-100.878883
29.299045,-100.882052
29.307848,-100.886842
29.31201,-100.904835
29.326584,-100.926678
29.333109,-100.940615
29.341985,-100.943196
29.347246,-100.948972
29.347342,-100.964325
29.351371,-100.971743
29.354545,-100.972916
29.363403,-100.995607
29.364772,-101.004207
29.368669,-101.010614
29.393698,-101.024016
29.406108,-101.036604
29.410714,-101.0386
29.414681,-101.037642
29.42988,-101.043364
29.440773,-101.056957
29.458661,-101.060151
29.469414,-101.087149
29.47055,-101.103699
29.468459,-101.115254
29.47842,-101.130038
29.473542,-101.137503
29.473246,-101.144337
29.477005,-101.151877
29.50395,-101.171663
29.514566,-101.173821
29.520285,-101.19272
29.52235,-101.227419
29.524854,-101.235275
29.520342,-101.254895
29.529933,-101.260837
29.536777,-101.261175
29.56918727,-101.2443552
29.59251185,-101.2420227
29.60417414,-101.2513525
29.60728407,-101.2591274
29.60728407,-101.2653473
29.60261915,-101.2746771
29.5948443,-101.2832295
29.58706944,-101.2972242
29.58784693,-101.3073315
29.59562179,-101.3143289
29.64071597,-101.3073315
29.64849082,-101.311219
29.6554882,-101.3166614
29.65782066,-101.3252137
29.65471072,-101.3500933
29.65782066,-101.3617556
29.66404055,-101.367198
29.69824994,-101.3788603
29.713947,-101.396948
29.717,-101.398362
29.727055,-101.396294
29.733963,-101.397009
29.738079,-101.400636
29.741498,-101.410024
29.746534,-101.415584
29.75656135,-101.4154021
29.75811631,-101.4247319
29.75345141,-101.4410591
29.75500641,-101.4465015
29.75967131,-101.4534989
29.771874,-101.455224
29.77988595,-101.4674937
29.78066344,-101.4752685
29.764582,-101.503223
29.75967131,-101.5226951
29.76433624,-101.5328025
29.78299591,-101.5374674
29.79699065,-101.5467972
29.79465818,-101.5615694
29.77444351,-101.5755642
29.77133361,-101.5825616
29.774399,-101.603681
29.771063,-101.625958
29.768729,-101.630319
29.758675,-101.635128
29.754304,-101.646418
29.758795,-101.652401
29.765163,-101.654578
29.77128,-101.662453
29.771213,-101.689992
29.762737,-101.706636
29.76766,-101.714224
29.771592,-101.735202
29.777662,-101.754323
29.78245819,-101.7609196
29.78417,-101.763274
29.789327,-101.777161
29.788252,-101.785668
29.78303756,-101.7910028
29.78261852,-101.7968696
29.78638999,-101.8065078
29.79016146,-101.8094411
29.79309483,-101.8148888
29.78932336,-101.8312319
29.80189493,-101.8526036
29.80021873,-101.8622418
29.794023,-101.8754
29.797891,-101.892739
29.79785,-101.912406
29.79267577,-101.9175567
29.79016146,-101.9225854
29.78932336,-101.9297093
29.7960282,-101.9380903
29.7977044,-101.9464714
29.7968663,-101.9535953
29.79938062,-101.959462
29.80734261,-101.9661668
29.81027599,-101.9703574
29.81027599,-101.9745479
29.80105683,-101.9875385
29.8048283,-102.0017863
29.802491,-102.021919
29.804028,-102.034759
29.802655,-102.039013
29.79961,-102.041088
29.792832,-102.038412
29.790977,-102.039227
29.78507,-102.050044
29.786926,-102.073646
29.792421,-102.077348
29.794962,-102.084439
29.792854,-102.091816
29.79239,-102.115682
29.802854,-102.142326
29.814356,-102.159601
29.819487,-102.161674
29.846034,-102.181894
29.848462,-102.18615
29.848943,-102.188672
29.842438,-102.205381
29.843534,-102.227553
29.853283,-102.261389
29.855964,-102.264041
29.864002,-102.261777
29.867806,-102.264954
29.867991,-102.268817
29.862978,-102.276755
29.863117,-102.281249
29.875194,-102.297331
29.877674,-102.301381
29.87992,-102.315389
29.87898,-102.320619
29.87885714,-102.3206929
29.872307,-102.324634
29.868046,-102.333384
29.869305,-102.341033
29.862317,-102.349861
29.845387,-102.364542
29.833156,-102.362514
29.820395,-102.369522
29.800163,-102.377254
29.789971,-102.377313
29.76687989,-102.3866776
29.76556861,-102.3929062
29.768062,-102.412062
29.776608,-102.433301
29.77981699,-102.4689464
29.78394804,-102.4903306
29.78321903,-102.5083128
29.780303,-102.5126868
29.76576,-102.513381
29.75162875,-102.5394171
29.75089974,-102.5454921
29.75235775,-102.5510812
29.76037682,-102.5593432
29.76159184,-102.5656613
29.75430177,-102.5763534
29.75065674,-102.5877745
29.751608,-102.59716
29.748182,-102.612879
29.736632,-102.622534
29.734315,-102.630151
29.73391,-102.645665
29.73612278,-102.661252
29.74195448,-102.6709715
29.73826107,-102.6771919
29.722487,-102.688164
29.707482,-102.690238
29.695591,-102.698347
29.685029,-102.699317
29.676507,-102.693466
29.648415,-102.724231
29.641538,-102.736948
29.632142,-102.742031
29.621929,-102.738428
29.599041,-102.739991
29.592875,-102.746202
29.597799,-102.757066
29.598397,-102.761811
29.594734,-102.768341
29.579449,-102.762241
29.572348,-102.766124
29.573084,-102.773961
29.556497,-102.777531
29.552189,-102.775725
29.548546,-102.771429
29.522319,-102.808692
29.494009,-102.807327
29.482806,-102.813954
29.444267,-102.83097
29.433109,-102.832539
29.418262,-102.827355
29.39955771,-102.8245644
29.37696164,-102.8407784
29.35798784,-102.8430208
29.351639,-102.86163
29.352093,-102.871857
29.354059,-102.876866
29.353327,-102.879534
29.348059,-102.883722
29.338755,-102.879805
29.309499,-102.890489
29.291947,-102.888328
29.287113,-102.891022
29.279441,-102.902605
29.260011,-102.906296
29.254029,-102.903189
29.245612,-102.887902
29.246022,-102.881135
29.241625,-102.871347
29.225015,-102.866846
29.214698,-102.87802
29.208814,-102.890064
29.208863,-102.899231
29.219337,-102.908787
29.218902,-102.912131
29.215878,-102.915866
29.211342,-102.915554
29.206255,-102.912448
29.190697,-102.917805
29.193723,-102.925482
29.194113,-102.932612
29.18882,-102.944911
29.180777,-102.947156
29.176835,-102.95089
29.176308,-102.953475
29.186226,-102.977266
29.183174,-102.989432
29.17962,-102.994653
29.172676,-102.998096
29.161219,-102.995688
29.150261,-103.002434
29.148293,-103.008362
29.137822,-103.010325
29.12577,-103.015028
29.114118,-103.032983
29.10735563,-103.0333029
29.10302884,-103.0356827
29.09935107,-103.0404422
29.09653866,-103.0553696
29.08853408,-103.0744075
29.08572167,-103.0763545
29.076059,-103.076847
29.0577,-103.100266
29.04050667,-103.1025317
29.02687727,-103.1003683
29.018123,-103.101608
29.013812,-103.107811
29.000209,-103.117238
28.988547,-103.113922
28.98527,-103.115328
28.982124,-103.126748
28.983525,-103.134931
28.978074,-103.143274
28.972831,-103.156646
28.972099,-103.163865
28.974002,-103.165923
28.978836,-103.166235
28.991532,-103.227801
28.981651,-103.239109
28.98023963,-103.2451212
28.98095151,-103.2491552
28.986687,-103.253285
28.98973141,-103.260308
28.990206,-103.2660031
28.988114,-103.270357
28.982844,-103.273357
28.98213798,-103.2811899
28.98712117,-103.2847494
28.99400272,-103.2859358
28.99969779,-103.289258
29.00444368,-103.2966141
29.01013875,-103.3129874
29.02176618,-103.3310218
29.02698667,-103.3329202
29.03339362,-103.3324456
29.03980058,-103.3348185
29.04122434,-103.3414628
29.03742763,-103.3478697
29.028567,-103.350816
29.021529,-103.355428
29.018914,-103.361998
29.024249,-103.382125
29.04233368,-103.4277543
29.055317,-103.434668
29.06746702,-103.4530293
29.06859664,-103.4573864
29.06682152,-103.4631959
29.06924214,-103.4691668
29.07311514,-103.4712646
29.08134527,-103.471426
29.08667064,-103.4748149
29.094524,-103.484429
29.11911,-103.503236
29.120998,-103.524613
29.133389,-103.523384
29.137354,-103.525027
29.154962,-103.558679
29.149965,-103.579462
29.15026,-103.59236
29.160411,-103.606438
29.165773,-103.61054
29.159286,-103.645635
29.162864,-103.65318
29.169099,-103.656808
29.170934,-103.660203
29.178294,-103.68867
29.177194,-103.697314
29.185008,-103.71377
29.19147,-103.724743
29.20861,-103.742175
29.22554526,-103.7559435
29.227361,-103.76857
29.23226526,-103.7776234
29.2488035,-103.7816599
29.2575017,-103.7890345
29.25990028,-103.7939668
29.27092719,-103.8166418
29.278304,-103.838303
29.281852,-103.856893
29.284962,-103.880606
29.284216,-103.917106
29.285042,-103.91891
29.290107,-103.918857
29.293913,-103.924976
29.294946,-103.943698
29.298587,-103.965796
29.296017,-103.975235
29.320156,-104.038282
29.33091,-104.055596
29.337694,-104.057244
29.345075,-104.075924
29.345923,-104.08215
29.353692,-104.091022
29.359926,-104.093326
29.366756,-104.098378
29.373127,-104.106467
29.380922,-104.125475
29.383278,-104.143692
29.399352,-104.166563
29.412764,-104.18007
29.426265,-104.181273
29.442884,-104.19599
29.448201,-104.208194
29.45243877,-104.2125292
29.45622207,-104.2139479
29.47301045,-104.2132385
29.47797602,-104.2205686
29.48104994,-104.2290811
29.486545,-104.233825
29.492734,-104.233487
29.496744,-104.235847
29.50942467,-104.2602933
29.514001,-104.264155
29.52433672,-104.3088128
29.52793792,-104.318074
29.5221877,-104.3274834
29.519463,-104.334811
29.519967,-104.338113
29.543063,-104.371175
29.543406,-104.381041
29.556087,-104.394589
29.560535,-104.394351
29.572319,-104.399591
29.60366,-104.452301
29.609296,-104.46652
29.627741,-104.483502
29.634017,-104.493659
29.63962385,-104.5075681
29.67607374,-104.539761
29.68112884,-104.5405592
29.68724816,-104.5357702
29.69044085,-104.5363023
29.717123,-104.552241
29.731221,-104.555601
29.74072573,-104.5546602
29.758795,-104.565951
29.770462,-104.565688
29.810276,-104.592472
29.809221,-104.594023
29.811007,-104.599149
29.819118,-104.610166
29.844445,-104.619039
29.845222,-104.62435
29.853314,-104.630103
29.863377,-104.63036
29.870485,-104.633275
29.889333,-104.656783
29.891557,-104.65865
29.901413,-104.659042
29.911112,-104.672327
29.924659,-104.679772
29.956086,-104.684322
29.975272,-104.679661
29.989943,-104.685479
30.01495,-104.689641
30.019077,-104.693592
30.021322,-104.702311
30.02421,-104.703998
30.035534,-104.701102
30.050685,-104.706874
30.06453,-104.703582
30.065287,-104.698233
30.069757,-104.692778
30.085643,-104.685003
30.095957,-104.685687
30.107304,-104.692094
30.13213,-104.695366
30.138663,-104.692123
30.162203,-104.687507
30.179464,-104.687296
30.211736,-104.702788
30.222921,-104.711236
30.237957,-104.713166
30.261221,-104.733822
30.26138,-104.73736
30.259454,-104.740448
30.26126,-104.749664
30.263644,-104.751567
30.282396,-104.757894
30.301148,-104.761634
30.313188,-104.779356
30.330336,-104.797291
30.33492585,-104.8097943
30.34706139,-104.8134783
30.36049715,-104.8147786
30.3659148,-104.8175958
30.37046562,-104.8243136
30.373909,-104.837493
30.390413,-104.859521
30.408957,-104.85744
30.418792,-104.85242
30.428897,-104.861074
30.458645,-104.869872
30.46323,-104.868711
30.46479,-104.866119
30.46738,-104.866094
30.511004,-104.876787
30.535144,-104.889376
30.55142,-104.892228
30.5704,-104.899001
30.604832,-104.924796
30.603939,-104.939873
30.608107,-104.967167
30.61026,-104.972071
30.62204,-104.980291
30.62860499,-104.982131
30.635206,-104.983981
30.661059,-104.9863
30.672583,-105.00124
30.680972,-105.002057
30.686039,-105.006801
30.683637,-105.020142
30.68725646,-105.0429302
30.68081709,-105.0498847
30.686303,-105.062334
30.698222,-105.062626
30.718914,-105.098282
30.73005,-105.108076
30.73775,-105.110706
30.743366,-105.110682
30.746001,-105.113816
30.749504,-105.123265
30.752502,-105.140207
30.751452,-105.152362
30.75400779,-105.1576402
30.75705876,-105.1601528
30.76746793,-105.1612296
30.77249305,-105.164819
30.77213411,-105.1782791
30.776645,-105.183436
30.784392,-105.185931
30.792138,-105.195144
30.786454,-105.206161
30.78541478,-105.2129165
30.78649159,-105.2159675
30.78954256,-105.2166854
30.7972597,-105.2148907
30.80156694,-105.2186595
30.80310875,-105.2383643
30.79702897,-105.2554161
30.79807804,-105.2613607
30.82220649,-105.2872376
30.82220649,-105.2956301
30.81696117,-105.3036729
30.81696117,-105.314863
30.825004,-105.3176605
30.8274518,-105.3201083
30.838065,-105.347695
30.84738402,-105.3606721
30.848645,-105.377417
30.852979,-105.3942421
30.85542682,-105.3966899
30.871961,-105.394249
30.888941,-105.399609
30.899808,-105.413505
30.905792,-105.430089
30.943278,-105.488027
30.95049407,-105.4968561
30.95727942,-105.4979639
30.96268002,-105.5022567
30.984859,-105.533088
30.984746,-105.543676
30.99022869,-105.5574303
31.021645,-105.579114
31.026847,-105.581404
31.035396,-105.579542
31.057488,-105.585323
31.064842,-105.595921
31.074926,-105.598773
31.082625,-105.60333
31.098545,-105.627349
31.098322,-105.64189
31.113908,-105.646731
31.115902,-105.648834
31.136375,-105.709491
31.141438,-105.717006
31.149161,-105.71954
31.164897,-105.742678
31.164121,-105.763531
31.166897,-105.773257
31.182666,-105.780021
31.191283,-105.779725
31.197563,-105.782895
31.20224,-105.794386
31.230681,-105.818835
31.246812,-105.835722
31.288634,-105.869353
31.291589,-105.876015
31.290014,-105.890872
31.290978,-105.895035
31.306769,-105.903461
31.312774,-105.908771
31.313121,-105.932553
31.318735,-105.938452
31.340069,-105.948091
31.35281,-105.945903
31.364749,-105.953943
31.365937,-105.970101
31.38679183,-105.9974857
31.392458,-106.004926
31.398702,-106.080258
31.421403,-106.106877
31.423578,-106.112169
31.425367,-106.132782
31.438885,-106.158218
31.456279,-106.175675
31.45943281,-106.1854815
31.46537839,-106.2039688
31.465976,-106.205827
31.46818761,-106.2078367
31.4803,-106.218843
31.500422,-106.223909
31.513376,-106.236804
31.541153,-106.246203
31.547997,-106.25478
31.562062,-106.280811
31.584445,-106.287785
31.620413,-106.303536
31.664112,-106.334737
31.696711,-106.349538
31.71071,-106.370139
31.71481,-106.373839
31.72831,-106.378039
31.73211,-106.381039
31.752009,-106.41794
31.754209,-106.431541
31.764808,-106.451541
31.759608,-106.467642
31.753508,-106.470742
31.750109,-106.475542
31.747809,-106.484642
31.748408,-106.489542
31.761208,-106.507342
31.776207,-106.523643
31.781807,-106.528643
31.783907,-106.528543
31.784407,-106.528543
31.786945,-106.527997
31.789119,-106.527623
31.789761,-106.527738
31.790507,-106.527943
31.792103,-106.530515
31.791914,-106.53248
31.791829,-106.533
31.791907,-106.533043
31.796107,-106.534743
31.797089,-106.535154
31.797507,-106.535343
31.798607,-106.535843
31.802146,-106.542097
31.802107,-106.542144
31.804287,-106.544714
31.805007,-106.545344
31.807305,-106.547144
31.810406,-106.558444
31.811104,-106.562945
31.812606,-106.563444
31.813306,-106.566844
31.810206,-106.570944
31.810406,-106.577244
31.813906,-106.581344
31.815506,-106.582144
31.822106,-106.588045
31.822706,-106.589045
31.824901,-106.593826
31.825024,-106.602727
31.827912,-106.605267
31.839605,-106.601945
31.844405,-106.602045
31.845905,-106.605245
31.846305,-106.605845
31.84649,-106.614637
31.852854,-106.621857
31.856276,-106.625763
31.860593,-106.627808
31.866235,-106.635926
31.871514,-106.63588
31.874478,-106.634873
31.879697,-106.630799
31.883717,-106.629197
31.886411,-106.630692
31.889184,-106.633927
31.891663,-106.638154
31.892933,-106.6429
31.894859,-106.645296
31.895649,-106.645646
31.89867,-106.645479
31.904598,-106.64084
31.90979,-106.633668
31.912227,-106.625947
31.914034,-106.623445
31.918003,-106.614346
31.920003,-106.611846
31.925335,-106.623933
31.923614,-106.628663
31.92657,-106.629747
31.930053,-106.625322
31.934863,-106.622529
31.936621,-106.622117
31.940863,-106.622377
31.94551,-106.623659
31.948439,-106.616136
31.956,-106.614702
31.956008,-106.617708
31.952891,-106.622819
31.954531,-106.625123
31.957476,-106.625535
31.961054,-106.624299
31.963403,-106.620454
31.964777,-106.619371
31.966955,-106.618745
31.971578,-106.619569
31.972933,-106.621873
31.97291,-106.623216
31.97069,-106.626466
31.971258,-106.630114
31.97682,-106.638186
31.980348,-106.639529
31.985719,-106.636492
31.989809,-106.631182
31.990999,-106.623568
31.994733,-106.619448
32.000495,-106.618486
32.000731,-106.599096
32.000754,-106.598639
32.000778,-106.595333
32.000749,-106.587972
32.000759,-106.566056
32.000736,-106.565142
32.001334,-106.411075
32.001484,-106.394298
32.00117744,-106.3771653
32.001172,-106.376861
32.001512,-106.313307
32.001762,-106.205915
32.001785,-106.200699
32.00205,-106.18184
32.002533,-106.125534
32.00249156,-106.0997559
32.002328,-105.998003
32.0021,-105.9006
32.00197,-105.886159
32.00235,-105.854061
32.002206,-105.750527
32.001564,-105.731362
32.000577,-105.429281
32.0006,-105.428582
32.000638,-105.427049
32.000607,-105.390396
32.000497,-105.153994
32.000497,-105.15031
32.000485,-105.14824
32.000518,-105.132916
32.000524,-105.131377
32.000485,-105.11804
32.000533,-105.078605
32.000579,-105.077046
32.000496,-104.918272
32.0004824,-104.847757
32.000443,-104.643526
32.000396,-104.640918
32.000311,-104.531937
32.000117,-104.531756
32.00001,-104.024521
32.000125,-103.980179
32.000554,-103.875476
32.000198,-103.748317
32.00020838,-103.722853
32.00037,-103.326501
32.000419,-103.278521
32.000326,-103.270383
32.000324,-103.267708
32.000475,-103.267633
32.000513,-103.215641
32.000453,-103.088698
32.000465,-103.085876
32.000518,-103.064423
32.087051,-103.064344
32.123041,-103.064348
32.145006,-103.064422
32.522193,-103.064696
32.587983,-103.064761
32.600397,-103.064788
32.601863,-103.064761
32.624537,-103.064815
32.64642,-103.064633
32.682647,-103.064864
32.690761,-103.064798
32.708694,-103.064799
32.726628,-103.064827
32.777303,-103.064807
32.783602,-103.064698
32.784593,-103.064711
32.827531,-103.064699
32.82847,-103.064672
32.849359,-103.064889
32.85726,-103.064916
32.857696,-103.064807
32.868346,-103.064862
32.879355,-103.064701
32.900014,-103.064569
32.959097,-103.064657
32.964373,-103.064679
32.999899,-103.064625
33.01029,-103.064452
33.038693,-103.06398
33.042055,-103.063905
33.219225,-103.060103
33.256262,-103.05972
33.260371,-103.059242
33.315234,-103.057856
33.329477,-103.057487
33.3884164,-103.0566553
33.388438,-103.056655
33.570599,-103.05261
33.629489,-103.051664
33.64195,-103.051363
33.650487,-103.051535
33.658186,-103.051087
33.672408,-103.050532
33.701971,-103.050148
33.737766,-103.049608
33.74627,-103.049096
33.824675,-103.047346
33.8503,-103.046907
33.901537,-103.045644
33.906299,-103.045698
33.945617,-103.044893
33.974629,-103.04395
34.003633,-103.043617
34.018014,-103.043531
34.032714,-103.043555
34.037294,-103.043746
34.041538,-103.043771
34.04232,-103.043721
34.043545,-103.043767
34.049986,-103.043744
34.063078,-103.043686
34.079382,-103.043516
34.087947,-103.043569
34.256903,-103.043644
34.289441,-103.043719
34.302585,-103.043936
34.31274908,-103.0439789
34.312764,-103.043979
34.379555,-103.043946
34.37966,-103.043944
34.380916,-103.043919
34.383578,-103.043693
34.38469,-103.04363
34.384969,-103.043614
34.388679,-103.043613
34.390442,-103.043613
34.393716,-103.043585
34.397105,-103.043611
34.400678,-103.043583
34.405463,-103.043538
34.455657,-103.043582
34.459662,-103.043588
34.459774,-103.043589
34.46266,-103.043594
34.619782,-103.043072
34.653099,-103.043286
34.671188,-103.042827
34.747361,-103.042769
34.792224,-103.04277
34.850243,-103.042781
34.899546,-103.042521
34.95410108,-103.0425524
35.109913,-103.042642
35.125058,-103.043261
35.135596,-103.04252
35.142766,-103.0426
35.144735,-103.042711
35.159318,-103.042568
35.178573,-103.042395
35.181922,-103.042339
35.182786,-103.042366
35.183149,-103.042377
35.18315599,-103.042377
35.211862,-103.042497
35.241237,-103.042775
35.250056,-103.042366
35.622487,-103.041554
35.73927367,-103.0412722
35.791583,-103.041146
35.796441,-103.041917
35.814072,-103.041716
35.825217,-103.042186
35.837694,-103.041305
36.055231,-103.040824
36.317534,-103.041674
36.318267,-103.041745
36.500439,-103.041924
36.500397,-103.002434
36.500369,-102.250453
36.500704,-102.24499
36.500326,-102.162463
36.500324,-102.12545
36.500684,-102.122066
36.50061009,-102.032339
36.500526,-101.930245
36.499654,-101.826565
36.499535,-101.826498
36.499678,-101.78811
36.499709,-101.783359
36.499718,-101.781987
36.499727,-101.78061
36.499734,-101.779435
36.499722,-101.709314
36.499508,-101.698685
36.499573,-101.653708
36.499573,-101.649966
36.499528,-101.623915
36.499244,-101.085156
36.499563,-101.052418
36.49954,-101.045331
36.499595,-100.977088
36.49959891,-100.9541529
36.499602,-100.936058
36.499621,-100.918513
36.499682,-100.884174
36.499682,-100.88408
36.499687,-100.859657
36.4997,-100.85084
36.499618,-100.824236
36.499618,-100.824218
36.499674,-100.80619
36.499634,-100.806172
36.499621,-100.802909
36.499621,-100.802886
36.499618,-100.761811
36.49958,-100.761811
36.49958,-100.724362
36.499558,-100.724361
36.499553,-100.708626
36.499521,-100.708628
36.499483,-100.657763
36.4995,-100.657763
36.499495,-100.648343
36.499463,-100.648344
36.499469,-100.592614
36.499469,-100.592556
36.499429,-100.592551
36.499483,-100.583539
36.499443,-100.583379
36.499463,-100.578114
36.499439,-100.578114
36.499343,-100.546145
36.499341,-100.531215
36.49929,-100.531215
36.49924,-100.530478
36.499357,-100.530314
36.499291,-100.522227
36.49949,-100.441065
36.499462,-100.441064
36.499456,-100.433959
36.499447,-100.421328
36.499488,-100.421301
36.499444,-100.413634
36.499469,-100.41355
36.499517,-100.378634
36.499445,-100.378592
36.499487,-100.351852
36.499473,-100.351842
36.49942,-100.334464
36.49944,-100.334441
36.499679,-100.32415
36.499631,-100.311245
36.499688,-100.311018
36.499642,-100.310643
36.499633,-100.181221
36.499634,-100.090021
36.49969945,-100.0037619
36.499702,-100.000406
36.055677,-100.000399
35.880948,-100.0003962
35.619115,-100.000392
35.42236399,-100.0003888
35.182702,-100.000385
35.030385,-100.0003836
34.746461,-100.000381
34.746358,-100.000381
34.560509,-100.000381
34.56042389,-99.99750141
34.560079,-99.985833
34.561318,-99.974762
34.562179,-99.971555
34.565844,-99.965608
34.571271,-99.958898
34.572709,-99.957541
34.574169,-99.957553
34.576524,-99.956717
34.578195,-99.954567
34.579273,-99.94572
34.576714,-99.929334
34.574552,-99.923211
34.570253,-99.921801
34.565975,-99.915771
34.555804,-99.898943
34.55553,-99.896007
34.554219,-99.89376
34.549047,-99.887147
34.537095,-99.874403
34.535351,-99.873254
34.532096,-99.872357
34.527615,-99.868953
34.511593,-99.853066
34.50678694,-99.8446582
34.500068,-99.832904
34.497596,-99.825325
34.48784,-99.818186
34.484976,-99.818739
34.476204,-99.814313
34.453894,-99.793684
34.444364,-99.782986
34.444225,-99.775743
34.437488,-99.765599
34.436434,-99.764826
34.435266,-99.764882
34.431854,-99.767648
34.430502,-99.767234
34.421289,-99.754248
34.414763,-99.740907
34.41124,-99.730348
34.406295,-99.720259
34.402815,-99.716416
34.400754,-99.715089
34.397822,-99.714232
34.394524,-99.714838
34.390928,-99.712682
34.387539,-99.707901
34.381036,-99.696462
34.379799,-99.678283
34.377714,-99.671377
34.374185,-99.665992
34.37368,-99.662705
34.37439,-99.659362
34.376519,-99.654194
34.379885,-99.649662
34.376007,-99.630905
34.373577,-99.624197
34.374688,-99.600026
34.377137,-99.596323
34.385867,-99.587596
34.388914,-99.585442
34.391205,-99.584531
34.398122,-99.585306
34.407673,-99.58448
34.416653,-99.58006
34.418281,-99.574367
34.418418,-99.569696
34.417319,-99.562204
34.41464,-99.555986
34.412715,-99.549242
34.411452,-99.529786
34.412206,-99.52365
34.414494,-99.517624
34.414035,-99.51428
34.409608,-99.499875
34.407731,-99.497091
34.404755,-99.494104
34.399694,-99.490426
34.397955,-99.487219
34.396355,-99.477547
34.39639774,-99.47512325
34.396471,-99.470969
34.388252,-99.452648
34.379892,-99.445021
34.374123,-99.44076
34.373414,-99.430995
34.380464,-99.420432
34.372776,-99.408848
34.372605,-99.407168
34.373481,-99.40296
34.375079,-99.399603
34.377871,-99.397253
34.405631,-99.391492
34.415274,-99.393919
34.417291,-99.396488
34.418688,-99.396902
34.424003,-99.39701
34.442099,-99.394956
34.456936,-99.381011
34.458845,-99.375365
34.458699,-99.36961
34.455863,-99.358795
34.451857,-99.354672
34.449658,-99.354837
34.446542,-99.356771
34.444915,-99.357102
34.442144,-99.356713
34.437083,-99.350407
34.431061,-99.341337
34.427536,-99.334037
34.422383,-99.328674
34.414458,-99.324222
34.408869,-99.319606
34.408296,-99.318363
34.408205,-99.316373
34.410014,-99.308274
34.414228,-99.299098
34.415373,-99.294648
34.414731,-99.289922
34.405149,-99.264167
34.403499,-99.261321
34.391243,-99.25898
34.389548,-99.261191
34.388085,-99.264508
34.38756,-99.273958
34.386599,-99.27534
34.384904,-99.274926
34.381604,-99.271281
34.372634,-99.258696
34.372405,-99.254722
34.37508,-99.251408
34.375984,-99.248969
34.372668,-99.242945
34.362717,-99.237233
34.353459,-99.234252
34.344101,-99.233274
34.34238,-99.232606
34.340538,-99.229994
34.339726,-99.226153
34.34002,-99.221975
34.341377,-99.219769
34.34152,-99.217335
34.340369,-99.213135
34.336304,-99.210716
34.324935,-99.209724
34.31397,-99.2116
34.310672,-99.213476
34.292232,-99.211648
34.286345,-99.209742
34.283505,-99.207561
34.281926,-99.203681
34.281152,-99.200222
34.281463,-99.19626
34.280839,-99.195605
34.272424,-99.19457
34.260929,-99.196926
34.244298,-99.197153
34.24006,-99.195553
34.23234,-99.191139
34.22966,-99.190146
34.227186,-99.190036
34.222192,-99.192076
34.218825,-99.192683
34.216694,-99.192104
34.214312,-99.189511
34.20888,-99.159016
34.214763,-99.143985
34.219159,-99.13822
34.219408,-99.130609
34.218766,-99.128514
34.217986,-99.127549
34.215329,-99.126614
34.213771,-99.127525
34.212192,-99.13009
34.209352,-99.131553
34.207382,-99.131885
34.204403,-99.129792
34.203004,-99.126567
34.201747,-99.119204
34.203401,-99.108758
34.209316,-99.092191
34.211518,-99.079535
34.211221,-99.075978
34.208404,-99.066465
34.204761,-99.060344
34.202929,-99.059159
34.201256,-99.0588
34.200569,-99.058084
34.198209,-99.048792
34.198208,-99.043471
34.200842,-99.040962
34.204667,-99.039004
34.206454,-99.037459
34.206912,-99.036273
34.203222,-99.013075
34.206647,-99.00579
34.2087816,-99.00291624
34.21446579,-99.00343299
34.217643,-99.000761
34.221633,-98.990852
34.221223,-98.987294
34.217583,-98.981364
34.210231,-98.978685
34.206291,-98.976587
34.203566,-98.974132
34.201299,-98.969003
34.201323,-98.966302
34.204668,-98.96247
34.206386,-98.962085
34.211312,-98.962307
34.21303,-98.960791
34.213855,-98.958475
34.21265,-98.952513
34.21257877,-98.95235753
34.21168,-98.950396
34.203686,-98.94022
34.192689,-98.928145
34.191155,-98.927456
34.185978,-98.923129
34.183435,-98.920704
34.181831,-98.918333
34.177499,-98.909349
34.166584,-98.872922
34.165027,-98.871543
34.163012,-98.871211
34.160446,-98.872229
34.157031,-98.874955
34.155657,-98.874872
34.153596,-98.873271
34.149635,-98.868116
34.149111,-98.86255
34.149913,-98.860125
34.152732,-98.858419
34.159627,-98.8579
34.161094,-98.857322
34.161621,-98.855585
34.162154,-98.831115
34.158444,-98.812954
34.155901,-98.80681
34.143736,-98.792015
34.136376,-98.76557
34.133785,-98.761797
34.132388,-98.760558
34.128882,-98.759486
34.126912,-98.759653
34.124633,-98.757037
34.124238,-98.749291
34.12553,-98.741966
34.127394,-98.739461
34.130992,-98.737232
34.133374,-98.73682
34.135208,-98.735471
34.135758,-98.734287
34.13645,-98.717537
34.135947,-98.716104
34.133521,-98.696518
34.133155,-98.690072
34.158258,-98.655655
34.163113,-98.650583
34.164441,-98.648073
34.164531,-98.643223
34.161618,-98.63573
34.157195,-98.621666
34.156418,-98.616733
34.156558,-98.611829
34.15709872,-98.61015799
34.157521,-98.608853
34.160249,-98.603978
34.160571,-98.599789
34.148962,-98.577136
34.145091,-98.572451
34.133202,-98.560191
34.128254,-98.558593
34.119334,-98.550917
34.107343,-98.536257
34.099843,-98.530611
34.094961,-98.5282
34.072371,-98.504182
34.062598,-98.486328
34.06227,-98.48204
34.064269,-98.475066
34.073462,-98.449034
34.07543,-98.446379
34.076827,-98.445784
34.079298,-98.445585
34.082152,-98.443724
34.083144,-98.442808
34.084311,-98.440092
34.085622,-98.432127
34.085523,-98.42848
34.084799,-98.42523
34.08354772,-98.4231159
34.083037,-98.422253
34.082488,-98.419995
34.083029,-98.417813
34.085074,-98.414426
34.099973,-98.399777
34.104566,-98.398389
34.121396,-98.39816
34.121778,-98.400494
34.122236,-98.400967
34.128456,-98.398441
34.146317,-98.384381
34.149454,-98.381238
34.156191,-98.367494
34.157109,-98.364023
34.151025,-98.325445
34.14972,-98.32258
34.146421,-98.31875
34.134579,-98.300209
34.13302,-98.293901
34.13075,-98.280321
34.129481,-98.256467
34.130717,-98.247954
34.133103,-98.241013
34.127245,-98.225282
34.125093,-98.2236
34.121821,-98.216463
34.117676,-98.203711
34.116783,-98.200075
34.115753,-98.191455
34.114171,-98.16912
34.120467,-98.157412
34.122734,-98.154354
34.136359,-98.142754
34.1418054,-98.1389788
34.144992,-98.13677
34.150532,-98.130816
34.15454,-98.123377
34.154727,-98.114506
34.154111,-98.109462
34.152531,-98.107065
34.14683,-98.101937
34.130181,-98.090224
34.128211,-98.089755
34.12198,-98.09066
34.116917,-98.092421
34.11119,-98.095118
34.104295,-98.099328
34.0982,-98.104309
34.084474,-98.119417
34.081266,-98.121039
34.072127,-98.120208
34.067065,-98.11803
34.06228,-98.114587
34.0486389,-98.09909611
34.04462514,-98.09617702
34.04097626,-98.0965419
34.03896938,-98.09727167
34.03823961,-98.09800144
34.03732739,-98.10201521
34.03623273,-98.10402209
34.03386096,-98.10548165
34.03130675,-98.10548165
34.029207,-98.103617
34.005481,-98.088203
34.003259,-98.08526
34.002412,-98.082839
33.995841,-98.055197
33.993456,-98.041117
33.993357,-98.027672
33.993804,-98.019485
33.995964,-98.005667
33.999823,-97.987388
34.001949,-97.982806
34.005387,-97.978243
34.006716,-97.974173
34.005434,-97.97167
34.00053,-97.96834
33.994235,-97.963028
33.990846,-97.958325
33.990136,-97.95585
33.990114,-97.952688
33.991053,-97.947572
33.990732,-97.946473
33.989839,-97.94573
33.988396,-97.94595
33.958502,-97.956917
33.951928,-97.960351
33.947392,-97.965737
33.944527,-97.972662
33.942832,-97.974173
33.940289,-97.974062
33.937907,-97.972494
33.937129,-97.971175
33.936191,-97.965953
33.936237,-97.963425
33.938186,-97.955511
33.937774,-97.954467
33.936445,-97.953395
33.929482,-97.952679
33.924373,-97.953695
33.914454,-97.957155
33.910354,-97.960615
33.907398,-97.964461
33.905999,-97.969873
33.908014,-97.973143
33.912549,-97.976963
33.912548,-97.978804
33.911402,-97.979985
33.904002,-97.983552
33.900703,-97.98454
33.899077,-97.984566
33.8972,-97.983769
33.889929,-97.977859
33.88988337,-97.97780789
33.886643,-97.974178
33.88243,-97.967777
33.879179,-97.958438
33.878424,-97.951215
33.878883,-97.946464
33.879845,-97.94273
33.879891,-97.938802
33.879204,-97.936743
33.863531,-97.905467
33.857985,-97.896738
33.850236,-97.877387
33.849001,-97.871447
33.849393,-97.865765
33.857671,-97.834333
33.877167,-97.805423
33.88019,-97.803473
33.885138,-97.801578
33.890632,-97.784657
33.895533,-97.780618
33.899243,-97.779683
33.904833,-97.78034
33.91056,-97.783717
33.914382,-97.772672
33.913532,-97.765446
33.914241,-97.76377
33.917194,-97.760224
33.91882,-97.759399
33.92521,-97.759834
33.930846,-97.762661
33.934396,-97.762768
33.937049,-97.752957
33.937421,-97.738478
33.936575,-97.736554
33.936392,-97.733723
33.936691,-97.732267
33.941045,-97.725289
33.947666,-97.716772
33.954997,-97.709684
33.963336,-97.704159
33.977331,-97.697921
33.983699,-97.69311
33.986607,-97.688023
33.99137,-97.671772
33.990818,-97.661489
33.989488,-97.65621
33.981257,-97.633778
33.968093,-97.609091
33.953554,-97.589598
33.951882,-97.588828
33.9282,-97.591514
33.922954,-97.595084
33.922106,-97.596155
33.920228,-97.596979
33.917868,-97.597115
33.913769,-97.596289
33.903922,-97.589254
33.902479,-97.587441
33.900785,-97.582744
33.8975366,-97.56117554
33.897099,-97.55827
33.897282,-97.555002
33.897947,-97.551541
33.901289,-97.543246
33.906577,-97.532723
33.911751,-97.525277
33.913638,-97.519171
33.919643,-97.50096
33.919258,-97.494858
33.916994,-97.486505
33.91576187,-97.48403724
33.903948,-97.460376
33.901635,-97.458069
33.891398,-97.450954
33.87093,-97.451469
33.855126,-97.457617
33.853316,-97.459566
33.84956,-97.461486
33.841772,-97.462857
33.834581,-97.459068
33.828536,-97.453057
33.823773,-97.444193
33.819398,-97.426493
33.818845,-97.410387
33.819454,-97.372941
33.821471,-97.368744
33.823763,-97.365507
33.830018,-97.358513
33.843876,-97.348338
33.86023618,-97.34090008
33.86762974,-97.33939159
33.87282724,-97.33652401
33.87444026,-97.33293952
33.87444026,-97.32917581
33.87390259,-97.32756281
33.87264802,-97.32648745
33.86601672,-97.32415754
33.86494138,-97.3223653
33.8651206,-97.31824314
33.8658375,-97.31591323
33.866989,-97.314413
33.87820397,-97.3074897
33.88017543,-97.30247142
33.88017543,-97.29924539
33.87641173,-97.29422711
33.86852586,-97.2859828
33.864555,-97.279108
33.863225,-97.275348
33.86256,-97.271532
33.863286,-97.256625
33.863698,-97.255636
33.865323,-97.254235
33.875101,-97.249209
33.900344,-97.24618
33.903092,-97.244946
33.906277,-97.242092
33.914642,-97.226522
33.916064,-97.210921
33.91428,-97.206141
33.9007,-97.185458
33.895204,-97.180845
33.89225,-97.179609
33.847311,-97.166629
33.840395,-97.166824
33.835335,-97.171627
33.831375,-97.18137
33.830894,-97.186254
33.831307,-97.19369
33.830803,-97.195831
33.829795,-97.197477
33.827322,-97.1997
33.821825,-97.203514
33.81887,-97.204995
33.809824,-97.205652
33.801488,-97.205431
33.797343,-97.203236
33.785344,-97.194786
33.781153,-97.190397
33.769702,-97.187792
33.75587,-97.181843
33.737545,-97.172192
33.729322,-97.163149
33.72911753,-97.16281033
33.724442,-97.155066
33.721967,-97.149394
33.718664,-97.13753
33.716941,-97.126102
33.717174,-97.121102
33.718804,-97.113265
33.720294,-97.108936
33.722608,-97.104525
33.727809,-97.097154
33.730992,-97.094085
33.735115,-97.091072
33.743933,-97.086195
33.753147,-97.084693
33.759993,-97.084613
33.765512,-97.085218
33.774099,-97.087852
33.789052,-97.093917
33.794136,-97.095236
33.798532,-97.094771
33.804097,-97.092112
33.808747,-97.087999
33.812756,-97.07859
33.81447568,-97.06797712
33.81607926,-97.06263185
33.8187519,-97.05862289
33.82382992,-97.05541572
33.82570077,-97.05514846
33.83077879,-97.05568298
33.83452049,-97.05782109
33.83772766,-97.05862289
33.84013303,-97.05755383
33.84120209,-97.05541572
33.84173662,-97.05220854
33.84093482,-97.04873411
33.837761,-97.041245
33.838264,-97.038858
33.844213,-97.023899
33.850142,-97.017857
33.886522,-96.985567
33.892083,-96.983971
33.904866,-96.984939
33.918468,-96.988745
33.928979,-96.993997
33.932035,-96.995023
33.941728,-96.996183
33.947302,-96.995368
33.949206,-96.994288
33.952701,-96.990835
33.954671,-96.987892
33.956378,-96.981337
33.956178,-96.979415
33.95513,-96.979347
33.951814,-96.980676
33.94916,-96.981031
33.941588,-96.979818
33.937453,-96.976955
33.935697,-96.973807
33.935795,-96.972542
33.944582,-96.952313
33.949217,-96.944611
33.95435879,-96.93479067
33.955688,-96.932252
33.959159,-96.924268
33.959579,-96.922114
33.958926,-96.918618
33.957798,-96.9163
33.95396,-96.911336
33.950025,-96.907387
33.947219,-96.905253
33.942018,-96.902434
33.933728,-96.899442
33.913318,-96.896469
33.902954,-96.897194
33.896414,-96.895728
33.868019,-96.88301
33.860505,-96.875281
33.853149,-96.866438
33.84749,-96.85609
33.847211,-96.850593
33.848975,-96.845896
33.852894,-96.841592
33.863645,-96.840819
33.868396,-96.839778
33.871349,-96.837413
33.874835,-96.832157
33.872646,-96.812778
33.868886,-96.794276
33.863534,-96.783485
33.860098,-96.780569
33.857939,-96.779588
33.848162,-96.777202
33.841976,-96.776766
33.829621,-96.770676
33.827477,-96.769378
33.825458,-96.766235
33.824406,-96.761588
33.824658,-96.754041
33.825699,-96.746038
33.831633,-96.712422
33.83306,-96.708134
33.835021,-96.704457
33.839049,-96.699574
33.849959,-96.690708
33.854613,-96.688191
33.862905,-96.684727
33.873876,-96.682209
33.876645,-96.682103
33.884217,-96.683464
33.896204,-96.680947
33.909114,-96.675306
33.912278,-96.673449
33.914914,-96.670618
33.91694,-96.667187
33.917267,-96.66441
33.916666,-96.659896
33.905962,-96.64405
33.895422,-96.630117
33.894477,-96.628294
33.894735,-96.607562
33.895616,-96.592948
33.89488106,-96.58851892
33.894784,-96.587934
33.891281,-96.585452
33.888948,-96.58536
33.884251,-96.587494
33.880665,-96.590112
33.875101,-96.597348
33.872823,-96.601686
33.869016,-96.61197
33.856542,-96.625399
33.852407,-96.628969
33.850866,-96.629747
33.847541,-96.630022
33.845488,-96.62929
33.841483,-96.623155
33.834327,-96.601258
33.830916,-96.592926
33.828009,-96.587067
33.819098,-96.572937
33.818511,-96.566298
33.819129,-96.551223
33.823005,-96.532865
33.822127,-96.529234
33.820891,-96.526655
33.818114,-96.523863
33.811347,-96.519911
33.803168,-96.516584
33.798934,-96.515959
33.787795,-96.515912
33.781478,-96.511914
33.77346,-96.502286
33.772583,-96.500268
33.77301,-96.48606
33.775232,-96.459154
33.776035,-96.456254
33.780588,-96.45051
33.781031,-96.448045
33.78005,-96.436455
33.778654,-96.430214
33.776041,-96.422643
33.773034,-96.419961
33.769038,-96.417562
33.766099,-96.416146
33.757714,-96.413408
33.751192,-96.408469
33.746289,-96.403507
33.730141,-96.384116
33.72581631,-96.37940399
33.716809,-96.36959
33.711222,-96.366945
33.70105,-96.363253
33.694215,-96.363135
33.691818,-96.362198
33.687155,-96.355946
33.686379,-96.348306
33.686975,-96.342665
33.6951,-96.321103
33.696753,-96.31876
33.698997,-96.316925
33.710489,-96.309964
33.719987,-96.307035
33.726786,-96.306596
33.735005,-96.307389
33.741002,-96.3061
33.750878,-96.303009
33.753756,-96.301706
33.764771,-96.294867
33.766419,-96.292482
33.769735,-96.277269
33.768405,-96.269896
33.758986,-96.248232
33.748021,-96.229023
33.74739,-96.220521
33.752117,-96.1999
33.756375,-96.186554
33.760518,-96.178059
33.763699,-96.174633
33.770131,-96.169452
33.788769,-96.162757
33.79614026,-96.16212257
33.79790829,-96.16683733
33.79938166,-96.17037341
33.80056035,-96.17302546
33.801951,-96.17515
33.805117,-96.17734
33.810553,-96.178964
33.813934,-96.17691
33.814627,-96.17589
33.81700114,-96.16421743
33.816987,-96.150765
33.819197,-96.148792
33.831946,-96.15163
33.835856,-96.150147
33.837799,-96.14807
33.839159,-96.138905
33.839964,-96.122951
33.837884,-96.118169
33.832396,-96.109993
33.83073,-96.104075
33.83047,-96.09936
33.832725,-96.097448
33.837935,-96.097638
33.842409,-96.099153
33.84423,-96.100785
33.845721,-96.101349
33.846709,-96.101473
33.847971,-96.100095
33.846656,-96.084626
33.841523,-96.063924
33.838262,-96.055358
33.836468,-96.048834
33.841245,-96.037191
33.85075819,-96.03127108
33.85240216,-96.02946272
33.85207337,-96.02518842
33.85092259,-96.02222928
33.84911423,-96.02190049
33.84613,-96.022507
33.84319597,-96.02206489
33.8418808,-96.0214073
33.84056563,-96.01959895
33.845505,-96.005296
33.851049,-95.998351
33.852182,-95.997709
33.85552569,-95.99740546
33.86095076,-95.99773425
33.86440308,-95.99674788
33.86621144,-95.99362435
33.86686902,-95.9914872
33.86686902,-95.98885686
33.86440308,-95.98425377
33.8593068,-95.98096584
33.856371,-95.972156
33.857017,-95.951609
33.859811,-95.944284
33.861619,-95.941267
33.870615,-95.936631
33.875099,-95.935325
33.878724,-95.935308
33.880371,-95.935637
33.882386,-95.936817
33.884652,-95.937202
33.886826,-95.936132
33.887101,-95.935198
33.883758,-95.922712
33.881148,-95.915961
33.875629,-95.905343
33.868161,-95.893306
33.863856,-95.887491
33.860627,-95.881292
33.852456,-95.859469
33.844952,-95.849864
33.84077676,-95.84562756
33.838949,-95.843773
33.836486,-95.840012
33.83564,-95.837516
33.835161,-95.831948
33.836054,-95.828245
33.838756,-95.822787
33.840564,-95.820784
33.842785,-95.819358
33.844456,-95.818976
33.848439,-95.819525
33.850751,-95.820677
33.855443,-95.821666
33.856633,-95.821666
33.858465,-95.820596
33.861304,-95.805149
33.861212,-95.800842
33.857686,-95.789867
33.856336,-95.787891
33.845145,-95.776255
33.843834,-95.773282
33.843817,-95.772067
33.847954,-95.763622
33.85008,-95.758016
33.853992,-95.75431
33.856464,-95.753513
33.867957,-95.757458
33.870911,-95.760805
33.8729498,-95.76183974
33.874367,-95.762559
33.883402,-95.761916
33.890611,-95.758344
33.892625,-95.756367
33.895756,-95.747335
33.895967,-95.737508
33.893704,-95.728449
33.885124,-95.71354
33.884552,-95.710878
33.885218,-95.696962
33.890232,-95.684831
33.897237,-95.676925
33.905844,-95.669978
33.908132,-95.665338
33.909092,-95.659818
33.905976,-95.647273
33.906613,-95.636978
33.927195,-95.603657
33.934247,-95.599678
33.93448,-95.585945
33.932193,-95.563424
33.931552,-95.561007
33.930179,-95.559414
33.92702,-95.556915
33.914566,-95.551148
33.90795,-95.549145
33.901311,-95.549475
33.89442,-95.552331
33.888422,-95.552085
33.882744,-95.548325
33.880294,-95.545197
33.879904,-95.53979
33.881162,-95.533283
33.885487,-95.525322
33.88932866,-95.52013797
33.89114224,-95.51530176
33.8901347,-95.51006254
33.88630604,-95.50623387
33.878589,-95.506495
33.87639,-95.506085
33.874742,-95.502304
33.874822,-95.492028
33.879301,-95.478575
33.88610453,-95.46996233
33.88670905,-95.46492461
33.88590302,-95.46290953
33.88368643,-95.46149897
33.873372,-95.464211
33.872313,-95.463346
33.86885,-95.44737
33.866308,-95.407795
33.868243,-95.375233
33.867789,-95.352338
33.868873,-95.339122
33.876831,-95.334854
33.885788,-95.334523
33.886286,-95.333452
33.885704,-95.325572
33.88030404,-95.30945814
33.87538834,-95.29478935
33.87494634,-95.28786479
33.87774564,-95.28344485
33.88290223,-95.28167688
33.88761682,-95.28152954
33.89675136,-95.2803509
33.89910865,-95.27976157
33.90087663,-95.27784627
33.90176062,-95.27534164
33.90205528,-95.27254234
33.89925599,-95.2638498
33.89999264,-95.26105051
33.90293927,-95.25574659
33.9054439,-95.25309463
33.91310512,-95.25088466
33.91708306,-95.25073733
33.92415496,-95.25132665
33.927237,-95.25302
33.92971,-95.253623
33.933648,-95.252906
33.960764,-95.230491
33.961954,-95.226393
33.961567,-95.219358
33.950353,-95.184075
33.941606,-95.168746
33.939728,-95.166686
33.937598,-95.161109
33.93703233,-95.15588842
33.936336,-95.149462
33.936925,-95.131056
33.934675,-95.1247
33.931307,-95.121184
33.92171714,-95.12249962
33.918632,-95.12236549
33.91581514,-95.11995103
33.91299828,-95.1109639
33.91366896,-95.10331812
33.91219346,-95.10076953
33.90991314,-95.09848922
33.90481596,-95.09500167
33.89931637,-95.09526995
33.89596296,-95.09392859
33.89328023,-95.09044104
33.89328023,-95.08400249
33.89837742,-95.07890531
33.90159669,-95.07125954
33.89958464,-95.06549168
33.89529228,-95.06106518
33.886813,-95.058834
33.86409,-95.049025
33.862565,-95.046568
33.86025,-95.037207
33.859813,-95.022325
33.861392,-95.016422
33.866089,-95.008376
33.862505,-95.000223
33.857438,-94.995524
33.852455,-94.992671
33.851,-94.988487
33.851354,-94.983303
33.852284,-94.98165
33.859847,-94.976208
33.861731,-94.973411
33.862123,-94.971435
33.860916,-94.968895
33.848422,-94.965888
33.837021,-94.964401
33.835004,-94.957676
33.82570784,-94.94953342
33.81802348,-94.94871594
33.8121376,-94.94430152
33.81050263,-94.93956012
33.81033913,-94.93579969
33.81099312,-94.93236626
33.81262809,-94.92844233
33.81279159,-94.92451841
33.81181061,-94.92190246
33.81017564,-94.91945001
33.80870417,-94.91781504
33.80461675,-94.91683406
33.80151031,-94.91699756
33.79415295,-94.9196135
33.78957504,-94.920104
33.7863051,-94.9196135
33.778383,-94.911427
33.778192,-94.906245
33.776289,-94.902276
33.76724,-94.888368
33.76459357,-94.88622569
33.7655491,-94.88144798
33.76491209,-94.87921839
33.76077141,-94.87603325
33.75548293,-94.8754974
33.75222,-94.87708
33.749164,-94.874668
33.745871,-94.8693
33.739585,-94.849296
33.73943099,-94.84163378
33.74006802,-94.83080432
33.74134207,-94.8279377
33.74389018,-94.82602662
33.74930491,-94.82475257
33.75089748,-94.82188594
33.75217153,-94.81742675
33.75185303,-94.81201202
33.74930491,-94.80914539
33.74452721,-94.79863445
33.74611978,-94.78971605
33.75503815,-94.77506443
33.75440113,-94.77092376
33.7534456,-94.76805713
33.75089748,-94.76646457
33.74803086,-94.76614607
33.74261613,-94.76805713
33.73751991,-94.76773864
33.73178666,-94.76296092
33.72955707,-94.75913875
33.72955707,-94.753087
33.72700896,-94.74257606
33.72254977,-94.73939092
33.7161795,-94.73747983
33.71012774,-94.7390724
33.7060081,-94.7376184
33.704713,-94.73716131
33.70025382,-94.73238361
33.69961679,-94.72824293
33.70248341,-94.72569483
33.70566855,-94.72410227
33.70726112,-94.72187266
33.70821666,-94.71900604
33.70726112,-94.71486536
33.70566855,-94.71104321
33.69961679,-94.70945064
33.69611314,-94.71072469
33.69165395,-94.71072469
33.6881503,-94.71008765
33.68687625,-94.70785807
33.684353,-94.684792
33.692138,-94.659167
33.6909791,-94.65226504
33.68804948,-94.64962837
33.68453393,-94.64845652
33.68043245,-94.6478706
33.67340136,-94.64845652
33.66929988,-94.64611282
33.668421,-94.64289024
33.66988581,-94.63527321
33.67340136,-94.63058581
33.67779579,-94.62765619
33.68101839,-94.62121102
33.67955357,-94.61681658
33.67486616,-94.61154325
33.6722295,-94.60744178
33.67135063,-94.60304735
33.67135063,-94.59689513
33.67398729,-94.59367255
33.67750284,-94.59044996
33.67896765,-94.58664145
33.677623,-94.57962
33.67340136,-94.57697369
33.66988581,-94.57287221
33.66637026,-94.56994259
33.66344062,-94.56935666
33.65963212,-94.57199332
33.65699545,-94.57228628
33.65494472,-94.57082147
33.65465176,-94.56877073
33.65582361,-94.56466925
33.6567025,-94.55705223
33.6534799,-94.55207188
33.65025732,-94.55119299
33.64457,-94.551312
33.64205437,-94.55353668
33.63824586,-94.5526578
33.63590216,-94.54914225
33.63590216,-94.54386892
33.6379529,-94.53888856
33.63765994,-94.53332228
33.63443735,-94.5292208
33.62974995,-94.52834191
33.62740625,-94.52980673
33.62183996,-94.52892783
33.6192033,-94.52629117
33.61656664,-94.52072489
33.620682,-94.504615
33.625115,-94.491503
33.628939,-94.487514
33.637867,-94.485875
33.638819,-94.481313
33.638947,-94.476415
33.636262,-94.466075
33.637655,-94.464186
33.643616,-94.461453
33.645146,-94.459198
33.644903,-94.45482
33.642766,-94.448637
33.640178,-94.446871
33.636255,-94.447514
33.634497,-94.448451
33.632444,-94.458817
33.63091,-94.462736
33.625415,-94.461129
33.624421,-94.460286
33.622917,-94.455255
33.622621,-94.452711
33.618817,-94.452325
33.616986,-94.452961
33.615156,-94.454769
33.610567,-94.462336
33.607316,-94.469451
33.604199,-94.472166
33.602665,-94.471974
33.601588,-94.471152
33.599436,-94.468086
33.59827,-94.458232
33.592223,-94.453996
33.591361,-94.451622
33.590894,-94.449112
33.591243,-94.442364
33.591502,-94.441537
33.594154,-94.439518
33.591124,-94.430039
33.589319,-94.427578
33.586425,-94.425982
33.569368,-94.413155
33.568691,-94.412175
33.568197,-94.408901
33.568424,-94.403342
33.571608,-94.397342
33.581888,-94.385927
33.583268,-94.382887
33.580607,-94.379649
33.577019,-94.378076
33.574609,-94.37776
33.571329,-94.378561
33.568943,-94.380091
33.567057,-94.382534
33.565511,-94.388052
33.565287,-94.392357
33.56405904,-94.39465562
33.5623136,-94.39739845
33.55990323,-94.39922701
33.55707728,-94.39939324
33.55549807,-94.3991439
33.55439,-94.397957
33.551142,-94.392573
33.546778,-94.389515
33.544923,-94.386086
33.544035,-94.381667
33.544471,-94.373393
33.545001,-94.371598
33.544957,-94.363297
33.544613,-94.361351
33.54323,-94.35897
33.54318,-94.355945
33.548359,-94.348945
33.551078,-94.347383
33.552197,-94.34729
33.560611,-94.352653
33.562172,-94.352433
33.567313,-94.345513
33.567824,-94.344023
33.567878,-94.340577
33.567082,-94.338422
33.563592,-94.33494
33.562536,-94.33438
33.557461,-94.333895
33.555366,-94.333203
33.553348,-94.331833
33.552692,-94.33059
33.549835,-94.32366
33.548864,-94.319492
33.551673,-94.309582
33.555616,-94.30641
33.557676,-94.306215
33.559797,-94.307181
33.56828,-94.303577
33.573022,-94.301023
33.576218,-94.298392
33.580419,-94.293258
33.582144,-94.289129
33.58241,-94.287025
33.581891,-94.283582
33.580978,-94.282648
33.577187,-94.280849
33.574908,-94.280605
33.572989,-94.282172
33.567905,-94.290372
33.563481,-94.291687
33.558872,-94.290901
33.557635,-94.28944
33.557178,-94.287572
33.557026,-94.27909
33.557964,-94.275601
33.558652,-94.274473
33.561518,-94.271998
33.563221,-94.270979
33.564783,-94.270853
33.573589,-94.265669
33.577354,-94.262755
33.582508,-94.257801
33.586144,-94.252656
33.589114,-94.245932
33.589709,-94.242777
33.589536,-94.240179
33.587411,-94.236972
33.585992,-94.236363
33.580914,-94.236836
33.577757,-94.237975
33.576722,-94.238868
33.573549,-94.244366
33.56528,-94.251108
33.561855,-94.252331
33.560445,-94.252283
33.558188,-94.251569
33.556765,-94.250197
33.552675,-94.237904
33.552088,-94.231844
33.552912,-94.226392
33.554088,-94.222921
33.556096,-94.219221
33.563134,-94.213604
33.566911,-94.208078
33.567229,-94.205634
33.566546,-94.203594
33.557826,-94.201237
33.556085,-94.199486
33.555238,-94.197817
33.555123,-94.196395
33.556154,-94.193248
33.557666,-94.191333
33.562454,-94.189884
33.570425,-94.192483
33.573678,-94.194399
33.5747795,-94.19636699
33.5758514,-94.20110591
33.57500516,-94.20426519
33.574353,-94.207405
33.57351,-94.209665
33.573774,-94.211329
33.576392,-94.216141
33.57926,-94.217408
33.580737,-94.217198
33.583187,-94.214431
33.583487,-94.212997
33.583143,-94.210967
33.58138014,-94.20578842
33.58081598,-94.20358821
33.58109806,-94.19975193
33.58171864,-94.19653624
33.582886,-94.194465
33.587474,-94.190891
33.594682,-94.183913
33.592612,-94.18088
33.591077,-94.176327
33.588906,-94.162266
33.587972,-94.161082
33.580877,-94.16201
33.579271,-94.161277
33.575749,-94.156782
33.575923,-94.152626
33.580197,-94.148732
33.581975,-94.146048
33.582098,-94.144383
33.58139,-94.14216
33.57959,-94.141852
33.577725,-94.143024
33.5756,-94.145669
33.573602,-94.149506
33.571793,-94.151257
33.569476,-94.151755
33.568387,-94.151456
33.565678,-94.14852
33.564987,-94.145239
33.565505,-94.143402
33.571,-94.136864
33.571388,-94.136046
33.571033,-94.135142
33.569209,-94.134308
33.557953,-94.133048
33.552934,-94.131382
33.550952,-94.128658
33.550647,-94.126898
33.5521,-94.123898
33.553112,-94.122879
33.560555,-94.120719
33.5655,-94.120355
33.56699893,-94.11990215
33.566991,-94.112843
33.57035,-94.103176
33.572568,-94.100107
33.573719,-94.09744
33.575322,-94.088943
33.575492,-94.082641
33.572234,-94.07267
33.57260532,-94.07223149
33.57352332,-94.07203193
33.57416193,-94.07203193
33.57460097,-94.07171262
33.57484045,-94.0713534
33.57456106,-94.07039549
33.57416193,-94.06951741
33.57356323,-94.06855949
33.57196671,-94.0682801
33.57013071,-94.06780115
33.568909,-94.066846
33.568805,-94.061283
33.567825,-94.056598
33.567252,-94.056096
33.561887,-94.055663
33.560998,-94.056442
33.559249,-94.05985
33.559159,-94.06118
33.560954,-94.066685
33.560961,-94.067985
33.559682,-94.07172
33.558285,-94.073744
33.555834,-94.073826
33.553864,-94.072156
33.553406,-94.069092
33.550909,-94.06548
33.549764,-94.061896
33.550726,-94.056096
33.552585,-94.051882
33.551083,-94.050212
33.551321,-94.04604
33.552253,-94.04345
33.551425,-94.043428
33.542315,-94.043375
33.493039,-94.043009
33.49103,-94.043279
33.470324,-94.043188
33.435824,-94.042988
33.431024,-94.042988
33.420225,-94.042887
33.377716,-94.043053
33.37117,-94.042869
33.358757,-94.043128
33.352097,-94.043067
33.347351,-94.043067
33.330498,-94.043067
33.27124317,-94.04299002
33.271227,-94.04299
33.260904,-94.04305
33.250128,-94.043004
33.241823,-94.04273
33.215219,-94.042876
33.202666,-94.042892
33.199785,-94.042875
33.160291,-94.042719
33.143476,-94.043185
33.138162,-94.043077
33.13389,-94.043007
33.092727,-94.04287
33.079485,-94.043036
33.019219,-94.042964
32.955592,-94.043088
32.937903,-94.043067
32.910021,-94.043092
32.898911,-94.042885
32.892771,-94.042859
32.88108856,-94.04288572
32.880965,-94.042886
32.880446,-94.043025
32.871486,-94.042785
32.797476,-94.043026
32.786973,-94.042747
32.785277,-94.042829
32.780558,-94.042938
32.776863,-94.043027
32.767991,-94.042947
32.693031,-94.043147
32.69303,-94.04314699
32.655127,-94.042913
32.643466,-94.04278
32.640305,-94.042824
32.622015,-94.042926
32.61826,-94.042929
32.610142,-94.042919
32.564261,-94.043083
32.559502,-94.043142
32.513613,-94.043081
32.505145,-94.042885
32.492852,-94.042911
32.486561,-94.043089
32.4843,-94.043072
32.480261,-94.042955
32.478004,-94.042995
32.472906,-94.042902
32.471348,-94.042875
32.470386,-94.042903
32.439891,-94.042908
32.435507,-94.042986
32.400659,-94.042899
32.399918,-94.042923
32.392283,-94.042901
32.373332,-94.042763
32.363559,-94.042739
32.269696,-94.042733
32.26962,-94.042732
32.218146,-94.042662
32.19600496,-94.04262053
32.166894,-94.042566
32.166826,-94.042539
32.158097,-94.042591
32.137956,-94.042681
32.125163,-94.042752
32.119914,-94.042337
32.056012,-94.0427
31.999265,-94.04272
31.992402,-94.041833
31.992437,-94.038412
31.995865,-94.029283
31.990843,-94.018664
31.98166835,-94.01279626
31.926419,-93.977461
31.920384,-93.971712
31.910563,-93.953546
31.90856376,-93.94354131
31.90691695,-93.93800204
31.90377304,-93.93500783
31.89553898,-93.93246276
31.89149681,-93.92767204
31.88985,-93.92392928
31.89074826,-93.91958769
31.892861,-93.915949
31.89314362,-93.90955711
31.89059855,-93.90476639
31.88595754,-93.90117335
31.880063,-93.901888
31.87338189,-93.89698146
31.8676929,-93.88919654
31.85691377,-93.88814857
31.847606,-93.884117
31.84397677,-93.87929446
31.840611,-93.874822
31.821661,-93.874761
31.816837,-93.870917
31.805467,-93.85339
31.802021,-93.846188
31.79859713,-93.83995073
31.79415866,-93.83686845
31.78873386,-93.83686845
31.78330906,-93.83464921
31.78022679,-93.83119707
31.777741,-93.827451
31.775098,-93.823443
31.773559,-93.822598
31.75937,-93.827343
31.75455517,-93.83011207
31.74581104,-93.83064742
31.734397,-93.824579
31.72885814,-93.81904808
31.71904331,-93.8156575
31.71190525,-93.81583594
31.70744396,-93.81458678
31.70548099,-93.81030394
31.70423183,-93.80727027
31.70068629,-93.80341935
31.69778308,-93.80269355
31.69318633,-93.80245162
31.685664,-93.804479
31.672146,-93.817425
31.673967,-93.822051
31.666919,-93.826462
31.661022,-93.825661
31.647892,-93.818037
31.622509,-93.816838
31.614556,-93.818717
31.614228,-93.823977
31.616551,-93.827852
31.606795,-93.838057
31.599075,-93.839383
31.586211,-93.834924
31.58620998,-93.83492332
31.56813,-93.822958
31.558221,-93.820764
31.554826,-93.818582
31.534044,-93.798087
31.527344,-93.787687
31.525384,-93.780835
31.523933,-93.760062
31.525331,-93.75386
31.52560186,-93.75189917
31.52621064,-93.7498699
31.52600771,-93.746826
31.525196,-93.74337626
31.52255796,-93.74154992
31.520101,-93.741111
31.51707894,-93.74033236
31.51504968,-93.73931773
31.51322334,-93.73343286
31.51159993,-93.72673629
31.50409165,-93.72592458
31.4967863,-93.72876555
31.49211899,-93.73099774
31.484622,-93.737168
31.483535,-93.741885
31.48197267,-93.74560845
31.48095804,-93.74784064
31.47892877,-93.7498699
31.4752761,-93.7498699
31.46869,-93.749476
31.442995,-93.709416
31.43778363,-93.70092975
31.42840867,-93.69760315
31.4189,-93.704678
31.410881,-93.704879
31.409334,-93.701611
31.409392,-93.695866
31.397681,-93.674117
31.393352,-93.671644
31.387184,-93.670182
31.37935712,-93.66853276
31.37510269,-93.66814599
31.37181518,-93.66969306
31.36640045,-93.66891952
31.36388648,-93.66505187
31.36195264,-93.66389156
31.36001881,-93.66369818
31.35769821,-93.66466509
31.35518423,-93.66582539
31.353012,-93.668439
31.330483,-93.677277
31.309835,-93.687851
31.305166,-93.68688
31.301771,-93.684039
31.30104,-93.67544
31.297975,-93.668928
31.281736,-93.657004
31.269508,-93.642516
31.271025,-93.620343
31.259375,-93.613942
31.251631,-93.614288
31.244595,-93.616308
31.23395993,-93.61600748
31.22966089,-93.60982761
31.22724268,-93.6074094
31.22415275,-93.60525989
31.22079413,-93.60431947
31.21528598,-93.60431947
31.205403,-93.607288
31.182541,-93.602443
31.176158,-93.600308
31.174679,-93.598828
31.165581,-93.588503
31.167422,-93.579215
31.177574,-93.569563
31.182482,-93.560943
31.185575,-93.552649
31.18560509,-93.55253995
31.186601,-93.548931
31.185614,-93.535097
31.184463,-93.533307
31.180817,-93.531744
31.15862,-93.53683
31.156579,-93.540253
31.15301485,-93.54400958
31.14884404,-93.54488764
31.14313661,-93.54488764
31.135889,-93.544702
31.12886807,-93.5402778
31.12184355,-93.53961925
31.11350194,-93.54137538
31.10516032,-93.549717
31.09725774,-93.55169264
31.09111129,-93.55103409
31.08298919,-93.54664377
31.078003,-93.540129
31.07469872,-93.53104031
31.07077278,-93.52604366
31.06524078,-93.52300998
31.06060104,-93.52532986
31.05756735,-93.52925579
31.055264,-93.532069
31.05167845,-93.53121876
31.037842,-93.523248
31.03258411,-93.51694262
31.02955043,-93.51640726
31.02366153,-93.51694262
31.008498,-93.539526
31.003919,-93.555581
31.00599481,-93.56262626
31.00456719,-93.56601685
31.00153352,-93.56797982
30.99671532,-93.56976433
30.98761428,-93.57190576
30.977981,-93.567972
30.971286,-93.560533
30.967118,-93.549841
30.950696,-93.532549
30.939411,-93.526245
30.930035,-93.526147
30.924534,-93.530936
30.920064,-93.542489
30.92083711,-93.54502991
30.92151142,-93.54688426
30.92100569,-93.54924433
30.91864561,-93.55194155
30.91122825,-93.55565024
30.90145081,-93.55649313
30.89504489,-93.56424764
30.88830183,-93.56778775
30.87852439,-93.5674506
30.87430998,-93.56542768
30.869424,-93.558617
30.86882182,-93.5586079
30.839974,-93.558172
30.83514,-93.553626
30.824941,-93.554057
30.807739,-93.561666
30.806218,-93.563243
30.802969,-93.569303
30.802047,-93.578395
30.796663,-93.584265
30.786681,-93.589381
30.77776,-93.589896
30.763986,-93.592828
30.757657,-93.607757
30.742002,-93.619129
30.738479,-93.617688
30.729182,-93.609719
30.723139,-93.609544
30.718053,-93.611192
30.71398,-93.616184
30.704122,-93.620774
30.695159,-93.621093
30.67994,-93.629904
30.673058,-93.638213
30.670184,-93.654971
30.658034,-93.670354
30.640763,-93.6831
30.625201,-93.685121
30.608041,-93.683397
30.60299311,-93.68081261
30.59975834,-93.67982812
30.59610164,-93.68123454
30.59258558,-93.68432867
30.59160108,-93.68728216
30.592759,-93.689534
30.594382,-93.692869
30.588479,-93.712454
30.57407,-93.727844
30.566487,-93.727746
30.556978,-93.725847
30.544842,-93.729195
30.539569,-93.740253
30.52996,-93.732793
30.525671,-93.727721
30.518562,-93.714322
30.5064,-93.710117
30.494006,-93.716678
30.457748,-93.705845
30.443838,-93.697828
30.440583,-93.6978
30.429947,-93.702665
30.420729,-93.722314
30.40226254,-93.74024454
30.397022,-93.745333
30.396288,-93.751437
30.390423,-93.757654
30.387077,-93.758554
30.37070915,-93.75589427
30.356166,-93.756352
30.333318,-93.765822
30.330223,-93.764265
30.329924,-93.760328
30.303794,-93.738699
30.295134,-93.72422
30.29500998,-93.71868447
30.29428247,-93.71431943
30.29137244,-93.7111184
30.28831691,-93.70864487
30.28118733,-93.70660785
30.27551278,-93.70718986
30.271827,-93.709132
30.249937,-93.707271
30.24418477,-93.70551931
30.242752,-93.705083
30.225261,-93.713359
30.218542,-93.71922
30.209852,-93.720946
30.193439,-93.717397
30.180671,-93.710468
30.173936,-93.703764
30.152944,-93.697748
30.141376,-93.688212
30.135217,-93.692868
30.135185,-93.69498
30.138608,-93.698276
30.137376,-93.701252
30.112721,-93.702436
30.09413,-93.723765
30.088914,-93.732485
30.08613,-93.734085
30.081282,-93.731605
30.069122,-93.716405
30.065474,-93.70218
30.063666,-93.70058
30.05925,-93.699396
30.056274,-93.70082
30.054291,-93.70394
30.053043,-93.720805
30.05116175,-93.72279141
30.037283,-93.737446
30.032627,-93.739158
30.023987,-93.739734
30.021571,-93.741078
29.99058,-93.786935
29.987812,-93.789431
29.954549,-93.807815
29.935126,-93.813735
29.920726,-93.81655
29.914822,-93.818998
29.894359,-93.830374
29.882855,-93.838374
29.864991,-93.85434264
29.864099,-93.85514
29.857177,-93.86357
29.85165,-93.872446
29.843159,-93.890679
29.836967,-93.900728
29.824968,-93.91636
29.818808,-93.922744
29.80964,-93.927992
29.802952,-93.929208
29.79708,-93.928808
29.78956,-93.926504
29.785048,-93.922407
29.771577,-93.89847
29.767289,-93.893862
29.761673,-93.890821
29.753033,-93.893829
29.744618,-93.891637
29.742234,-93.888821
29.73777,-93.873941
29.735482,-93.87002
29.724059,-93.863204
29.690619,-93.837971
29.675885,-93.852868
29.673085,-93.866981
29.674013,-93.88999
29.679612,-93.931
29.681486,-94.001406
29.671163,-94.056506
29.646217,-94.132577
29.56145907,-94.35416318
29.5550703,-94.3708656
29.505367,-94.500807
29.467903,-94.594853
29.451464,-94.631084
29.43078,-94.670389
29.415632,-94.694158
29.403049,-94.708473
29.383268,-94.723959
29.369141,-94.731047
29.369158,-94.744834
29.361883,-94.761491
29.361483,-94.778691
29.364266,-94.782356
29.375642,-94.783131
29.393489,-94.766848
29.401,-94.7541
29.426536,-94.723818
29.436805,-94.706365
29.466509,-94.686386
29.471389,-94.681541
29.476843,-94.6724
29.478401,-94.665853
29.478033,-94.656737
29.473769,-94.645948
29.475986,-94.628217
29.483345,-94.608557
29.492127,-94.594211
29.507669,-94.59544
29.513858,-94.591407
29.525295,-94.580274
29.531988,-94.566674
29.529559,-94.55399
29.524379,-94.546994
29.5178,-94.532348
29.51965,-94.511045
29.525031,-94.495025
29.54325,-94.503429
29.54259,-94.509487
29.54297103,-94.51108604
29.54567195,-94.52242084
29.545987,-94.523743
29.552634,-94.526336
29.55837853,-94.53202086
29.5675613,-94.54110824
29.569,-94.542532
29.572048,-94.546385
29.573882,-94.553988
29.572232,-94.570006
29.57187797,-94.57059271
29.57171269,-94.57086662
29.567281,-94.578211
29.561319,-94.593518
29.5569469,-94.61014749
29.55487495,-94.61802826
29.55387831,-94.62181901
29.553843,-94.62195333
29.552808,-94.62589
29.53982504,-94.68270614
29.53830628,-94.68935251
29.537787,-94.691625
29.533547,-94.718276
29.525858,-94.740699
29.52477583,-94.75551446
29.524617,-94.757689
29.52462641,-94.75778823
29.52463544,-94.75788341
29.52552341,-94.76724635
29.525659,-94.768676
29.52598801,-94.76941843
29.52605659,-94.76957317
29.52661789,-94.77083977
29.52827138,-94.77457092
29.52837201,-94.774798
29.53053286,-94.77967401
29.53054772,-94.77970756
29.53060243,-94.77983101
29.531093,-94.780938
29.53531395,-94.78329552
29.53663526,-94.78403351
29.54107297,-94.78651209
29.54131874,-94.78664936
29.54649424,-94.78954002
29.548401,-94.790605
29.549472,-94.779439
29.548439,-94.771053
29.562782,-94.755237
29.584046,-94.734626
29.625226,-94.708741
29.694453,-94.693154
29.70361,-94.692434
29.723052,-94.695317
29.774766,-94.724616
29.785433,-94.735271
29.787081,-94.740919
29.773889,-94.771512
29.767433,-94.792238
29.75671,-94.816085
29.721373,-94.851108
29.695337,-94.865007
29.678768,-94.867438
29.67125,-94.872551
29.661336,-94.893107
29.656614,-94.915413
29.658178,-94.921318
29.67387382,-94.93115391
29.678682,-94.934167
29.692704,-94.936089
29.697778,-94.942681
29.70033,-94.965963
29.68487,-94.972666
29.67220223,-94.9889239
29.659366,-95.005398
29.65898491,-95.00564843
29.65787076,-95.0063806
29.65597997,-95.00762314
29.65080344,-95.0110249
29.649802,-95.011683
29.64708813,-95.01272002
29.6443216,-95.01377715
29.639457,-95.015636
29.63928477,-95.01560014
29.62978982,-95.01362306
29.629194,-95.013499
29.6277677,-95.0116598
29.61933114,-95.00078093
29.61908189,-95.00045952
29.61832273,-94.99948058
29.61801376,-94.99908217
29.610095,-94.988871
29.60436055,-94.98483113
29.6016701,-94.98293573
29.601344,-94.982706
29.60110296,-94.98285473
29.60099217,-94.98292309
29.591155,-94.988993
29.574257,-95.00767
29.55933595,-95.01614482
29.55897001,-95.01635266
29.558487,-95.016627
29.55838821,-95.0166716
29.554885,-95.018253
29.55461751,-95.01819755
29.55458389,-95.01819058
29.54830303,-95.01688853
29.539989,-95.015165
29.53782218,-95.01337797
29.521093,-94.999581
29.511141,-94.981916
29.505013,-94.958443
29.50107946,-94.93487642
29.50084688,-94.93348297
29.50077279,-94.9330391
29.4969103,-94.90989814
29.496838,-94.909465
29.487254,-94.913385
29.469047,-94.925914
29.450504,-94.930861
29.448031,-94.919401
29.433432,-94.8908
29.415132,-94.8873
29.36638605,-94.88653621
29.33799993,-94.89423415
29.30817043,-94.89399358
29.2918657,-94.91090206
29.2815563,-94.9215932
29.29012236,-94.9525262
29.22968405,-95.02248235
29.20319878,-95.05861902
29.17352877,-95.09910099
29.15116184,-95.15192503
29.11356635,-95.16525001
29.08453693,-95.13622059
29.09809538,-95.12188291
29.12593955,-95.0924385
29.18447429,-95.00392255
29.20113052,-94.99154936
29.28583933,-94.8792388
29.29397736,-94.86512633
29.29734521,-94.84973046
29.30600539,-94.82495273
29.32188238,-94.82254713
29.3442545,-94.82230657
29.353435,-94.810696
29.335535,-94.784895
29.334935,-94.779995
29.336811,-94.777064
29.334235,-94.745529
29.33641,-94.744945
29.338066,-94.73132
29.331446,-94.72253
29.331833,-94.731082
29.304936,-94.769695
29.290737,-94.786095
29.279237,-94.803695
29.148064,-95.026219
29.111222,-95.081773
29.088224,-95.110484
29.07784377,-95.11927114
29.074,-95.122525
29.067321,-95.125134
29.02309,-95.191391
28.988644,-95.238924
28.961546,-95.272266
28.934073,-95.297147
28.928262,-95.309704
28.898145,-95.353451
28.87616,-95.376979
28.866348,-95.38239
28.859482,-95.416174
28.859022,-95.439594
28.836287,-95.486769
28.8247545,-95.50704087
28.789998,-95.568136
28.664942,-95.812504
28.633098,-95.884026
28.588238,-96.000682
28.556626,-96.077868
28.502224,-96.194412
28.491966,-96.22037618
28.475055,-96.244751
28.46193,-96.270391
28.441871,-96.303212
28.425148,-96.32156
28.423659,-96.328817
28.417334,-96.341617
28.397661,-96.371117
28.393875,-96.372101
28.387667,-96.370717
28.38390933,-96.37861639
28.38608884,-96.37937197
28.39327629,-96.38186369
28.40168215,-96.37595957
28.40427499,-96.3741384
28.43779485,-96.3351192
28.47799248,-96.26834135
28.49506731,-96.22382479
28.5003827,-96.21897812
28.50967922,-96.21505001
28.54474066,-96.14544786
28.559499,-96.10473519
28.58698004,-96.04621073
28.58901568,-96.03297911
28.59970276,-96.00753371
28.60631858,-95.98615954
28.61446109,-95.98208829
28.6210769,-95.98565065
28.64194215,-95.9831061
28.65059359,-95.97852589
28.65546785,-95.98606597
28.65873612,-95.9963377
28.65619159,-96.0029535
28.64804906,-96.00651588
28.65262923,-96.03348799
28.64906687,-96.04773744
28.63532635,-96.07216503
28.62463926,-96.09913716
28.61140765,-96.14850128
28.59359586,-96.18717832
28.58698006,-96.19837429
28.58036425,-96.22178408
28.58087316,-96.22890879
28.59664931,-96.23399788
28.60173839,-96.23399788
28.60733639,-96.22229298
28.61344328,-96.21415045
28.62260364,-96.21262373
28.64143325,-96.23094442
28.66229849,-96.20855246
28.66535193,-96.21465937
28.68774389,-96.1922674
28.69435971,-96.19124959
28.69893988,-96.19582976
28.70097551,-96.20244556
28.69843098,-96.2228019
28.69639534,-96.23145334
28.68469045,-96.25689875
28.68367264,-96.26351456
28.68876172,-96.26860364
28.68316372,-96.28794216
28.67145883,-96.30422722
28.66026285,-96.30524504
28.64499561,-96.30371831
28.64186047,-96.32292106
28.64092435,-96.32865479
28.62667492,-96.37343871
28.6200591,-96.37649217
28.61598785,-96.38463468
28.57323955,-96.47369365
28.56967719,-96.48794309
28.58036427,-96.482854
28.59664934,-96.48030946
28.60784532,-96.48590744
28.61089877,-96.49048763
28.61497003,-96.51084397
28.61751458,-96.51033507
28.62514819,-96.49761235
28.63074618,-96.49659454
28.63583527,-96.49964798
28.63837981,-96.5062638
28.64550452,-96.54544973
28.64601344,-96.55511899
28.64448671,-96.56326152
28.6678965,-96.57293078
28.67400339,-96.57038624
28.687235,-96.55919027
28.69130628,-96.55969916
28.69639535,-96.56122589
28.6979221,-96.56682388
28.70283661,-96.57514076
28.70436486,-96.57772703
28.7045379,-96.57801986
28.71231169,-96.5796394
28.71245507,-96.57966927
28.7167517,-96.5805644
28.72279751,-96.58409114
28.72285858,-96.58412676
28.72287683,-96.58419612
28.72483762,-96.59164711
28.72540313,-96.59379602
28.72220976,-96.60492129
28.71374278,-96.63441913
28.71360118,-96.63491246
28.71045684,-96.64586693
28.70962696,-96.64875811
28.70416698,-96.6555285
28.69690426,-96.66453427
28.68774392,-96.65791846
28.66891432,-96.6350176
28.65466489,-96.63399977
28.65008469,-96.62789287
28.6495758,-96.6233127
28.64448671,-96.61567908
28.63888872,-96.61059
28.63634419,-96.61059
28.62769274,-96.61975034
28.62209475,-96.62280379
28.58596226,-96.6110989
28.58341772,-96.60804544
28.58443554,-96.57394859
28.5823999,-96.56529715
28.576293,-96.56427933
28.57069501,-96.56122589
28.55949903,-96.53628939
28.55797231,-96.52611121
28.55440994,-96.52203994
28.53507142,-96.51440631
28.52591107,-96.50575487
28.49079639,-96.45028385
28.46738662,-96.41974938
28.45924408,-96.410589
28.44906592,-96.40244649
28.44245011,-96.4039732
28.42158487,-96.46147984
28.40784432,-96.48183624
28.39766616,-96.50473709
28.3941038,-96.52051324
28.38545237,-96.54290522
28.37781873,-96.55969917
28.36865838,-96.57038625
28.3574624,-96.59176039
28.35440896,-96.60041184
28.34677534,-96.65079375
28.33557935,-96.67267683
28.34728423,-96.68845297
28.34728423,-96.69455988
28.34270406,-96.69812223
28.34881096,-96.70524695
28.3696762,-96.70015786
28.40021071,-96.70575587
28.40682652,-96.71033604
28.40886213,-96.72254983
28.40886213,-96.74901307
28.41191559,-96.76224469
28.4107368,-96.76695989
28.41038888,-96.76835158
28.40807416,-96.77220944
28.40580869,-96.7759852
28.39842085,-96.78079589
28.38392564,-96.79023464
28.36568844,-96.79455398
28.36466775,-96.79479572
28.36458713,-96.79481481
28.36451479,-96.7948124
28.36450307,-96.79481201
28.35086475,-96.7943574
28.34931987,-96.79430591
28.34724925,-96.79401602
28.34660599,-96.79392596
28.34595854,-96.79383532
28.34545326,-96.79376458
28.33670526,-96.79253986
28.32387446,-96.79074354
28.31909546,-96.79115912
28.31216957,-96.79176139
28.29690233,-96.8060108
28.29028651,-96.80957316
28.28214398,-96.8060108
28.27271554,-96.79930212
28.25568074,-96.78718122
28.25008276,-96.78718122
28.22412842,-96.80041282
28.2170863,-96.81003705
28.19359393,-96.8421433
28.17629106,-96.87267781
28.15288126,-96.89812321
28.14728328,-96.91033702
28.12387349,-96.93476462
28.12336458,-96.96275457
28.13761403,-97.00041379
28.1360873,-97.0075385
28.1484083,-97.02701386
28.18410022,-97.02130316
28.18469303,-97.02782413
28.1855279,-97.0370076
28.13317975,-97.15360119
28.0874941,-97.2140395
28.07657544,-97.21534974
28.0755968,-97.21546718
28.05989235,-97.17644401
28.057037,-97.13742085
28.07845215,-97.10363251
28.1060539,-97.05176026
28.11216047,-97.02569283
28.10758843,-97.02280575
28.10351716,-97.02382356
28.09384789,-97.0319661
28.08468755,-97.03552846
28.07400047,-97.03552846
28.05364414,-97.03145718
28.04193925,-97.0258592
28.03328781,-97.03094827
28.02870764,-97.04061753
28.02209183,-97.04876008
27.99613751,-97.06199169
27.98697715,-97.07573221
27.92336359,-97.12153398
27.91980123,-97.12916758
27.90246706,-97.13480121
27.89944492,-97.13578341
27.89895588,-97.13661476
27.89435583,-97.14443484
27.88061531,-97.15512192
27.83323105,-97.18345476
27.8312512,-97.18463859
27.82545302,-97.18670937
27.82500081,-97.18687088
27.82412648,-97.18718314
27.82377215,-97.18886623
27.82292838,-97.19287411
27.82275427,-97.19370113
27.82209084,-97.1968524
27.82209084,-97.20912689
27.82209084,-97.2095751
27.82239094,-97.21122568
27.82393858,-97.2197376
27.82412648,-97.22077109
27.82464873,-97.22221173
27.82491873,-97.22295655
27.82572315,-97.2251756
27.82614515,-97.22543529
27.82675539,-97.22581083
27.82708295,-97.2260124
27.82920366,-97.22731746
27.83093857,-97.22731746
27.83125816,-97.22731746
27.83289503,-97.22731746
27.83295191,-97.22731746
27.83830653,-97.22651426
27.84366117,-97.22838839
27.84906299,-97.23451162
27.85771443,-97.24112742
27.85895331,-97.24139289
27.86483913,-97.24265413
27.86520761,-97.24292212
27.87603512,-97.25079668
27.87790104,-97.25639444
27.87853788,-97.25830494
27.8801064,-97.26301048
27.88142671,-97.27225274
27.88163311,-97.27369756
27.8811441,-97.27663158
27.87967173,-97.28546583
27.87807075,-97.29507171
27.87590703,-97.30145469
27.87033501,-97.31789216
27.86789259,-97.3250973
27.86640514,-97.32749375
27.84957189,-97.35461397
27.85058972,-97.36021196
27.85036338,-97.36054694
27.84989096,-97.36124613
27.83786702,-97.37904156
27.81394832,-97.39176428
27.78290491,-97.39329101
27.76661984,-97.38616629
27.74168334,-97.3683545
27.72539827,-97.34698034
27.71267556,-97.31644585
27.69669585,-97.25395515
27.67959652,-97.259957
27.67857871,-97.26606391
27.61394735,-97.29659838
27.60478701,-97.29863402
27.59868009,-97.29761621
27.59409992,-97.29405385
27.58595739,-97.30219638
27.57119904,-97.3215349
27.56092689,-97.32511821
27.52743295,-97.33680215
27.51776369,-97.34341797
27.50300535,-97.34748924
27.47857773,-97.35054266
27.4582214,-97.35919411
27.45058778,-97.36580993
27.42514236,-97.37191683
27.41241966,-97.36988118
27.40122367,-97.37293462
27.39002769,-97.37955042
27.34473485,-97.39939786
27.3355745,-97.4019424
27.32997651,-97.40499586
27.32132507,-97.41313839
27.31725379,-97.42026311
27.31369142,-97.43044129
27.31369142,-97.4507976
27.29791527,-97.48285884
27.27501439,-97.50830424
27.27857676,-97.53222293
27.28417475,-97.54443674
27.29079056,-97.54698128
27.28926383,-97.53680311
27.29180837,-97.52662495
27.29791527,-97.52458932
27.30503999,-97.51746461
27.30503999,-97.50474188
27.30860235,-97.49812609
27.32234287,-97.50270624
27.32794086,-97.4991439
27.33862794,-97.48387663
27.35135064,-97.48387663
27.35898427,-97.48693009
27.3666179,-97.50168844
27.3615288,-97.51441114
27.35287737,-97.52051805
27.33557448,-97.53832984
27.31572706,-97.57089997
27.30962016,-97.58413158
27.28519257,-97.60906809
27.28722819,-97.62179081
27.28621038,-97.63146006
27.28213911,-97.63654914
27.28172725,-97.63668019
27.27094313,-97.6401115
27.25313134,-97.63909368
27.24702444,-97.63502242
27.24295317,-97.62891551
27.24244427,-97.5973632
27.24040863,-97.58260486
27.2388819,-97.57395341
27.23277501,-97.56123071
27.22921265,-97.54291001
27.23124829,-97.52000913
27.23531955,-97.50983097
27.23989972,-97.50321515
27.2444799,-97.50016171
27.25084127,-97.48514888
27.25364027,-97.46708264
27.25949271,-97.45843119
27.26254617,-97.45028866
27.26407289,-97.42407988
27.25771154,-97.4222987
27.20224053,-97.43476695
27.14473388,-97.44494512
27.11623501,-97.44367285
27.1152172,-97.45232429
27.11038257,-97.45588665
27.0996955,-97.45665001
27.09562423,-97.46173909
27.09842322,-97.47547962
27.10249449,-97.4805687
27.10122222,-97.49151023
27.09409751,-97.49583596
27.07806689,-97.49329141
27.06610755,-97.47751525
27.06279964,-97.47904197
27.06194231,-97.48225696
27.05771055,-97.48693005
27.05363929,-97.48769342
27.03480969,-97.4866756
27.03251959,-97.47751525
27.02921169,-97.47395288
27.02285033,-97.47344398
26.9991861,-97.47853307
26.99765938,-97.48056869
27.00045837,-97.48413106
26.99969501,-97.53680307
26.9958782,-97.54927132
26.99028021,-97.55537822
26.9808654,-97.5510525
26.9653437,-97.54952578
26.95211208,-97.55232477
26.94727745,-97.55537821
26.93888046,-97.55537821
26.90631032,-97.54087433
26.9009668,-97.54011095
26.89511435,-97.54799904
26.88849854,-97.55232476
26.8676333,-97.55232476
26.8643254,-97.55843166
26.84218789,-97.56326629
26.82793845,-97.55257921
26.82463055,-97.54774458
26.824885,-97.53756642
26.80351085,-97.50983091
26.76356156,-97.48438549
26.7572002,-97.47802414
26.75872693,-97.47166279
26.74091513,-97.46860934
26.71012618,-97.46733706
26.63353547,-97.4449451
26.60936233,-97.44570845
26.59990067,-97.44120601
26.57246647,-97.42815111
26.55363686,-97.41695513
26.52030337,-97.42229867
26.51674101,-97.42586102
26.50656284,-97.43069565
26.4946035,-97.43069565
26.48442533,-97.42636993
26.47806396,-97.42916891
26.47017588,-97.43553026
26.46661352,-97.44138271
26.45541754,-97.44138271
26.44981955,-97.4375659
26.44600274,-97.42586101
26.4467661,-97.42102638
26.44981955,-97.41720956
26.447275,-97.41161157
26.43302558,-97.41288384
26.41724941,-97.42178974
26.41317815,-97.41949965
26.40910688,-97.40601358
26.41088806,-97.3981255
26.41445042,-97.39430869
26.41724941,-97.39507205
26.41132607,-97.38248493
26.40910688,-97.37776917
26.394603,-97.36962664
26.38086247,-97.37446126
26.36584968,-97.38896515
26.33938644,-97.39201861
26.33226173,-97.39100079
26.33048055,-97.38794735
26.33633299,-97.37624245
26.33989535,-97.37217118
26.34854679,-97.36937219
26.35643487,-97.3581762
26.35923387,-97.34341785
26.35567151,-97.33527532
26.35058243,-97.33044069
26.33175282,-97.33680204
26.31852121,-97.35283266
26.31394104,-97.35435938
26.3113965,-97.34698021
26.29282134,-97.34748912
26.26737592,-97.34392676
26.26559475,-97.34112777
26.26559475,-97.33196741
26.2719561,-97.32280707
26.27373728,-97.31186554
26.25312649,-97.30703091
26.24905521,-97.30804873
26.23607805,-97.32128034
26.22869889,-97.32128034
26.20249011,-97.30448636
26.20070892,-97.29659829
26.19231194,-97.29481711
26.18238823,-97.29608938
26.15948735,-97.30677646
26.14243893,-97.29659829
26.12837809,-97.28536039
26.1203014,-97.28209439
26.11775687,-97.28311221
26.11394005,-97.29405374
26.10834206,-97.29507155
26.092057,-97.27980431
26.086459,-97.27089841
26.0803521,-97.24697972
26.07958874,-97.20804824
26.0770442,-97.19965125
26.04192953,-97.19507106
26.03022464,-97.20499478
26.03073355,-97.21491849
26.02742564,-97.22484221
26.02437219,-97.22611448
25.99612778,-97.21924421
25.99383769,-97.21695413
25.99180206,-97.20855714
25.99307434,-97.19583442
26.00007182,-97.17446027
26.00706931,-97.16720832
26.01457571,-97.16275538
26.0234816,-97.16262815
26.04472853,-97.17204295
26.04549189,-97.17865876
26.05312552,-97.18273003
26.06387621,-97.16498185
26.062108,-97.152009
26.038906,-97.15321
26.017653,-97.151922
25.971132,-97.145567
25.969781,-97.146881
25.955606,-97.146294
25.953132,-97.147785
25.949022,-97.156608
25.950243,-97.160294
25.95926215,-97.16819864
25.962114,-97.178362
25.958174,-97.187583
25.960899,-97.206945
25.958753,-97.229226
25.954974,-97.239867
25.948097,-97.248033
25.952147,-97.276707
25.948037,-97.281389
25.935438,-97.277163
25.936704,-97.303602
25.929802,-97.320561
25.924041,-97.324914
25.923125,-97.338346
25.925241,-97.350398
25.91568,-97.367642
25.907444,-97.37443
25.905016,-97.372365
25.902447,-97.365976
25.890476,-97.365521
25.868874,-97.360082
25.849826,-97.36542
25.840117,-97.372864
25.837377,-97.394513
25.840378,-97.422636
25.850026,-97.445113
25.859463,-97.448271
25.871678,-97.449172
25.879337,-97.454727
25.884162,-97.468262
25.878758,-97.48606
25.880058,-97.496861
25.886458,-97.521762
25.905219,-97.528628
25.916797,-97.530322
25.920035,-97.542957
25.923975,-97.54517
25.934077,-97.546421
25.937136,-97.555379
25.932257,-97.559364
25.937857,-97.582565
25.945116,-97.580419
25.955443,-97.583044
25.957556,-97.598043
25.972745,-97.607734
25.976594,-97.608283
25.996727,-97.627226
25.999509,-97.634804
26.0066144,-97.64401137
26.0169427,-97.64370761
26.02149931,-97.64917552
26.01937289,-97.66132646
26.019956,-97.668298
26.02423327,-97.67135099
26.023455,-97.697069
26.03030874,-97.7032472
26.03304271,-97.71114533
26.030838,-97.71992
26.03213138,-97.75883777
26.03365025,-97.7630906
26.03790308,-97.76491324
26.04154837,-97.77007739
26.04276346,-97.7791906
26.04063704,-97.78405098
26.04245968,-97.78982267
26.04428233,-97.79225286
26.05521818,-97.79529059
26.060017,-97.801344
26.055702,-97.825546
26.051651,-97.836608
26.052918,-97.860504
26.05665595,-97.86823537