3551,Wisconsin
44.860098,-87.40565843
44.860047,-87.405541
44.865532,-87.384821
44.86927667,-87.38459345
44.88111649,-87.38387398
44.88168466,-87.38383945
44.88178824,-87.38383316
44.88447529,-87.38366987
44.88472251,-87.38365485
44.885115,-87.383631
44.889964,-87.385396
44.89069937,-87.38611065
44.89097186,-87.38637547
44.89099277,-87.38639578
44.89109018,-87.38649045
44.89532299,-87.39060402
44.89537182,-87.39065147
44.89552415,-87.39079951
44.89580268,-87.39107019
44.89673932,-87.39198044
44.89703684,-87.39226958
44.898199,-87.393399
44.89995498,-87.3969718
44.90005938,-87.39718423
44.90014543,-87.39735932
44.90168293,-87.40048758
44.90240024,-87.40194705
44.90449,-87.406199
44.909626,-87.40536079
44.911806,-87.405005
44.925226,-87.398368
44.93375123,-87.39375245
44.93389915,-87.39367237
44.934393,-87.393405
44.93467693,-87.3930576
44.93798845,-87.3890058
44.939421,-87.387253
44.94244522,-87.38506558
44.9429929,-87.38466944
44.94608032,-87.38243631
44.956631,-87.374805
44.96038847,-87.37304609
44.96134282,-87.37259935
44.96140961,-87.37256809
44.96293504,-87.37185402
44.96673649,-87.37007453
44.98079817,-87.36349213
44.987643,-87.360288
44.99720289,-87.35148737
45.00415136,-87.34509077
45.01343072,-87.33654839
45.01353,-87.336457
45.034201,-87.322117
45.03429048,-87.32202242
45.04010305,-87.31587854
45.04812964,-87.30739445
45.05183771,-87.30347502
45.05188976,-87.30342
45.05214623,-87.30314891
45.052447,-87.302831
45.05266579,-87.30247012
45.05362548,-87.3008872
45.05372441,-87.30072401
45.05407507,-87.30014564
45.063694,-87.28428
45.06375968,-87.28420786
45.07739617,-87.26923143
45.07784675,-87.26873657
45.07788434,-87.26869528
45.081361,-87.264877
45.09235483,-87.2606309
45.092585,-87.260542
45.106007,-87.260595
45.121644,-87.257449
45.12632306,-87.25407154
45.131289,-87.250487
45.13755858,-87.2408132
45.137886,-87.240308
45.14677323,-87.24233123
45.149377,-87.242924
45.16649186,-87.23842563
45.1672385,-87.23822939
45.167259,-87.238224
45.16726194,-87.23822034
45.17231616,-87.23192501
45.172887,-87.231214
45.17455146,-87.22406503
45.17495867,-87.22231604
45.175039,-87.221971
45.17471585,-87.221707
45.17377333,-87.220937
45.165735,-87.21437
45.16561352,-87.21348342
45.16485703,-87.20796265
45.16381868,-87.20038488
45.16320088,-87.19587625
45.16311,-87.195213
45.17299973,-87.17516989
45.17305,-87.175068
45.17484959,-87.17372155
45.17812311,-87.17127231
45.17817501,-87.17123348
45.17946802,-87.17026605
45.179741,-87.17006181
45.18209896,-87.16829759
45.18216006,-87.16825187
45.183594,-87.167179
45.185331,-87.163169
45.190711,-87.147709
45.19071852,-87.14765719
45.19143741,-87.14270764
45.192843,-87.13303
45.19279365,-87.13287389
45.19182504,-87.12980997
45.19144145,-87.12859659
45.19016178,-87.12454871
45.18989,-87.123689
45.191103,-87.119972
45.19112497,-87.11997113
45.19119844,-87.11996823
45.19228049,-87.11992543
45.1923862,-87.11992125
45.19307071,-87.11989418
45.19324166,-87.11988742
45.19352709,-87.11987613
45.19358055,-87.11987402
45.19372418,-87.11986834
45.19384319,-87.11986363
45.19481415,-87.11982523
45.19490836,-87.11982151
45.19586605,-87.11978363
45.19596526,-87.11977971
45.19627127,-87.1197676
45.2021842,-87.11953376
45.20248848,-87.11952173
45.20275383,-87.11951123
45.20523658,-87.11941304
45.20544,-87.119405
45.20552902,-87.11945018
45.2059302,-87.11965377
45.20964891,-87.12154095
45.20969775,-87.12156574
45.209783,-87.121609
45.21512113,-87.12209781
45.21616845,-87.12219371
45.21651886,-87.1222258
45.21676423,-87.12224827
45.21802346,-87.12236358
45.22178629,-87.12270814
45.222997,-87.122819
45.2263373,-87.12166721
45.22743839,-87.12128754
45.22749955,-87.12126646
45.23874006,-87.11739056
45.24144955,-87.11645629
45.24152,-87.116432
45.25539668,-87.10954071
45.25645811,-87.1090136
45.257003,-87.108743
45.2570927,-87.10843002
45.25902696,-87.10168074
45.265723,-87.078316
45.280355,-87.071035
45.28053169,-87.07084522
45.292838,-87.057627
45.28790137,-87.05341702
45.2873263,-87.05292659
45.28726199,-87.05287175
45.28621518,-87.05197902
45.285888,-87.0517
45.28575823,-87.05079647
45.28546355,-87.04874473
45.284767,-87.043895
45.28481983,-87.04372387
45.28488983,-87.04349712
45.28500301,-87.04313048
45.28551783,-87.04146277
45.287758,-87.034206
45.28784414,-87.03407735
45.29654125,-87.02108767
45.299254,-87.017036
45.29918951,-87.0157968
45.298061,-86.994112
45.29791487,-86.9935283
45.29783298,-86.99320121
45.29558532,-86.98422307
45.29549941,-86.9838799
45.295368,-86.983355
45.29526019,-86.98322668
45.29259814,-86.98005826
45.290684,-86.97778
45.29057512,-86.97771389
45.278455,-86.970355
45.27459138,-86.97278607
45.27389027,-86.97322723
45.27211259,-86.97434578
45.271823,-86.974528
45.27175169,-86.97462239
45.26968696,-86.97735524
45.26497147,-86.9835966
45.264366,-86.984398
45.2634089,-86.98449502
45.25903556,-86.98493835
45.258674,-86.984975
45.25534629,-86.98417206
45.25076383,-86.98306636
45.249117,-86.982669
45.2489795,-86.98239326
45.246146,-86.976711
45.24638086,-86.97328652
45.246399,-86.973022
45.24496623,-86.97345313
45.24494382,-86.97345987
45.24486734,-86.97348288
45.24430753,-86.97365133
45.24286417,-86.97408564
45.22753831,-86.97869722
45.227333,-86.978759
45.2236456,-86.98107999
45.22225356,-86.98195619
45.22059333,-86.98300121
45.2194705,-86.98370797
45.215872,-86.985973
45.21536025,-86.98807454
45.21347803,-86.99580409
45.21310984,-86.99731612
45.21242895,-87.00011226
45.211773,-87.002806
45.21360654,-87.00524277
45.213694,-87.005359
45.21411415,-87.00546766
45.222127,-87.00754
45.22212725,-87.00758305
45.22227385,-87.03252131
45.222274,-87.032546
45.22223524,-87.03257618
45.21973415,-87.03452391
45.211535,-87.040909
45.21142082,-87.04092414
45.21037482,-87.04106284
45.21028316,-87.04107499
45.2100517,-87.04110568
45.173902,-87.045899
45.17354282,-87.04588338
45.16935093,-87.04570111
45.169016,-87.04568655
45.16888867,-87.04568101
45.16840279,-87.04565989
45.1642711,-87.04548024
45.15879794,-87.04524226
45.158401,-87.045225
45.15763007,-87.04417552
45.15540377,-87.04114482
45.15344546,-87.03847894
45.1521502,-87.03671569
45.15021629,-87.03408302
45.14738241,-87.03022521
45.1466032,-87.02916446
45.14646734,-87.0289795
45.14637,-87.028847
45.14625048,-87.02895746
45.14500889,-87.03010493
45.14498641,-87.03012571
45.14386008,-87.03116665
45.14370856,-87.03130668
45.1427483,-87.03219415
45.14258614,-87.03234402
45.14245969,-87.03246088
45.14196295,-87.03291997
45.141753,-87.033114
45.14175153,-87.03311674
45.14152159,-87.0335461
45.14151941,-87.03355019
45.14094591,-87.03462107
45.14092127,-87.03466707
45.14049419,-87.03546454
45.14029443,-87.03583755
45.13797152,-87.04017507
45.1372278,-87.0415638
45.13693337,-87.04211358
45.13684082,-87.0422864
45.134987,-87.045748
45.12007368,-87.05428153
45.119968,-87.054342
45.116172,-87.051049
45.11511099,-87.05075037
45.11012168,-87.04934608
45.10984505,-87.04926822
45.10971185,-87.04923073
45.108718,-87.048951
45.10766517,-87.04891135
45.09425914,-87.04840641
45.0926472,-87.0483457
45.089124,-87.048213
45.08909778,-87.0483591
45.08866314,-87.05078043
45.08747216,-87.05741526
45.087467,-87.057444
45.08630367,-87.05825937
45.08101549,-87.06196584
45.07935634,-87.06312873
45.079316,-87.063157
45.07920226,-87.06337553
45.07842748,-87.06486416
45.070783,-87.079552
45.07076987,-87.0795546
45.06715445,-87.08027088
45.06470972,-87.08075522
45.059103,-87.081866
45.05887893,-87.08241927
45.05728672,-87.08635071
45.0554651,-87.0908486
45.055145,-87.091639
45.05515808,-87.0917609
45.0552027,-87.09217693
45.05565431,-87.09638739
45.05577138,-87.0974788
45.058311,-87.121156
45.052936,-87.124701
45.05083327,-87.12472189
45.05034442,-87.12472675
45.04926767,-87.12473745
45.04860828,-87.124744
45.04414071,-87.12478839
45.04326177,-87.12479712
45.042167,-87.124808
45.02686163,-87.13234435
45.0227804,-87.13435395
45.01532695,-87.13802402
45.012565,-87.139384
45.01217466,-87.14104815
45.009117,-87.154084
45.00491307,-87.16347746
45.00489,-87.163529
45.00484793,-87.1635612
44.99973563,-87.16747418
44.99908824,-87.16796969
44.99709638,-87.16949427
44.99685957,-87.16967553
44.99683583,-87.1696937
44.98150504,-87.18142795
44.980887,-87.181901
44.97922062,-87.18292163
44.9716064,-87.18758523
44.96907806,-87.18913379
44.968632,-87.189407
44.96852398,-87.18940158
44.96816372,-87.18938349
44.95219303,-87.18858165
44.94856004,-87.18839925
44.948077,-87.188375
44.94788642,-87.18807427
44.94275297,-87.17997386
44.939753,-87.17524
44.931476,-87.1717
44.927749,-87.17492
44.92629725,-87.18242134
44.92563208,-87.18585837
44.925463,-87.186732
44.92484465,-87.18798429
44.916819,-87.204238
44.9067444,-87.21580772
44.906597,-87.215977
44.90600927,-87.21605874
44.90589952,-87.216074
44.90537906,-87.21614638
44.89801264,-87.21717085
44.897839,-87.217195
44.89778881,-87.21714902
44.89730896,-87.2167095
44.89280856,-87.21258731
44.88918188,-87.20926543
44.885928,-87.206285
44.88532856,-87.20618408
44.87719875,-87.20481534
44.87715865,-87.20480859
44.875593,-87.204545
44.87542916,-87.20490354
44.87246115,-87.21139842
44.86629543,-87.22489083
44.85657071,-87.2461714
44.8470247,-87.2670609
44.846851,-87.267441
44.84665478,-87.26756428
44.83518738,-87.27476884
44.83318,-87.27603
44.814729,-87.282561
44.80913067,-87.29486947
44.804603,-87.304824
44.80137676,-87.30748162
44.79423709,-87.31336294
44.79383802,-87.31369167
44.793766,-87.313751
44.79359509,-87.31388004
44.79310942,-87.3142467
44.79103439,-87.31581328
44.784963,-87.320397
44.77917016,-87.31979553
44.77313504,-87.3191689
44.77179415,-87.31902967
44.771632,-87.31901284
44.771335,-87.318982
44.76967157,-87.31990337
44.76795306,-87.32085524
44.737751,-87.337584
44.73283946,-87.3391548
44.7304975,-87.3399038
44.72636362,-87.3412259
44.72553475,-87.34149099
44.719228,-87.343508
44.71152601,-87.34808168
44.70903891,-87.3495586
44.701915,-87.353789
44.70144523,-87.35417155
44.7013504,-87.35424878
44.69287581,-87.36114993
44.6844737,-87.36799207
44.684141,-87.368263
44.67559317,-87.37322784
44.66653416,-87.37848959
44.65215681,-87.38684039
44.640655,-87.393521
44.631191,-87.401629
44.62897439,-87.40372425
44.627191,-87.40541
44.62087,-87.418028
44.60647244,-87.43576637
44.605071,-87.437493
44.60455856,-87.43775117
44.586274,-87.446963
44.55355657,-87.46708933
44.55335455,-87.4672136
44.55305542,-87.46739762
44.551925,-87.468093
44.53933839,-87.47293362
44.51606494,-87.48188424
44.511354,-87.483696
44.50574169,-87.48387257
44.504425,-87.483914
44.50385598,-87.48404182
44.49147697,-87.48682244
44.477224,-87.490024
44.47280362,-87.49233282
44.4683145,-87.49467754
44.4673604,-87.49517588
44.46721474,-87.49525196
44.460686,-87.498662
44.4597369,-87.49886015
44.45967954,-87.49887212
44.45938355,-87.49893392
44.45739543,-87.49934898
44.45583652,-87.49967445
44.45562524,-87.49971855
44.44321867,-87.50230872
44.423804,-87.506362
44.42141804,-87.50765092
44.41450161,-87.51138725
44.414043,-87.511635
44.41194055,-87.51231101
44.41015297,-87.51288577
44.40207742,-87.51548232
44.394356,-87.517965
44.39008189,-87.51788071
44.375696,-87.517597
44.3753566,-87.51774032
44.37451903,-87.51809401
44.37212214,-87.51910616
44.367526,-87.521047
44.36671895,-87.52166334
44.351111,-87.533583
44.35105203,-87.53360641
44.33112261,-87.5415169
44.32751252,-87.54294983
44.321385,-87.545382
44.30706789,-87.54472535
44.306864,-87.544716
44.30670714,-87.54467529
44.29401773,-87.54138202
44.29356698,-87.54126503
44.29314654,-87.54115592
44.293143,-87.541155
44.29296806,-87.54105273
44.26801556,-87.52646591
44.26788775,-87.52639119
44.26760514,-87.52622598
44.26691751,-87.525824
44.26687096,-87.52579679
44.26671129,-87.52570345
44.26660851,-87.52564337
44.26633804,-87.52548525
44.26628546,-87.52545452
44.26601026,-87.52529364
44.26586854,-87.52521079
44.26497859,-87.52469054
44.26458331,-87.52445947
44.26412815,-87.52419339
44.26239316,-87.52317914
44.26181314,-87.52284007
44.26132946,-87.52255732
44.26014001,-87.52186198
44.259957,-87.521755
44.25899264,-87.52133039
44.25896546,-87.52131842
44.24553729,-87.51540591
44.2455216,-87.515399
44.24532833,-87.5153139
44.22975461,-87.50845669
44.229669,-87.508419
44.22954581,-87.50841247
44.210803,-87.507419
44.192808,-87.512903
44.17987,-87.51966
44.15969,-87.53994
44.15293255,-87.55007552
44.144195,-87.563181
44.14407217,-87.56355148
44.142914,-87.5670446
44.14265781,-87.5678173
44.14175742,-87.57053293
44.13308808,-87.59668036
44.13268034,-87.59791014
44.13230082,-87.5990548
44.131695,-87.600882
44.13039016,-87.60357157
44.121895,-87.621082
44.10522237,-87.64579968
44.104694,-87.646583
44.10433472,-87.64671852
44.10212767,-87.647551
44.10199085,-87.64760261
44.09163874,-87.65150735
44.08255209,-87.65493477
44.081894,-87.655183
44.067194,-87.653483
44.06596104,-87.65369116
44.05191916,-87.65606187
44.051794,-87.656083
44.03735,-87.671316
44.020139,-87.683361
44.0125196,-87.68638861
43.99971005,-87.69147856
43.9907152,-87.69505272
43.989582,-87.695503
43.98952392,-87.69551139
43.965936,-87.69892
43.96573445,-87.69902921
43.96371235,-87.70012487
43.96335129,-87.7003205
43.9589461,-87.70270742
43.95892553,-87.70271856
43.956651,-87.703951
43.95587166,-87.70467857
43.9537531,-87.7066564
43.95074722,-87.70946259
43.943705,-87.716037
43.93949845,-87.7181701
43.937781,-87.719041
43.93778017,-87.71904119
43.93710003,-87.71919355
43.9329583,-87.7201214
43.93179373,-87.7203823
43.93022368,-87.72073403
43.92783972,-87.72126809
43.92412756,-87.7220997
43.9169146,-87.72371558
43.91455682,-87.72424378
43.90329725,-87.7267662
43.903133,-87.726803
43.90304021,-87.7268413
43.89892001,-87.72854203
43.89809023,-87.72888454
43.89386217,-87.73062979
43.893825,-87.73064513
43.89218428,-87.73132239
43.88634022,-87.73373468
43.88459001,-87.73445713
43.88221895,-87.73543585
43.880421,-87.736178
43.873721,-87.736017
43.87042998,-87.73488066
43.852524,-87.728698
43.85183301,-87.72872805
43.84058214,-87.72921731
43.831782,-87.7296
43.81898941,-87.72768564
43.81288456,-87.72677207
43.81045395,-87.72640834
43.810445,-87.726407
43.810442,-87.72640518
43.76735,-87.700251
43.76712946,-87.70024485
43.7615903,-87.70009044
43.761395,-87.700085
43.749695,-87.702985
43.74956454,-87.70304739
43.74625594,-87.70462977
43.745095,-87.705185
43.74297855,-87.70816727
43.742895,-87.708285
43.74273739,-87.70832052
43.735795,-87.709885
43.722895,-87.708185
43.72206391,-87.70792308
43.70690089,-87.70314443
43.706395,-87.702985
43.687596,-87.702685
43.68533867,-87.70367128
43.679542,-87.706204
43.67948751,-87.70624196
43.65046195,-87.72646029
43.6401809,-87.73362177
43.63919,-87.734312
43.63821672,-87.73506474
43.63766808,-87.73548905
43.63704398,-87.73597173
43.63681899,-87.73614573
43.63460426,-87.73785861
43.63359706,-87.73863757
43.62862243,-87.74248495
43.6285739,-87.74252248
43.57988914,-87.78017523
43.578493,-87.781255
43.57672619,-87.78227121
43.56484449,-87.78910517
43.563054,-87.790135
43.5623755,-87.79027685
43.54898972,-87.79307542
43.543034,-87.79432058
43.52731,-87.797608
43.510623,-87.797336
43.492783,-87.793239
43.461136,-87.807799
43.434849,-87.827319
43.405441,-87.855608
43.39357,-87.865048
43.38915818,-87.86750428
43.38629453,-87.86909862
43.380178,-87.872504
43.369235,-87.877448
43.352099,-87.882392
43.31473107,-87.88812157
43.31348891,-87.88831203
43.31347617,-87.88831399
43.31338757,-87.88832757
43.31334204,-87.88833455
43.31329428,-87.88834188
43.307652,-87.889207
43.29162796,-87.89781307
43.28708079,-87.90025523
43.284117,-87.901847
43.28031931,-87.90296678
43.2798867,-87.90309434
43.27972836,-87.90314103
43.27867628,-87.90345125
43.27596247,-87.90425144
43.26845375,-87.90646545
43.26839297,-87.90648337
43.26832991,-87.90650197
43.26811545,-87.90656521
43.26805537,-87.90658292
43.26800166,-87.90659876
43.26798049,-87.906605
43.26796015,-87.906611
43.26566057,-87.90728905
43.26565308,-87.90729126
43.26560423,-87.90730566
43.259678,-87.90905307
43.25529647,-87.910345
43.250406,-87.911787
43.24806416,-87.91151242
43.23663411,-87.91017225
43.235907,-87.910087
43.20004583,-87.897331
43.20003104,-87.89732574
43.20000308,-87.89731579
43.19946755,-87.89712531
43.197108,-87.896286
43.19622477,-87.89555418
43.19204361,-87.89208979
43.18779532,-87.88856978
43.186608,-87.887586
43.18335927,-87.88626592
43.17994446,-87.88487835
43.17992914,-87.88487213
43.17967429,-87.88476857
43.170609,-87.881085
43.16025517,-87.88638035
43.15542873,-87.88884878
43.154493,-87.88932735
43.15439961,-87.88937511
43.15389429,-87.88963355
43.15110782,-87.89105866
43.14871,-87.892285
43.14340469,-87.89600802
43.14041653,-87.89810498
43.139112,-87.89902044
43.13731,-87.900285
43.13335728,-87.90134549
43.13321,-87.901385
43.13300169,-87.90135932
43.12599976,-87.90049607
43.12591,-87.900485
43.12587379,-87.90046278
43.114011,-87.893185
43.10171667,-87.87916864
43.10061737,-87.87791537
43.099011,-87.876084
43.08980951,-87.87249303
43.0894742,-87.87236217
43.08944937,-87.87235248
43.08919878,-87.87225469
43.08836279,-87.87192843
43.08459752,-87.870459
43.07441902,-87.86648674
43.074412,-87.866484
43.064412,-87.870184
43.06437554,-87.87021663
43.05851575,-87.87545999
43.057529,-87.87634294
43.0512847,-87.88193036
43.05112996,-87.88206883
43.051113,-87.882084
43.04583394,-87.88988261
43.0424965,-87.89481292
43.04235086,-87.89502807
43.042313,-87.895084
43.04215199,-87.89512694
43.03802751,-87.8962268
43.03663664,-87.8965977
43.03068945,-87.89818361
43.028813,-87.898684
43.02052996,-87.8968361
43.0196801,-87.8966465
43.01856543,-87.89639783
43.01748572,-87.89615695
43.015814,-87.895784
43.01152122,-87.89351107
43.00364667,-87.88934168
43.00318065,-87.88909493
43.00263056,-87.88880367
43.00071506,-87.88778946
43.00055192,-87.88770308
43.000514,-87.887683
42.992415,-87.878683
42.978015,-87.857182
42.962015,-87.845181
42.95884754,-87.84473859
42.95237523,-87.84383459
42.95051877,-87.84357529
42.94486474,-87.84278558
42.94467857,-87.84275958
42.944116,-87.842681
42.92368844,-87.84457827
42.90075645,-87.84670815
42.8895954,-87.84774476
42.889216,-87.84778
42.88425597,-87.84581104
42.856717,-87.834879
42.84988585,-87.83117564
42.84222241,-87.82702108
42.83914382,-87.82535209
42.83664915,-87.82399965
42.835318,-87.823278
42.8343708,-87.82232422
42.81620536,-87.80403269
42.81594768,-87.80377322
42.8084277,-87.79620104
42.806218,-87.793976
42.8036906,-87.78995252
42.80139083,-87.7862914
42.80116763,-87.78593608
42.79348095,-87.77369929
42.79338755,-87.77362287
42.78489584,-87.7666751
42.773719,-87.769774
42.771687,-87.77133994
42.76378139,-87.77743234
42.762819,-87.778174
42.76055587,-87.77877351
42.75297253,-87.78078234
42.75208975,-87.78101619
42.74856964,-87.78194866
42.747719,-87.782174
42.74584727,-87.78184888
42.74473337,-87.78165539
42.74465627,-87.781642
42.74287861,-87.78133321
42.73248175,-87.77952726
42.72843187,-87.77882378
42.727299,-87.778627
42.71867888,-87.78031985
42.71000756,-87.78202276
42.708219,-87.782374
42.70516433,-87.78348854
42.70372009,-87.7840155
42.700819,-87.785074
42.700719,-87.786774
42.689919,-87.794874
42.67665105,-87.80237725
42.67576843,-87.80287639
42.67556861,-87.80298939
42.67550086,-87.8030277
42.675419,-87.803074
42.67527553,-87.803127
42.66906697,-87.80542068
42.66812753,-87.80576775
42.66457124,-87.80708158
42.65699668,-87.80987992
42.6569816,-87.80988548
42.65295947,-87.81137141
42.64734544,-87.81344546
42.64402,-87.814674
42.61732679,-87.81940684
42.61582,-87.819674
42.60662,-87.819374
42.59604536,-87.81573632
42.59412,-87.815074
42.58732,-87.810873
42.58480908,-87.81161698
42.58057588,-87.81287126
42.57922,-87.813273
42.57675887,-87.81322318
42.57276819,-87.8131424
42.57242431,-87.81313544
42.55835198,-87.81285057
42.55210449,-87.8127241
42.54756205,-87.81263215
42.52982,-87.812273
42.51482,-87.809672
42.49192,-87.800477
42.49192,-87.800561
42.49192,-87.815872
42.492307,-87.843594
42.49302,-87.900242
42.494019,-87.971279
42.494519,-87.99018
42.495319,-88.049782
42.496219,-88.115285
42.49601753,-88.19953146
42.496016,-88.200172
42.495923,-88.2169
42.495823,-88.25009
42.494818,-88.271691
42.4947727,-88.304692
42.494618,-88.417396
42.494618,-88.461397
42.49467156,-88.47059669
42.494883,-88.506912
42.495043,-88.638653
42.49358705,-88.70737771
42.493587,-88.70738
42.492068,-88.76536
42.49202362,-88.77649314
42.491983,-88.786681
42.49504594,-88.94038798
42.495046,-88.940391
42.495114,-88.943264
42.496025,-88.992659
42.49602594,-88.99297702
42.496087,-89.013667
42.496097,-89.013804
42.496255,-89.042898
42.496208,-89.071141
42.496499,-89.099012
42.49691,-89.116949
42.496992,-89.120365
42.496957,-89.125111
42.497347,-89.164905
42.497256,-89.166728
42.497957,-89.22627
42.498047,-89.228279
42.49813,-89.246972
42.497994,-89.250759
42.498853,-89.290896
42.500012,-89.361561
42.500274,-89.366031
42.50043293,-89.40141639
42.500433,-89.401432
42.500589,-89.420991
42.50068,-89.422567
42.500818,-89.423926
42.500726,-89.425162
42.501426,-89.4843
42.501514,-89.492612
42.501514,-89.493216
42.501889,-89.522542
42.502628,-89.564407
42.503468,-89.594779
42.503672,-89.600001
42.503557,-89.603523
42.503942,-89.61341
42.50452,-89.644176
42.504613,-89.650324
42.50496,-89.667596
42.505191,-89.690088
42.505099,-89.693487
42.505382,-89.742395
42.505322,-89.769643
42.505349,-89.780302
42.505466,-89.793957
42.505421,-89.799704
42.505444,-89.801897
42.50554263,-89.83758746
42.50578759,-89.92622398
42.505788,-89.926374
42.505787,-89.926484
42.505626,-89.955291
42.506464,-89.985072
42.506431,-89.985645
42.506755,-89.997213
42.506914,-89.999314
42.507127,-90.017028
42.507288,-90.018665
42.508275,-90.07367
42.50816,-90.093026
42.507885,-90.095004
42.508151,-90.142922
42.508272,-90.164363
42.508068,-90.181572
42.507747,-90.206073
42.507765,-90.22319
42.507521,-90.250622
42.50734,-90.253121
42.507642,-90.267143
42.507726,-90.269335
42.507531,-90.272864
42.507469,-90.303823
42.507048,-90.362652
42.507114,-90.367874
42.507111,-90.370673
42.506891,-90.405927
42.50705943,-90.42637794
42.507147,-90.437011
42.507484,-90.474955
42.507416,-90.479446
42.507624,-90.491716
42.507573,-90.532254
42.507707,-90.544347
42.507713,-90.544799
42.507691,-90.551165
42.507509,-90.555862
42.5076,-90.565441
42.508053,-90.614589
42.508077,-90.617731
42.508302,-90.640927
42.513202,-90.636927
42.518702,-90.636727
42.527701,-90.640627
42.540401,-90.643927
42.5441,-90.645627
42.5499,-90.654127
42.5579,-90.659127
42.567999,-90.661527
42.576599,-90.672727
42.579215,-90.677055
42.581503,-90.679375
42.589614,-90.685487
42.591774,-90.686975
42.594606,-90.687775
42.599198,-90.687999
42.610366,-90.692031
42.614509,-90.693999
42.622461,-90.700095
42.626445,-90.700856
42.630756,-90.702671
42.634169,-90.706303
42.636078,-90.709204
42.640758,-90.720209
42.643437,-90.731132
42.64556,-90.743677
42.649131,-90.760389
42.651443,-90.769495
42.652965,-90.778752
42.653888,-90.788226
42.655772,-90.797017
42.661662,-90.832702
42.663071,-90.84391
42.664822,-90.852497
42.668728,-90.867125
42.67247,-90.88743
42.67526218,-90.89689786
42.676254,-90.900261
42.682949,-90.9134
42.685406,-90.921155
42.6855,-90.923634
42.684128,-90.929881
42.683399,-90.937045
42.683844,-90.941567
42.685573,-90.949213
42.686778,-90.952415
42.693233,-90.965048
42.695249,-90.974237
42.696816,-90.977735
42.698932,-90.980578
42.708724,-90.988776
42.713704,-90.995536
42.716189,-91.000128
42.720123,-91.009577
42.719229,-91.015687
42.719566,-91.017239
42.724228,-91.026786
42.726774,-91.029692
42.729684,-91.030718
42.73255,-91.030984
42.734484,-91.032013
42.73734,-91.035418
42.738478,-91.039383
42.738605,-91.044139
42.737167,-91.046571
42.736905,-91.049972
42.737001,-91.051275
42.738238,-91.053733
42.740529,-91.054801
42.744686,-91.05481
42.747341,-91.056297
42.749246,-91.058091
42.750481,-91.060172
42.750914,-91.06468
42.753387,-91.065783
42.757081,-91.065492
42.757273,-91.06312
42.757974,-91.061432
42.759986,-91.060129
42.761847,-91.060261
42.763947,-91.063254
42.769628,-91.069549
42.775502,-91.070716
42.783004,-91.071138
42.787732,-91.072447
42.795466,-91.075481
42.806526,-91.078097
42.820309,-91.079314
42.827678,-91.078665
42.829977,-91.08277
42.829237,-91.090136
42.830813,-91.09406
42.834966,-91.095114
42.84986,-91.091402
42.851225,-91.091837
42.85532,-91.095329
42.859871,-91.097656
42.864421,-91.09882
42.875798,-91.098238
42.883078,-91.100565
42.885971,-91.104051
42.891149,-91.112158
42.894672,-91.115512
42.895837,-91.117411
42.903772,-91.138
42.90467,-91.143375
42.905964,-91.144706
42.90798,-91.14556
42.90985,-91.146177
42.912338,-91.146182
42.914967,-91.145868
42.920646,-91.143878
42.922877,-91.1438
42.926592,-91.144315
42.930378,-91.145517
42.940244,-91.149784
42.941955,-91.14988
42.946554,-91.14909
42.95651,-91.14554
42.958211,-91.14543
42.963345,-91.14655
42.966155,-91.148001
42.970514,-91.150906
42.975774,-91.155519
42.978226,-91.156562
42.98783,-91.156743
42.98816987,-91.15681265
42.991475,-91.15749
43.019426,-91.168283
43.038713,-91.174692
43.062044,-91.178087
43.064206,-91.177894
43.067427,-91.179457
43.070578,-91.178761
43.072983,-91.177264
43.080247,-91.177222
43.103771,-91.175193
43.118733,-91.177728
43.124982,-91.178251
43.128875,-91.177932
43.131846,-91.177003
43.134665,-91.175253
43.137384,-91.170372
43.140575,-91.160449
43.142945,-91.1562
43.152405,-91.1462
43.156413,-91.143283
43.163537,-91.141356
43.169993,-91.138649
43.173422,-91.135917
43.174405,-91.134173
43.187886,-91.124428
43.193536,-91.123896
43.197255,-91.12217
43.200366,-91.119115
43.202908,-91.113749
43.206578,-91.107931
43.221891,-91.087456
43.228259,-91.079278
43.235164,-91.071857
43.239293,-91.066398
43.243165,-91.062562
43.248566,-91.059684
43.253968,-91.05791
43.255366,-91.057918
43.257679,-91.058644
43.259074,-91.05975
43.259952,-91.061798
43.260272,-91.069937
43.261014,-91.071698
43.262129,-91.072649
43.264363,-91.072782
43.268193,-91.071574
43.271392,-91.071724
43.274746,-91.07371
43.282773,-91.079875
43.29187,-91.085652
43.313645,-91.107237
43.319332,-91.117661
43.32635,-91.129121
43.32803,-91.132813
43.329757,-91.137343
43.334826,-91.154806
43.340967,-91.171055
43.345926,-91.181115
43.347602,-91.188014
43.349103,-91.201847
43.349852,-91.203964
43.352524,-91.20662
43.365874,-91.21477
43.368006,-91.21499
43.370097,-91.21336
43.373659,-91.207367
43.374976,-91.206072
43.378887,-91.204831
43.38593,-91.200701
43.389835,-91.198953
43.395334,-91.19767
43.399223,-91.198048
43.403032,-91.199408
43.408486,-91.200527
43.412701,-91.200359
43.415903,-91.201224
43.419805,-91.203144
43.4229485,-91.20555065
43.425031,-91.207145
43.445537,-91.22875
43.450952,-91.232276
43.455168,-91.233367
43.457784,-91.233187
43.460018,-91.232241
43.462607,-91.229503
43.465525,-91.224586
43.471306,-91.220399
43.481142,-91.216035
43.484798,-91.215282
43.491008,-91.217615
43.497228,-91.21827
43.50055,-91.217706
43.508104,-91.217876
43.512474,-91.217353
43.514434,-91.218292
43.517892,-91.222613
43.521595,-91.230027
43.523967,-91.232941
43.53293,-91.236725
43.540309,-91.243183
43.54562,-91.244093
43.54913,-91.24382
43.550722,-91.243214
43.554995,-91.240649
43.561781,-91.234432
43.564842,-91.232812
43.575595,-91.23149
43.581822,-91.231865
43.583533,-91.232707
43.585529,-91.234499
43.58976,-91.239109
43.600363,-91.252926
43.603484,-91.258267
43.606175,-91.261631
43.609977,-91.265091
43.615348,-91.268748
43.627352,-91.268457
43.638203,-91.263178
43.64176,-91.262397
43.647662,-91.263856
43.649141,-91.265051
43.65308,-91.270767
43.654929,-91.271749
43.666623,-91.273252
43.676609,-91.272741
43.695652,-91.267792
43.709824,-91.268455
43.713947,-91.266538
43.71949,-91.261316
43.723426,-91.258756
43.72566082,-91.25777342
43.729849,-91.255932
43.733533,-91.254903
43.744876,-91.255431
43.773046,-91.243955
43.774667,-91.244135
43.792166,-91.262436
43.800366,-91.264436
43.804166,-91.267436
43.813766,-91.272037
43.818566,-91.273037
43.824866,-91.275737
43.837741,-91.277695
43.842738,-91.281968
43.847065,-91.284138
43.852733,-91.291002
43.855165,-91.296739
43.856555,-91.298815
43.859515,-91.301302
43.867381,-91.310991
43.875757,-91.313037
43.881808,-91.31531
43.888491,-91.320605
43.893435,-91.328143
43.897664,-91.338141
43.902697,-91.342335
43.910074,-91.346271
43.911964,-91.347741
43.914545,-91.351688
43.916564,-91.356741
43.917231,-91.357426
43.926563,-91.363242
43.934884,-91.364736
43.937463,-91.366642
43.944289,-91.375142
43.954239,-91.385785
43.959409,-91.395086
43.963929,-91.406011
43.965148,-91.407395
43.970892,-91.410555
43.973411,-91.412491
43.982631,-91.424134
43.984322,-91.42518798
43.985113,-91.425681
43.9885,-91.42672
43.993888,-91.429878
43.996827,-91.432522
43.999962,-91.43738
44.001501,-91.440536
44.006301,-91.457378
44.009041,-91.463515
44.00948,-91.468472
44.00803,-91.478498
44.008145,-91.48087
44.012536,-91.494988
44.016856,-91.502163
44.01898,-91.507121
44.021433,-91.524315
44.021433,-91.533778
44.022226,-91.547028
44.025315,-91.559004
44.026901,-91.573283
44.026925,-91.580019
44.027381,-91.582604
44.031372,-91.59207
44.034965,-91.597617
44.043681,-91.60355
44.047357,-91.607339
44.04931,-91.610487
44.051598,-91.615375
44.054106,-91.623784
44.055807,-91.6279
44.060364,-91.633365
44.063285,-91.638115
44.063679,-91.640535
44.062711,-91.6434
44.062782,-91.644717
44.064109,-91.647873
44.068634,-91.652247
44.071409,-91.657
44.074203,-91.659511
44.08091,-91.663442
44.085041,-91.665263
44.086964,-91.667006
44.0974,-91.68153
44.098419,-91.685748
44.097858,-91.691281
44.09857,-91.69531
44.103906,-91.707491
44.105186,-91.708207
44.110929,-91.708082
44.117565,-91.709476
44.12048,-91.710597
44.128853,-91.719097
44.130342,-91.721552
44.1329,-91.730648
44.134786,-91.751747
44.136804,-91.756719
44.143508,-91.768574
44.147539,-91.774486
44.154335,-91.796669
44.159262,-91.808064
44.164235,-91.817302
44.17835,-91.829167
44.180308,-91.832479
44.184878,-91.844754
44.19300315,-91.85839294
44.196574,-91.864387
44.199167,-91.872369
44.200575,-91.875158
44.202728,-91.876056
44.209575,-91.876356
44.212921,-91.877429
44.216555,-91.880265
44.226286,-91.88979
44.231105,-91.892698
44.235149,-91.892963
44.246398,-91.887905
44.251772,-91.88704
44.254171,-91.887824
44.25606,-91.889132
44.262871,-91.896008
44.265447,-91.89676
44.273008,-91.895652
44.27469,-91.896388
44.277172,-91.898697
44.281614,-91.905789
44.286496,-91.920282
44.287811,-91.922205
44.291815,-91.924613
44.294819,-91.924975
44.297095,-91.924102
44.301069,-91.921028
44.30823,-91.91436
44.310392,-91.913574
44.311392,-91.913534
44.318094,-91.916191
44.322671,-91.918625
44.333548,-91.92559
44.335473,-91.928224
44.340978,-91.941311
44.348796,-91.949599
44.352982,-91.95282
44.359404,-91.959523
44.362112,-91.9636
44.365842,-91.970266
44.367516,-91.974922
44.368372,-91.978574
44.368448,-91.983974
44.369119,-91.987289
44.3718,-91.993984
44.374966,-92.000165
44.377118,-92.002838
44.378825,-92.006179
44.379626,-92.008589
44.381217,-92.019313
44.388731,-92.038147
44.394398,-92.046285
44.401375,-92.053549
44.402729,-92.056486
44.404124,-92.061637
44.404017,-92.072267
44.404869,-92.078605
44.40718878,-92.08363983
44.408848,-92.087241
44.411464,-92.097415
44.413948,-92.111085
44.416056,-92.115296
44.420572,-92.121106
44.422115,-92.124513
44.424673,-92.139569
44.427208,-92.162454
44.428598,-92.17028
44.433792,-92.195378
44.438503,-92.215163
44.440386,-92.221083
44.445434,-92.232472
44.449417,-92.237325
44.454254,-92.24201
44.456842,-92.244884
44.459524,-92.249071
44.465149,-92.262476
44.473649,-92.276784
44.477707,-92.282364
44.485464,-92.291005
44.492732,-92.297122
44.500298,-92.302215
44.503601,-92.302961
44.516487,-92.302466
44.518646,-92.303046
44.519822,-92.303527
44.524475,-92.307957
44.528756,-92.310827
44.538014,-92.314071
44.54096614,-92.31622767
44.542512,-92.317357
44.54494,-92.319938
44.550895,-92.329013
44.554004,-92.336114
44.557149,-92.347567
44.558935,-92.361518
44.559182,-92.368298
44.557697,-92.38904
44.558292,-92.399281
44.560359,-92.415089
44.562041,-92.420702
44.564602,-92.425774
44.565786,-92.431101
44.5655,-92.433256
44.562833,-92.440745
44.561886,-92.455105
44.565036,-92.470209
44.568276,-92.481001
44.568067,-92.48474
44.566205,-92.490472
44.566063,-92.493808
44.570325,-92.508759
44.571801,-92.512564
44.575183,-92.518358
44.5752,-92.520878
44.573554,-92.527337
44.567258,-92.540551
44.566986,-92.544346
44.567792,-92.54806
44.568988,-92.549957
44.571607,-92.55151
44.573449,-92.551182
44.576,-92.549685
44.577704,-92.54928
44.58113,-92.549777
44.594956,-92.560796
44.60177,-92.567226
44.603539,-92.569434
44.604649,-92.572943
44.605054,-92.577148
44.603939,-92.57885
44.600863,-92.581591
44.599861,-92.584711
44.600088,-92.586216
44.601698,-92.588797
44.605936,-92.590467
44.612052,-92.601516
44.612433,-92.607141
44.61173,-92.614569
44.61287,-92.618025
44.615017,-92.621456
44.618224,-92.623163
44.620713,-92.623348
44.623518,-92.622571
44.629214,-92.619774
44.634195,-92.619779
44.638983,-92.621733
44.649027,-92.632105
44.65804,-92.655807
44.660884,-92.660988
44.66338,-92.664699
44.682096,-92.686511
44.689436,-92.696491
44.693751,-92.700948
44.701085,-92.713198
44.71367064,-92.732042
44.717155,-92.737259
44.72212,-92.7502
44.722767,-92.7542
44.723829,-92.75699
44.729604,-92.766054
44.737432,-92.787906
44.745167,-92.802402
44.74579711,-92.80257941
44.746847,-92.802875
44.748433,-92.804035
44.750364,-92.807317
44.75147,-92.807988
44.758909,-92.807362
44.768361,-92.805287
44.777379,-92.800313
44.782056,-92.796039
44.787794,-92.788776
44.792303,-92.785206
44.798131,-92.782963
44.809408,-92.781498
44.812589,-92.78043
44.821424,-92.772663
44.823067,-92.771902
44.826337,-92.772663
44.828046,-92.772266
44.8318,-92.769367
44.834966,-92.766102
44.837186,-92.765278
44.84107,-92.765278
44.854368,-92.768574
44.86199683,-92.76909048
44.86202865,-92.76909263
44.862167,-92.769102
44.866767,-92.767102
44.872129,-92.763706
44.874167,-92.763402
44.875905,-92.764133
44.882967,-92.769603
44.889997,-92.773946
44.892797,-92.774907
44.898084,-92.774571
44.900083,-92.774022
44.901367,-92.773103
44.906904,-92.761341
44.907857,-92.759556
44.908979,-92.758701
44.911214,-92.757557
44.937299,-92.750645
44.941567,-92.750802
44.955767,-92.754603
44.964979,-92.760701
44.968084,-92.767218
44.969839,-92.768545
44.97215,-92.769445
44.978967,-92.770304
44.983327,-92.770346
44.988195,-92.769049
44.994131,-92.770834
45.001378,-92.771231
45.009115,-92.768118
45.020551,-92.762533
45.022467,-92.761904
45.02432,-92.76206
45.028767,-92.764604
45.033803,-92.770362
45.039327,-92.778815
45.043516,-92.78791
45.047178,-92.793282
45.050648,-92.797081
45.057423,-92.802056
45.060978,-92.803079
45.065403,-92.802911
45.067555,-92.802163
45.069477,-92.800851
45.079647,-92.791528
45.089138,-92.77401
45.09573,-92.765602
45.103146,-92.754387
45.107051,-92.746749
45.108309,-92.744938
45.113396,-92.740509
45.115598,-92.739584
45.116515,-92.739528
45.118454,-92.740611
45.119918,-92.742925
45.123112,-92.745694
45.138117,-92.749427
45.151866,-92.756807
45.155466,-92.757707
45.160519,-92.757775
45.165166,-92.756907
45.171772,-92.752542
45.173916,-92.752404
45.182812,-92.764872
45.185466,-92.766808
45.190166,-92.767408
45.195111,-92.766932
45.204866,-92.763908
45.207166,-92.762108
45.209566,-92.758008
45.212766,-92.754008
45.218666,-92.751708
45.221051,-92.752192
45.222905,-92.753931
45.225949,-92.755732
45.230526,-92.757456
45.238308,-92.757503
45.2496,-92.760249
45.253407,-92.758907
45.256733,-92.755199
45.261666,-92.751709
45.26591,-92.751659
45.269565,-92.752666
45.274822,-92.758022
45.278827,-92.760615
45.284938,-92.761868
45.287013,-92.761868
45.289028,-92.761013
45.290965,-92.75871
45.29298,-92.750819
45.29584358,-92.74557466
45.300459,-92.737122
45.304224,-92.732594
45.309288,-92.727737
45.321302,-92.709968
45.326526,-92.704794
45.333716,-92.699956
45.336374,-92.698967
45.339364,-92.69892
45.342421,-92.699524
45.35366,-92.704054
45.35633,-92.703705
45.358472,-92.70272
45.363529,-92.696499
45.37271,-92.679193
45.373604,-92.678223
45.376201,-92.678756
45.380137,-92.676961
45.389111,-92.669505
45.393309,-92.664102
45.396058,-92.658486
45.398507,-92.650422
45.403308,-92.65057
45.407423,-92.648157
45.413227,-92.646676
45.414265,-92.646943
45.416408,-92.649467
45.419168,-92.650269
45.429618,-92.649152
45.437929,-92.646768
45.441635,-92.646602
45.454527,-92.652698
45.455346,-92.653549
45.458278,-92.661131
45.462864,-92.677219
45.464344,-92.680234
45.472271,-92.686793
45.476273,-92.691619
45.482882,-92.695212
45.493046,-92.702224
45.503281,-92.71189
45.506676,-92.715814
45.512223,-92.724337
45.514462,-92.726677
45.518811,-92.727744
45.525652,-92.728023
45.536744,-92.72465
45.538617,-92.724762
45.541112,-92.726082
45.553016,-92.745591
45.557499,-92.756906
45.563592,-92.764574
45.566939,-92.770223
45.568235,-92.773412
45.568478,-92.775988
45.567888,-92.785741
45.566915,-92.790143
45.562854,-92.801503
45.561122,-92.812083
45.560934,-92.823309
45.563096,-92.834156
45.566135,-92.843783
45.566515,-92.846447
45.567581,-92.871082
45.573409,-92.881136
45.575483,-92.883749
45.578818,-92.884954
45.589831,-92.883277
45.594881,-92.886421
45.598679,-92.886442
45.605001,-92.8849
45.610216,-92.882529
45.613738,-92.88297
45.61976,-92.886669
45.624959,-92.888035
45.628377,-92.888114
45.633403,-92.886827
45.636777,-92.886963
45.639006,-92.887929
45.644148,-92.887067
45.646017,-92.885711
45.65487,-92.883987
45.659471,-92.882504
45.665606,-92.878932
45.675289,-92.876891
45.689014,-92.875488
45.696757,-92.870145
45.697272,-92.870025
45.699774,-92.871775
45.711993,-92.868862
45.715142,-92.869689
45.717568,-92.869193
45.720623,-92.865688
45.722241,-92.862598
45.723152,-92.853405
45.723831,-92.850933
45.724376,-92.850537
45.727576,-92.850388
45.728751,-92.848851
45.729163,-92.843079
45.730024,-92.841051
45.732802,-92.835917
45.73312,-92.830685
45.733714,-92.828981
45.73665,-92.826013
45.742037,-92.816559
45.742709,-92.812939
45.744172,-92.809837
45.747493,-92.805348
45.749805,-92.803971
45.751888,-92.80263
45.753654,-92.798645
45.764196,-92.784621
45.773062,-92.781373
45.782563,-92.779617
45.790014,-92.776496
45.79523,-92.772065
45.79801,-92.76843
45.801258,-92.761833
45.803965,-92.75901
45.806574,-92.757815
45.811216,-92.757947
45.815475,-92.760023
45.817928,-92.761889
45.824859,-92.764906
45.827252,-92.765681
45.830183,-92.765146
45.833861,-92.761712
45.835341,-92.759458
45.840717,-92.74918
45.841455,-92.745557
45.846283,-92.739991
45.84758,-92.739278
45.859129,-92.736117
45.863356,-92.736484
45.868108,-92.734039
45.883805,-92.721128
45.891705,-92.712503
45.894901,-92.707702
45.896155,-92.703265
45.896451,-92.698983
45.903939,-92.683924
45.90637,-92.676607
45.907478,-92.675737
45.91093,-92.676807
45.912072,-92.676167
45.916247,-92.670352
45.922937,-92.659549
45.924442,-92.656125
45.924555,-92.639116
45.925971,-92.638474
45.932478,-92.640115
45.933541,-92.639936
45.934166,-92.638824
45.934634,-92.636316
45.932404,-92.62926
45.932682,-92.627723
45.935186,-92.62272
45.934529,-92.614314
45.938112,-92.608329
45.940815,-92.60246
45.941773,-92.590138
45.94625,-92.580565
45.948103,-92.574892
45.948146,-92.569764
45.951006,-92.561256
45.951651,-92.551933
45.95224,-92.551186
45.957039,-92.549858
45.960759,-92.550672
45.967986,-92.549806
45.969056,-92.548459
45.970118,-92.545682
45.977818,-92.537709
45.981918,-92.530516
45.983245,-92.527052
45.984203,-92.522032
45.983917,-92.519488
45.979995,-92.502535
45.97556,-92.490996
45.975872,-92.484633
45.973992,-92.479478
45.972952,-92.472761
45.973811,-92.469354
45.976267,-92.464481
45.979427,-92.46126
45.980216,-92.461138
45.981507,-92.463429
45.982423,-92.464173
45.985038,-92.464512
45.98785,-92.462477
45.990243,-92.456494
45.992913,-92.453373
45.996171,-92.453635
45.997782,-92.452952
46.000441,-92.451627
46.002252,-92.44963
46.009161,-92.444294
46.011777,-92.444356
46.016177,-92.442259
46.021232,-92.435627
46.024241,-92.428555
46.026769,-92.420696
46.027259,-92.410649
46.02663,-92.408259
46.01954,-92.392681
46.017034,-92.381707
46.014198,-92.372717
46.013103,-92.362141
46.013413,-92.357965
46.015685,-92.35176
46.016982,-92.349977
46.01898,-92.350319
46.021888,-92.350004
46.023624,-92.349281
46.025429,-92.346345
46.02743,-92.344244
46.028525,-92.343745
46.034541,-92.342429
46.040917,-92.343604
46.04299,-92.343459
46.045424,-92.341278
46.050111,-92.33859
46.052149,-92.338239
46.059422,-92.335335
46.062697,-92.332912
46.065216,-92.329806
46.06618,-92.327868
46.069289,-92.319329
46.07241,-92.306756
46.072989,-92.298638
46.07437707,-92.294033
46.078346,-92.294069
46.113824,-92.29353
46.157321,-92.29370558
46.166838,-92.293744
46.180073,-92.293857
46.224578,-92.293558
46.244043,-92.293619
46.295129,-92.293074
46.297987,-92.293007
46.304319,-92.29284
46.307107,-92.292839
46.313752,-92.29288
46.314628,-92.292803
46.319312,-92.292782
46.321894,-92.292999
46.41722,-92.29286
46.420876,-92.292847
46.431993,-92.292727
46.478761,-92.29251
46.495585,-92.292371
46.503997,-92.291976
46.604649,-92.291647
46.624941,-92.291597
46.663242,-92.292192
46.663308,-92.292192
46.666042,-92.292192
46.668142,-92.291292
46.667342,-92.287392
46.662842,-92.287092
46.660342,-92.286192
46.658841,-92.283692
46.658641,-92.278492
46.657441,-92.274392
46.652841,-92.272792
46.650741,-92.270592
46.651041,-92.265993
46.657141,-92.259692
46.658741,-92.256592
46.649241,-92.242493
46.650041,-92.235592
46.652941,-92.228492
46.652641,-92.223492
46.649841,-92.216392
46.649941,-92.212392
46.651941,-92.207092
46.655041,-92.202292
46.656641,-92.201592
46.658941,-92.202192
46.6590716,-92.20226631
46.664741,-92.205492
46.666941,-92.204092
46.670241,-92.199492
46.676741,-92.192492
46.678941,-92.187592
46.680241,-92.181391
46.683441,-92.177591
46.686341,-92.176091
46.690241,-92.176491
46.691841,-92.177891
46.695241,-92.183091
46.696141,-92.198491
46.698341,-92.205192
46.702541,-92.205692
46.704041,-92.204691
46.70543225,-92.20242106
46.70575092,-92.20190114
46.705941,-92.201591
46.70598545,-92.20148118
46.70621172,-92.20092215
46.707641,-92.197391
46.711241,-92.193291
46.7154831,-92.19176384
46.71595545,-92.1915938
46.716241,-92.191491
46.717541,-92.189091
46.716741,-92.178891
46.717241,-92.174291
46.71887842,-92.17004584
46.71968484,-92.16795512
46.719941,-92.167291
46.71594,-92.155191
46.71514,-92.148691
46.71594,-92.146291
46.71841766,-92.14495892
46.71849562,-92.14491701
46.72524,-92.141291
46.72814,-92.143391
46.73464,-92.14329
46.73954,-92.13789
46.74864,-92.11659
46.74889884,-92.11224154
46.74910507,-92.10877688
46.74914,-92.10819
46.74924,-92.08949
46.708939,-92.03399
46.70562352,-92.02471952
46.704039,-92.020289
46.706469,-92.01529
46.705039,-92.007989
46.692739,-91.987889
46.686439,-91.973389
46.682539,-91.961889
46.679939,-91.942988
46.68227253,-91.9302606
46.690211,-91.886963
46.69081128,-91.87873014
46.6909104,-91.87737069
46.69099703,-91.87618256
46.69109491,-91.87484017
46.69169693,-91.86658347
46.69184951,-91.86449079
46.692362,-91.857462
46.689693,-91.840288
46.68990594,-91.83135542
46.690176,-91.820027
46.69060373,-91.81718478
46.69061671,-91.81709856
46.69098233,-91.8146691
46.69319184,-91.79998729
46.69342245,-91.79845496
46.69462367,-91.79047307
46.694675,-91.790132
46.69760435,-91.78192762
46.70592672,-91.75861878
46.709129,-91.74965
46.7093412,-91.74878684
46.71257519,-91.73563214
46.72698431,-91.67702095
46.72732851,-91.67562085
46.72931662,-91.66753393
46.73057246,-91.66242559
46.73100396,-91.66067039
46.73147883,-91.65873882
46.7329105,-91.65291527
46.73457471,-91.64614586
46.734733,-91.645502
46.73780155,-91.63691888
46.73811569,-91.6360402
46.73812837,-91.63600475
46.73843019,-91.6351605
46.73844922,-91.63510729
46.74192424,-91.62538721
46.75334513,-91.59344159
46.75359529,-91.59274186
46.75378789,-91.59220314
46.754331,-91.590684
46.75703725,-91.57663156
46.757488,-91.574291
46.75746637,-91.57401862
46.75726028,-91.57142298
46.75707387,-91.56907531
46.756155,-91.55750281
46.755674,-91.551445
46.75566602,-91.55140808
46.755153,-91.54305678
46.75481677,-91.53758338
46.754788,-91.537115
46.75492627,-91.53576409
46.75605196,-91.52476571
46.75677393,-91.51771174
46.757453,-91.511077
46.75761365,-91.51059458
46.75853786,-91.50781928
46.75861539,-91.50758645
46.75875732,-91.50716026
46.76112778,-91.50004199
46.761243,-91.499696
46.76575726,-91.49364339
46.76620984,-91.49303658
46.76661547,-91.49249272
46.766663,-91.492429
46.76673225,-91.49174365
46.76699687,-91.48912479
46.76708555,-91.48824707
46.76871735,-91.47209748
46.768911,-91.470181
46.76892303,-91.47012387
46.7695456,-91.46716779
46.77047099,-91.4627739
46.77325187,-91.44956978
46.773303,-91.449327
46.77758575,-91.43695546
46.78050395,-91.4285257
46.78120819,-91.42649138
46.78217,-91.423713
46.78964,-91.411799
46.791213,-91.398256
46.79104718,-91.39713951
46.7910204,-91.39695921
46.79091672,-91.39626114
46.79069443,-91.39476437
46.790205,-91.391469
46.79031643,-91.39077393
46.79105693,-91.38615469
46.79195108,-91.38057705
46.79374496,-91.36938693
46.793836,-91.368819
46.79454481,-91.36749781
46.79487184,-91.36688825
46.79536217,-91.36597428
46.79559723,-91.36553615
46.79573636,-91.36527682
46.79661234,-91.36364404
46.798136,-91.360804
46.7996123,-91.35943396
46.80403481,-91.35532975
46.807417,-91.352191
46.817704,-91.33825
46.81796858,-91.33757021
46.82073469,-91.33046312
46.82074623,-91.33043347
46.82136342,-91.32884768
46.82245423,-91.32604503
46.82394986,-91.32220222
46.82441404,-91.3210096
46.82672926,-91.31506098
46.826825,-91.314815
46.829007,-91.30704961
46.82944602,-91.30548721
46.82972006,-91.30451196
46.829978,-91.30359397
46.830343,-91.302295
46.83038416,-91.30187857
46.83160372,-91.28954108
46.8326894,-91.27855799
46.83389077,-91.26640444
46.833944,-91.265866
46.83396012,-91.26581581
46.83463182,-91.26372494
46.8347218,-91.26344485
46.83683319,-91.2568725
46.836887,-91.256705
46.83698942,-91.25656278
46.841135,-91.250806
46.84253128,-91.24947081
46.85480922,-91.23773012
46.85736783,-91.23528346
46.860035,-91.232733
46.86361,-91.226796
46.8661371,-91.21488608
46.86682443,-91.21164678
46.86669624,-91.21111264
46.86583494,-91.20752387
46.85972662,-91.20483923
46.858816,-91.204439
46.854017,-91.200107
46.844259,-91.178292
46.84472738,-91.16829712
46.84476,-91.167601
46.85541428,-91.1561082
46.86290636,-91.14802647
46.863082,-91.147837
46.870301,-91.144266
46.87057621,-91.14387681
46.87059523,-91.14384992
46.87310456,-91.14030139
46.873201,-91.140165
46.87314829,-91.13975751
46.87249,-91.134668
46.87104261,-91.13377155
46.870341,-91.133337
46.86934795,-91.13367363
46.86784291,-91.13418383
46.86624997,-91.13472383
46.86578443,-91.13488164
46.860975,-91.136512
46.85902304,-91.13497713
46.858986,-91.134948
46.85893462,-91.13473174
46.85627314,-91.12353045
46.856173,-91.123109
46.85654824,-91.11853995
46.85746943,-91.10732337
46.85762,-91.10549
46.86055965,-91.09877993
46.86074958,-91.0983464
46.86084673,-91.09812463
46.86109827,-91.09755046
46.86153,-91.096565
46.86296465,-91.09634213
46.864987,-91.09602795
46.87123366,-91.09505753
46.87271424,-91.09482752
46.8733826,-91.09472369
46.87404967,-91.09462006
46.87483722,-91.09449771
46.87742277,-91.09409604
46.879882,-91.093714
46.88267,-91.090916
46.8828768,-91.08872132
46.88322021,-91.08507702
46.883609,-91.080951
46.88012595,-91.07258445
46.87877158,-91.06933116
46.878309,-91.06822
46.87871042,-91.06619307
46.88067798,-91.05625805
46.881325,-91.052991
46.8830374,-91.05015303
46.8835931,-91.04923206
46.88360039,-91.04921999
46.88735806,-91.04299238
46.88923,-91.03989
46.893594,-91.036622
46.89552349,-91.03619282
46.89667949,-91.03593568
46.903053,-91.034518
46.90364171,-91.03344655
46.90415767,-91.03250753
46.90521517,-91.03058289
46.90882728,-91.02400893
46.90884527,-91.02397619
46.91018482,-91.02153823
46.91121148,-91.01966974
46.911502,-91.019141
46.91187164,-91.01804474
46.91187868,-91.01802386
46.91248102,-91.01623748
46.91249893,-91.01618437
46.91435197,-91.0106887
46.91525942,-91.00799742
46.9159761,-91.00587193
46.916203,-91.005199
46.91619197,-91.00489176
46.91618696,-91.00475223
46.915975,-90.998848
46.91636696,-90.99794297
46.91685113,-90.99682503
46.917577,-90.995149
46.92377641,-90.9870129
46.92468911,-90.98581508
46.925602,-90.984617
46.92766249,-90.98319164
46.93193672,-90.9802349
46.941304,-90.973755
46.94391,-90.968419
46.94378,-90.964865
46.94336908,-90.96407189
46.93846776,-90.95461182
46.938429,-90.954537
46.938283,-90.95386472
46.93824388,-90.95368455
46.93539377,-90.94056049
46.93137172,-90.92203995
46.931322,-90.921811
46.93143383,-90.92138193
46.93334623,-90.91404432
46.9334,-90.913838
46.94122053,-90.90865399
46.941305,-90.908598
46.95766111,-90.88035806
46.958088,-90.879621
46.95891012,-90.87732441
46.95896712,-90.87716519
46.95899325,-90.8770922
46.95910565,-90.87677821
46.95918935,-90.8765444
46.9593078,-90.87621349
46.95930879,-90.87621075
46.95938198,-90.87600629
46.959386,-90.87599505
46.95951506,-90.87563453
46.961129,-90.871126
46.962232,-90.855874
46.96204494,-90.85516547
46.95772788,-90.83881395
46.95750588,-90.8379731
46.957438,-90.837716
46.95737903,-90.8376169
46.95468599,-90.833091
46.9379874,-90.80502755
46.92701948,-90.786595
46.92696424,-90.78650216
46.92667164,-90.78601041
46.926431,-90.785606
46.9032962,-90.76009454
46.90263397,-90.75936429
46.89924744,-90.75562986
46.89827,-90.754552
46.89803722,-90.75438775
46.89568028,-90.75272461
46.89370233,-90.75132889
46.89330481,-90.75104839
46.893035,-90.750858
46.89264305,-90.75087137
46.89213584,-90.75088867
46.89029324,-90.75095152
46.887963,-90.751031
46.88786317,-90.75115091
46.88491458,-90.75469246
46.88488,-90.754734
46.88487514,-90.75475342
46.88323813,-90.76129477
46.88317,-90.761567
46.876296,-90.77017
46.87618385,-90.77024
46.858989,-90.780972
46.8589115,-90.78101084
46.84488563,-90.78803982
46.83691605,-90.79203372
46.83356584,-90.79371266
46.82961378,-90.79569321
46.82908657,-90.79595742
46.82812895,-90.79643732
46.82619994,-90.79740403
46.82392226,-90.79854548
46.823143,-90.798936
46.82162581,-90.80104127
46.82138891,-90.80136998
46.81569535,-90.80927041
46.80654547,-90.82196685
46.803858,-90.825696
46.80210983,-90.82633661
46.79934518,-90.8273497
46.797415,-90.828057
46.79641027,-90.82904782
46.79551303,-90.82993264
46.7953489,-90.83009449
46.7937769,-90.83164472
46.79036624,-90.83500817
46.79034597,-90.83502816
46.79005059,-90.83531944
46.789759,-90.835607
46.78927418,-90.84721381
46.78895244,-90.8549165
46.78892923,-90.85547211
46.7889178,-90.8557458
46.78889394,-90.85631693
46.788885,-90.856531
46.78871203,-90.85667676
46.78476939,-90.85999909
46.780565,-90.863542
46.77443258,-90.85972368
46.773985,-90.859445
46.77107855,-90.86087984
46.768135,-90.862333
46.76462603,-90.8663372
46.764408,-90.866586
46.76436073,-90.86669402
46.76090186,-90.87459836
46.76032125,-90.8759252
46.756341,-90.885021
46.74725543,-90.88344263
46.746987,-90.883396
46.74462235,-90.88209861
46.74375345,-90.88162187
46.73862895,-90.87881026
46.73777713,-90.87834289
46.73448698,-90.87653771
46.73428421,-90.87642646
46.73411528,-90.87633377
46.73357723,-90.87603857
46.73319474,-90.87582871
46.72550914,-90.87161191
46.72362276,-90.87057693
46.723293,-90.870396
46.72203936,-90.86946059
46.72089603,-90.86860749
46.72079413,-90.86853146
46.72044758,-90.86827288
46.72011452,-90.86802438
46.71453892,-90.86386413
46.71117333,-90.86135289
46.71056246,-90.86089709
46.70908825,-90.8597971
46.70882599,-90.85960142
46.70027971,-90.8532246
46.69986626,-90.8529161
46.699582,-90.852704
46.69943719,-90.8527306
46.69446433,-90.85364398
46.69357933,-90.85380653
46.693457,-90.853829
46.69336909,-90.85392738
46.69282229,-90.85453925
46.69268592,-90.85469185
46.68303307,-90.86549357
46.68280833,-90.86574506
46.68130863,-90.86742325
46.68095151,-90.86782288
46.68080986,-90.86798139
46.68045747,-90.86837571
46.680375,-90.868468
46.67944936,-90.87007855
46.67918872,-90.87053204
46.67906953,-90.87073942
46.67894494,-90.8709562
46.670374,-90.885869
46.67035282,-90.88594283
46.66731541,-90.89652938
46.66480689,-90.90527258
46.66472228,-90.90556745
46.66368701,-90.90917578
46.66353992,-90.90968846
46.663083,-90.911281
46.6629961,-90.91135298
46.65905399,-90.91461853
46.65841,-90.915152
46.6576151,-90.91536651
46.63743228,-90.92081307
46.637351,-90.920835
46.63649182,-90.92085005
46.63551464,-90.92086716
46.63160571,-90.92093562
46.631584,-90.920936
46.625417,-90.924487
46.62541459,-90.924489
46.62269786,-90.92674455
46.61682219,-90.93162278
46.61622274,-90.93212047
46.61491328,-90.93320764
46.60876821,-90.93830954
46.60839805,-90.93861686
46.608322,-90.93868
46.60301856,-90.94953186
46.602975,-90.949621
46.60224757,-90.95021493
46.60184485,-90.95054375
46.60077363,-90.95141838
46.600621,-90.951543
46.59982695,-90.95152817
46.597033,-90.951476
46.59351025,-90.9475721
46.59325262,-90.94728659
46.59313768,-90.94715922
46.58857296,-90.94210062
46.588419,-90.94193
46.58829331,-90.94137395
46.58823192,-90.94110234
46.58513171,-90.927387
46.58426671,-90.92356026
46.58423918,-90.92343848
46.58379706,-90.92148252
46.58355491,-90.92041126
46.58349183,-90.92013218
46.58344389,-90.91992011
46.58310349,-90.91841414
46.58308941,-90.91835188
46.58307,-90.918266
46.58301425,-90.91698226
46.582703,-90.909815
46.5834299,-90.90605832
46.583524,-90.905572
46.58551883,-90.9019182
46.58562408,-90.90172544
46.59096434,-90.89194405
46.59410228,-90.88619652
46.59469953,-90.88510257
46.59475189,-90.88500667
46.601223,-90.873154
46.601911,-90.86712
46.60296507,-90.86428364
46.60503072,-90.8587253
46.60574199,-90.85681137
46.60595272,-90.85624434
46.60601025,-90.85608952
46.60657315,-90.85457484
46.60701704,-90.85338041
46.60747306,-90.85215332
46.60757138,-90.85188875
46.60839069,-90.84968412
46.61079111,-90.84322493
46.61080461,-90.84318861
46.61122494,-90.84205757
46.61135477,-90.84170823
46.61299087,-90.83730571
46.61412313,-90.83425897
46.61501176,-90.8318678
46.61525019,-90.83122622
46.61570189,-90.83001076
46.61605148,-90.82907007
46.616066,-90.829031
46.624941,-90.794775
46.62593847,-90.79258291
46.63509705,-90.77245549
46.636127,-90.770192
46.6373618,-90.76838087
46.64622503,-90.75538083
46.646289,-90.755287
46.64632331,-90.75528926
46.66181977,-90.75631209
46.664591,-90.756495
46.669817,-90.74809
46.66996799,-90.74802604
46.68994258,-90.73956528
46.689981,-90.739549
46.692267,-90.73726
46.68418632,-90.72492395
46.67138086,-90.705375
46.664402,-90.694721
46.63998976,-90.65449675
46.63783654,-90.65094887
46.623839,-90.627885
46.61218617,-90.60764905
46.61165123,-90.60672009
46.61133859,-90.60617717
46.60755202,-90.59960152
46.60742152,-90.5993749
46.60539184,-90.59585022
46.60523811,-90.59558326
46.60311385,-90.59189432
46.60248994,-90.59081087
46.60243313,-90.59071222
46.599863,-90.586249
46.59754135,-90.58140762
46.59695777,-90.58019068
46.59658906,-90.57942179
46.58903437,-90.56366787
46.58821808,-90.56196564
46.58781563,-90.56112641
46.586384,-90.558141
46.58588019,-90.55622389
46.58413846,-90.54959628
46.58118197,-90.53834621
46.581081,-90.537962
46.5811434,-90.53782895
46.58585775,-90.52777595
46.58678993,-90.52578816
46.586926,-90.525498
46.58694856,-90.52533359
46.58731348,-90.52267423
46.58780327,-90.51910481
46.58781742,-90.51900169
46.58788485,-90.51851031
46.589614,-90.505909
46.58550879,-90.49735896
46.57661035,-90.47882593
46.57643917,-90.4784694
46.57548397,-90.47647998
46.57540464,-90.47631477
46.57527579,-90.4760464
46.574178,-90.47376
46.57373016,-90.47248335
46.5623651,-90.44008495
46.56169483,-90.43817421
46.561492,-90.437596
46.56150714,-90.437532
46.56174847,-90.4365115
46.56179514,-90.43631414
46.56215035,-90.4348121
46.56249199,-90.43336745
46.566094,-90.418136
46.563169,-90.41562
46.55732,-90.414596
46.55732,-90.414464
46.552246,-90.407775
46.547584,-90.405593
46.544384,-90.402019
46.544384,-90.400429
46.544384,-90.400041
46.542738,-90.398742
46.536317,-90.395568
46.533941,-90.395272
46.532615,-90.39332
46.533663,-90.387228
46.539212,-90.374461
46.540549,-90.369964
46.541434,-90.3616
46.540271,-90.357676
46.540591,-90.357014
46.540317,-90.355689
46.537553,-90.353534
46.537074,-90.35158
46.537337,-90.350121
46.53808,-90.349462
46.547083,-90.347514
46.552087,-90.344338
46.554076,-90.336921
46.553278,-90.331887
46.550262,-90.327548
46.548046,-90.328044
46.54615,-90.326686
46.545602,-90.324699
46.546287,-90.320428
46.539365,-90.310859
46.536852,-90.310329
46.528695,-90.311886
46.523784,-90.314434
46.521637,-90.317777
46.517319,-90.316983
46.516199,-90.313894
46.516199,-90.313839
46.517113,-90.312581
46.518392,-90.307716
46.518484,-90.306558
46.517432,-90.303546
46.51782,-90.298284
46.518848,-90.294411
46.519876,-90.294311
46.520972,-90.292854
46.518846,-90.285707
46.518868,-90.283423
46.522271,-90.27892
46.523847,-90.278356
46.524487,-90.277131
46.521127,-90.272599
46.519756,-90.271971
46.515416,-90.274721
46.51169,-90.270422
46.51075593,-90.27043213
46.50955951,-90.27055807
46.50823715,-90.270684
46.50735558,-90.27018025
46.50716667,-90.26848008
46.50735558,-90.26652803
46.50622213,-90.2651427
46.50508869,-90.2651427
46.5038293,-90.26526864
46.502777,-90.263018
46.502822,-90.260504
46.503483,-90.25865
46.504716,-90.25716
46.505357,-90.248194
46.504832,-90.246043
46.505245,-90.243395
46.507121,-90.236283
46.509842,-90.231587
46.509705,-90.230363
46.507992,-90.229402
46.504656,-90.230921
46.503354,-90.23102
46.501732,-90.230324
46.501573,-90.228735
46.50338,-90.222351
46.503403,-90.220532
46.501759,-90.216594
46.499947,-90.214866
46.498181,-90.214843
46.490351,-90.211753
46.478175,-90.204009
46.476074,-90.201727
46.472487,-90.193394
46.469015,-90.188996
46.468101,-90.188633
46.467004,-90.189426
46.465611,-90.192005
46.463143,-90.193294
46.460173,-90.190749
46.459054,-90.189162
46.456746,-90.180336
46.45309,-90.179212
46.440548,-90.17786
46.439656,-90.174556
46.439851,-90.166919
46.439311,-90.166909
46.437576,-90.166526
46.434605,-90.163422
46.422656,-90.158603
46.420485,-90.158241
46.413769,-90.158972
46.409291,-90.157851
46.401293,-90.152936
46.399258,-90.148347
46.397205,-90.146816
46.390255,-90.144359
46.384999,-90.13941
46.38221,-90.135253
46.382118,-90.133966
46.381249,-90.13225
46.374979,-90.134656
46.374947,-90.134663
46.371828,-90.133871
46.369199,-90.131036
46.366889,-90.126517
46.363603,-90.122923
46.362621,-90.122757
46.36125866,-90.12278505
46.36013872,-90.1222873
46.35972,-90.120973
46.359748,-90.119757
46.359755,-90.119691
46.359241,-90.118827
46.355153,-90.116844
46.350652,-90.116741
46.349487,-90.117466
46.34850371,-90.11972873
46.34642001,-90.1206143
46.3450656,-90.12019756
46.34418003,-90.11957245
46.34225261,-90.11879106
46.33970008,-90.11946827
46.338656,-90.121084
46.338131,-90.12138
46.337217,-90.121248
46.336852,-90.120489
46.29974989,-89.92915763
46.297741,-89.918798
46.296402,-89.90991
46.296037,-89.908196
46.268082,-89.764506
46.249797,-89.667617
46.243804,-89.638416
46.224119,-89.533801
46.216301,-89.495723
46.174116,-89.276883
46.174047,-89.276489
46.163319,-89.219964
46.162988,-89.218156
46.160408,-89.205657
46.16002,-89.203289
46.159426,-89.201283
46.157942,-89.194508
46.152868,-89.166887
46.151816,-89.161757
46.144531,-89.125136
46.138505,-89.09163
46.09732984,-88.99088491
46.097298,-88.990807
46.080205,-88.948698
46.077943,-88.943279
46.07360101,-88.93255814
46.040274,-88.85027
46.038858,-88.848464
46.037161,-88.847599
46.03305,-88.843903
46.031112,-88.840584
46.030176,-88.837991
46.03033,-88.835249
46.02962,-88.831544
46.026261,-88.820592
46.023924,-88.816489
46.022954,-88.815427
46.02232,-88.815629
46.021609,-88.811948
46.023737,-88.801761
46.023605,-88.79646
46.024864,-88.79579
46.026853,-88.796242
46.030036,-88.80067
46.033712,-88.796182
46.032057,-88.791796
46.032709,-88.784411
46.031869,-88.779221
46.031271,-88.778628
46.028875,-88.778734
46.024357,-88.783635
46.022984,-88.784007
46.020934,-88.783891
46.016558,-88.782104
46.015436,-88.779915
46.015931,-88.776187
46.018968,-88.769712
46.020571,-88.768692
46.02120097,-88.76830508
46.02164338,-88.76760987
46.02189618,-88.76710427
46.02214898,-88.76615625
46.02208578,-88.76520824
46.021943,-88.763767
46.019815,-88.760044
46.019542,-88.758618
46.020173,-88.756295
46.02246,-88.754033
46.023584,-88.752176
46.025798,-88.746422
46.027308,-88.739994
46.026535,-88.730675
46.024503,-88.724801
46.022013,-88.721125
46.018608,-88.721319
46.013284,-88.718397
46.012668,-88.713049
46.016303,-88.710328
46.018154,-88.704687
46.017903,-88.698716
46.015435,-88.691662
46.01416954,-88.68330344
46.013538,-88.679132
46.010567,-88.674606
46.005104,-88.671458
45.999957,-88.670115
45.999957,-88.670939
45.999026,-88.671267
45.995048,-88.667464
45.993242,-88.663923
45.9923972,-88.66360898
45.99133694,-88.66436
45.98983491,-88.66480177
45.98908389,-88.66369733
45.98873047,-88.66290214
45.98881882,-88.66131175
45.989287,-88.65776
45.98496,-88.6375
45.985119,-88.635598
45.987565,-88.634842
45.987999,-88.634055
45.988633,-88.623947
45.9877,-88.616405
45.988775,-88.614176
45.990627,-88.613063
45.99881,-88.611563
46.003332,-88.611466
46.010991,-88.607438
46.016181,-88.603965
46.017599,-88.60144
46.017623,-88.598093
46.015132,-88.59386
46.014447,-88.593302
46.01159,-88.592874
46.005602,-88.589755
46.005077,-88.589
46.006975,-88.58067
46.011799,-88.572995
46.013811,-88.571553
46.015708,-88.565485
46.014977,-88.554987
46.012896,-88.550756
46.013763,-88.541078
46.014791,-88.539011
46.018104,-88.534876
46.019932,-88.53353
46.020915,-88.533825
46.021212,-88.532414
46.020822,-88.526673
46.019518,-88.523131
46.019926,-88.514601
46.019169,-88.509516
46.0183,-88.507188
46.017134,-88.506205
46.013385,-88.505946
46.000457,-88.500133
46.000393,-88.498765
45.999012,-88.496898
45.998281,-88.496897
45.99636,-88.498108
45.995149,-88.497417
45.992157,-88.492495
45.990949,-88.486755
45.991797,-88.478984
45.992826,-88.476002
45.994655,-88.474036
45.996598,-88.475152
45.99877,-88.474695
46.001004,-88.470855
46.000685,-88.465542
45.999391,-88.458658
45.997518,-88.454361
45.996169,-88.453868
45.993426,-88.454261
45.990181,-88.450325
45.98977,-88.448751
45.990685,-88.443078
45.990456,-88.439733
45.988125,-88.435798
45.986205,-88.43406
45.984102,-88.426125
45.98193,-88.423437
45.98017,-88.422322
45.978547,-88.423044
45.976764,-88.420356
45.975323,-88.416914
45.975483,-88.414849
45.979139,-88.411077
45.979688,-88.409864
45.981194,-88.402848
45.980278,-88.399046
45.980391,-88.395308
45.982675,-88.388847
45.988113,-88.384318
45.990239,-88.385234
45.991654,-88.380183
45.968808,-88.334628
45.965951,-88.330137
45.964054,-88.328333
45.958934,-88.327872
45.956625,-88.330296
45.955071,-88.326953
45.9553,-88.326003
45.959963,-88.320531
45.960969,-88.316894
45.959369,-88.30952
45.956168,-88.300965
45.953767,-88.296968
45.951253,-88.295264
45.951115,-88.292381
45.955091,-88.283335
45.957486,-88.26839
45.959494,-88.259343
45.962739,-88.256455
45.963538,-88.254816
45.963147,-88.250133
45.963572,-88.250133
45.963663,-88.249117
45.962983,-88.246307
45.958726,-88.245937
45.956597,-88.246579
45.954147,-88.245752
45.952142,-88.244452
45.950363,-88.242518
45.948982,-88.239672
45.947405,-88.23314
45.947688,-88.227988
45.948712,-88.223773
45.948513,-88.222167
45.946976,-88.215025
45.944531,-88.211158
45.94428,-88.209585
45.945173,-88.201852
45.949836,-88.202116
45.953082,-88.197627
45.953311,-88.196316
45.95274,-88.191991
45.952208,-88.189789
45.947111,-88.178008
45.944897,-88.175532
45.941015,-88.172628
45.93947,-88.170096
45.93834,-88.163959
45.939043,-88.163105
45.939064,-88.158704
45.935314,-88.146352
45.934194,-88.146419
45.933646,-88.145928
45.930608,-88.141001
45.926153,-88.127428
45.924639,-88.126122
45.923214,-88.12743
45.922414,-88.127594
45.921499,-88.126382
45.92075,-88.121864
45.92114,-88.118507
45.92170286,-88.11684574
45.922211,-88.115346
45.922121,-88.104686
45.921869,-88.102908
45.917273,-88.096496
45.915175,-88.095409
45.913895,-88.095354
45.912362,-88.099172
45.91055,-88.101973
45.906847,-88.104576
45.904387,-88.105677
45.900811,-88.106136
45.897091,-88.105981
45.896593,-88.105447
45.883504,-88.101814
45.881205,-88.100218
45.880042,-88.095841
45.881186,-88.083965
45.880516,-88.081781
45.875593,-88.073944
45.871952,-88.073134
45.864832,-88.075146
45.863825,-88.077534
45.865087,-88.081641
45.864944,-88.08259
45.862443,-88.084985
45.857459,-88.087419
45.85586,-88.088825
45.850142,-88.098326
45.841072,-88.106622
45.839492,-88.109089
45.839196,-88.111726
45.837891,-88.114267
45.832995,-88.120723
45.829565,-88.122947
45.827173,-88.127808
45.823128,-88.13364
45.821694,-88.135067
45.819029,-88.13611
45.811312,-88.131834
45.809288,-88.129461
45.804079,-88.116024
45.803584,-88.109506
45.802668,-88.107506
45.800104,-88.105355
45.798839,-88.105518
45.797573,-88.106351
45.791361,-88.103247
45.790186,-88.099616
45.785658,-88.094047
45.784697,-88.08859
45.78495,-88.079764
45.784249,-88.078361
45.781606,-88.076375
45.780261,-88.072091
45.78071944,-88.058256
45.780972,-88.050634
45.782549,-88.048514
45.783718,-88.044697
45.786452,-88.040892
45.789236,-88.040221
45.789626,-88.039729
45.789816,-88.033568
45.789233,-88.031124
45.78919,-88.027228
45.790094,-88.0236
45.792455,-88.017588
45.792192,-88.007043
45.794091,-88.001593
45.795435,-87.995876
45.795393,-87.991447
45.794827,-87.989831
45.793075,-87.987942
45.782944,-87.982617
45.776977,-87.98087
45.775081,-87.981789
45.774696,-87.983392
45.774926,-87.985597
45.772945,-87.989829
45.772025,-87.989656
45.769596,-87.986429
45.767015,-87.976835
45.766319,-87.972451
45.764021,-87.96697
45.760794,-87.963996
45.759461,-87.964725
45.75822,-87.963452
45.757367,-87.959277
45.758414,-87.954459
45.757422,-87.944113
45.758094,-87.934585
45.760364,-87.92913
45.75959,-87.926611
45.756989,-87.921999
45.758297,-87.908933
45.75928,-87.907771
45.759364,-87.905873
45.759163,-87.904657
45.757932,-87.902707
45.756553,-87.901299
45.753497,-87.900005
45.752503,-87.898363
45.752285,-87.896032
45.754055,-87.891905
45.754779,-87.882261
45.754843,-87.879812
45.753888,-87.875813
45.750439,-87.873339
45.749477,-87.868111
45.745697,-87.864141
45.74309,-87.86305
45.74266,-87.863874
45.737139,-87.86432
45.726943,-87.85548
45.72215508,-87.84681695
45.716919,-87.837343
45.714938,-87.831442
45.711303,-87.812338
45.71023,-87.810144
45.706841,-87.805867
45.704974,-87.805081
45.703556,-87.805076
45.700337,-87.809181
45.699717,-87.809075
45.695796,-87.804993
45.693862,-87.80188
45.68718,-87.787727
45.683053,-87.782226
45.680349,-87.780808
45.675458,-87.780737
45.673934,-87.781007
45.67328,-87.781623
45.671334,-87.795355
45.67014,-87.798903
45.666494,-87.80329
45.662732,-87.823164
45.66192,-87.823868
45.659817,-87.823672
45.658012,-87.822425
45.656077,-87.822693
45.653211,-87.824676
45.647138,-87.824102
45.645589,-87.821818
45.643926,-87.817277
45.638732,-87.810194
45.628933,-87.804481
45.623613,-87.796983
45.622074,-87.796179
45.618846,-87.79588
45.616756,-87.792016
45.614599,-87.780845
45.609204,-87.777671
45.597797,-87.776238
45.588499,-87.777199
45.585682,-87.781255
45.58396,-87.785647
45.58283,-87.786767
45.581376,-87.787534
45.574906,-87.787292
45.567941,-87.788326
45.565947,-87.788798
45.564096,-87.790874
45.563055,-87.792372
45.562124,-87.797536
45.562863,-87.806104
45.565175,-87.813745
45.568776,-87.829346
45.568035,-87.831689
45.562529,-87.833591
45.559461,-87.832968
45.558767,-87.832296
45.55562,-87.827215
45.5521,-87.818791
45.548616,-87.813737
45.543523,-87.807159
45.538272,-87.80339
45.537016,-87.803364
45.534373,-87.804528
45.531244,-87.80472
45.524676,-87.804203
45.514233,-87.802267
45.506287,-87.798794
45.505028,-87.793215
45.499967,-87.792769
45.498372,-87.793447
45.494679,-87.796409
45.491468,-87.797824
45.486564,-87.798362
45.485147,-87.79896
45.479092,-87.806891
45.477031,-87.807388
45.47438,-87.805873
45.473139,-87.805773
45.467991,-87.811469
45.4661,-87.812971
45.464159,-87.812976
45.459955,-87.821057
45.458076,-87.82743
45.45502,-87.832456
45.453596,-87.833042
45.450877,-87.836008
45.448411,-87.844815
45.444177,-87.847429
45.441379,-87.855298
45.434473,-87.861697
45.433072,-87.86195
45.429584,-87.860127
45.423504,-87.860432
45.416101,-87.856216
45.413103,-87.85181
45.411685,-87.850533
45.409518,-87.849668
45.403872,-87.849322
45.401925,-87.850969
45.398967,-87.859131
45.397278,-87.859773
45.396409,-87.859603
45.393106,-87.85683
45.388227,-87.859418
45.385232,-87.864677
45.383116,-87.870905
45.381357,-87.873568
45.379373,-87.875424
45.377052,-87.875692
45.373557,-87.871789
45.371546,-87.871485
45.368535,-87.876862
45.362792,-87.884855
45.358122,-87.887828
45.354697,-87.888052
45.35311,-87.886949
45.351736,-87.88517
45.351278,-87.881114
45.35149,-87.879835
45.35428614,-87.87352854
45.3557287,-87.87168526
45.35701099,-87.87112426
45.35861384,-87.87128454
45.36005641,-87.87120441
45.36061741,-87.87024269
45.36053726,-87.8685597
45.36013655,-87.86703699
45.35821313,-87.86567456
45.35596913,-87.86527385
45.35476699,-87.86487314
45.35302,-87.863489
45.351192,-87.860871
45.350378,-87.858617
45.349497,-87.852784
45.347492,-87.850418
45.344651,-87.849899
45.342335,-87.851475
45.341346,-87.851318
45.340435,-87.850133
45.340676,-87.848368
45.345101,-87.838141
45.346451,-87.836782
45.35098,-87.835303
45.352249,-87.832612
45.352005,-87.829775
45.350538,-87.826918
45.350713,-87.824855
45.351637,-87.823554
45.35265,-87.823028
45.351269,-87.810076
45.353608,-87.800464
45.353444,-87.790324
45.352612,-87.787967
45.349725,-87.783076
45.351226,-87.773901
45.35121,-87.771384
45.351195,-87.769172
45.348401,-87.762128
45.349442,-87.754104
45.351755,-87.751452
45.354169,-87.751626
45.355037,-87.750928
45.358243,-87.738352
45.359635,-87.737801
45.364432,-87.733409
45.377462,-87.718891
45.381218,-87.708329
45.383827,-87.706767
45.385462,-87.704337
45.387927,-87.699797
45.389893,-87.693956
45.389822,-87.690281
45.388711,-87.685934
45.38495,-87.682866
45.382454,-87.675017
45.381649,-87.67455
45.378065,-87.674403
45.376946,-87.673513
45.368752,-87.657349
45.367295,-87.656624
45.362706,-87.655807
45.358617,-87.656632
45.354204,-87.653568
45.353798,-87.650661
45.352243,-87.648476
45.350721,-87.647729
45.345232,-87.647454
45.339396,-87.648126
45.330847,-87.655775
45.329144,-87.65983
45.327608,-87.661603
45.326434,-87.662029
45.321386,-87.6615
45.318257,-87.663666
45.317115,-87.665243
45.31636,-87.667423
45.307907,-87.675328
45.305841,-87.679085
45.298055,-87.687498
45.296283,-87.687578
45.29027,-87.690364
45.287675,-87.693468
45.281512,-87.698248
45.276659,-87.699492
45.272072,-87.698456
45.26942,-87.69878
45.267041,-87.703053
45.260341,-87.709137
45.258343,-87.707779
45.254649,-87.709145
45.245224,-87.71148
45.239965,-87.711339
45.239014,-87.712184
45.238564,-87.713398
45.238743,-87.717051
45.238333,-87.718264
45.233236,-87.724156
45.231539,-87.725205
45.229977,-87.72492
45.228444,-87.721935
45.226847,-87.721354
45.223309,-87.722473
45.218949,-87.726952
45.216129,-87.727276
45.21264,-87.726175
45.209391,-87.726198
45.207956,-87.72796
45.204653,-87.736339
45.202126,-87.739492
45.198201,-87.741732
45.197051,-87.741805
45.177642,-87.73521
45.173389,-87.736509
45.172244,-87.736104
45.171538,-87.735135
45.170913,-87.730866
45.169596,-87.727768
45.167452,-87.724601
45.165141,-87.723121
45.161156,-87.717945
45.158946,-87.711322
45.156004,-87.708134
45.154679,-87.707391
45.152206,-87.703492
45.151188,-87.700618
45.150522,-87.695055
45.149505,-87.692375
45.147433,-87.688425
45.144135,-87.683902
45.135059,-87.675816
45.134089,-87.676024
45.131204,-87.678511
45.130084,-87.678209
45.121294,-87.672447
45.120069,-87.671
45.118109,-87.667102
45.112566,-87.661296
45.108279,-87.661211
45.107512,-87.659952
45.107568,-87.657135
45.108633,-87.652512
45.106368,-87.648191
45.105918,-87.63611
45.106224,-87.631535
45.105324,-87.629571
45.104039,-87.628829
45.103328,-87.62764
45.102399,-87.621609
45.100064,-87.614897
45.094689,-87.59188
45.095264,-87.590208
45.08949478,-87.5871474
45.08527072,-87.58799221
45.08379229,-87.59158266
45.085134,-87.594718
45.082297,-87.601849
45.075617,-87.610395
45.045157,-87.625748
45.014176,-87.624693
44.976865,-87.630298
44.973035,-87.661964
44.974233,-87.696492
44.96579646,-87.76262003
44.96578626,-87.76269999
44.96576764,-87.76284594
44.96535056,-87.76611514
44.965254,-87.766872
44.96173776,-87.78129764
44.96169715,-87.78146425
44.95986337,-87.78898744
44.95963268,-87.78993385
44.95928226,-87.79137151
44.95913211,-87.7919875
44.95904988,-87.79232486
44.95410939,-87.81259357
44.954013,-87.812989
44.95388529,-87.81327644
44.9536232,-87.81386633
44.95305975,-87.81513448
44.95260806,-87.81615109
44.95210405,-87.81728544
44.9519861,-87.81755092
44.9519141,-87.81771298
44.95182556,-87.81791224
44.95173648,-87.81811273
44.95120304,-87.81931335
44.95117835,-87.81936893
44.951109,-87.819525
44.95035753,-87.82028081
44.94979315,-87.82084845
44.94959283,-87.82104992
44.94916065,-87.8214846
44.94866476,-87.82198335
44.94845688,-87.82219244
44.93309098,-87.83764709
44.931718,-87.839028
44.924355,-87.843433
44.918524,-87.844299
44.91258563,-87.84284365
44.912077,-87.842719
44.91191576,-87.8426403
44.91137138,-87.84237459
44.90728896,-87.84038196
44.905607,-87.839561
44.90250933,-87.83701659
44.90217667,-87.83674335
44.90137103,-87.8360816
44.89917218,-87.83427548
44.89850979,-87.83373139
44.89825384,-87.83352116
44.89656914,-87.83213736
44.891229,-87.827751
44.880939,-87.832764
44.87754354,-87.83549668
44.87578031,-87.83691574
44.873987,-87.838359
44.870692,-87.84761603
44.87044,-87.848324
44.86942036,-87.84913989
44.86486,-87.852789
44.85963282,-87.85418409
44.857771,-87.854681
44.85738648,-87.854938
44.85585402,-87.85596224
44.85412029,-87.857121
44.85359914,-87.85746931
44.84098835,-87.86589791
44.840481,-87.866237
44.83981552,-87.87167944
44.839016,-87.878218
44.83520775,-87.8857093
44.83171991,-87.89257034
44.83007212,-87.89581175
44.82899498,-87.89793061
44.82805112,-87.89978731
44.827365,-87.901137
44.82561572,-87.90181449
44.82470771,-87.90216615
44.82153389,-87.90339536
44.82037576,-87.9038439
44.81924624,-87.90428135
44.818723,-87.904484
44.8169968,-87.90544371
44.81494898,-87.90658222
44.80634526,-87.91136559
44.79284048,-87.91887377
44.78436144,-87.92358782
44.78030127,-87.92584513
44.778555,-87.926816
44.75608,-87.941453
44.753107,-87.95156
44.74927235,-87.95684898
44.74357,-87.964714
44.7336874,-87.97265425
44.7207298,-87.98306512
44.720196,-87.983494
44.71778145,-87.98394101
44.71773539,-87.98394954
44.71695508,-87.984094
44.71612881,-87.98424696
44.71529809,-87.98440076
44.70635991,-87.98605549
44.70593597,-87.98613398
44.69965677,-87.98729645
44.69900483,-87.98741715
44.69225518,-87.98866672
44.68910698,-87.98924955
44.68859774,-87.98934382
44.68842417,-87.98937596
44.68791796,-87.98946967
44.686582,-87.989717
44.67758707,-87.98991188
44.66979112,-87.99008078
44.66845542,-87.99010972
44.66518705,-87.99896399
44.66468623,-88.00032076
44.664035,-88.002085
44.66344204,-88.00225397
44.66195598,-88.00267745
44.65962955,-88.00334041
44.64577946,-88.00728723
44.637081,-88.009766
44.63171055,-88.00952251
44.63089735,-88.00948564
44.63059409,-88.00947189
44.630398,-88.009463
44.62893245,-88.0087169
44.62652084,-88.00748917
44.62587128,-88.00715849
44.62558643,-88.00701348
44.62530585,-88.00687063
44.62439873,-88.00640883
44.61411228,-88.00117209
44.60952339,-87.99883593
44.60928767,-87.99871593
44.60390879,-88.00194326
44.602438,-88.012395
44.59639972,-88.01473479
44.59547799,-88.01509195
44.59217201,-88.016373
44.592092,-88.016404
44.58834364,-88.01946535
44.58419571,-88.02285304
44.578992,-88.027103
44.57873647,-88.02814835
44.57717517,-88.03453547
44.576792,-88.036103
44.57679103,-88.03610418
44.57432357,-88.03909197
44.57399529,-88.03948947
44.57261422,-88.04116178
44.572581,-88.041202
44.57180939,-88.04135807
44.5711829,-88.04148479
44.57080421,-88.04156139
44.57032015,-88.0416593
44.56974588,-88.04177546
44.56734444,-88.0422612
44.566589,-88.042414
44.56270474,-88.03717841
44.55048448,-88.02070676
44.54751847,-88.01670888
44.539216,-88.005518
44.53782708,-88.00009927
44.53754577,-87.99900178
44.53742634,-87.99853583
44.53549086,-87.99098479
44.53535841,-87.99046803
44.53422821,-87.9860587
44.53339822,-87.98282058
44.53213729,-87.97790121
44.530292,-87.970702
44.529693,-87.943801
44.53132301,-87.93997178
44.53313839,-87.93570707
44.535993,-87.929001
44.5409913,-87.9240436
44.5476218,-87.91746734
44.548093,-87.917
44.54961173,-87.91584645
44.56888703,-87.90120584
44.56892406,-87.90117771
44.568925,-87.901177
44.57008421,-87.9006677
44.5730425,-87.89936799
44.5740912,-87.89890724
44.574135,-87.898888
44.57457635,-87.89918301
44.57609486,-87.90019803
44.57674679,-87.90063379
44.57738574,-87.90106089
44.57764768,-87.90123597
44.58131748,-87.90368897
44.58307902,-87.90231888
44.58454481,-87.90117882
44.58678033,-87.89641181
44.5877446,-87.89435562
44.58897745,-87.89172669
44.588982,-87.891717
44.58964715,-87.89086785
44.59235586,-87.88740983
44.60760585,-87.86794124
44.608434,-87.866884
44.61882573,-87.84216445
44.62082207,-87.83741563
44.62137487,-87.83610063
44.623583,-87.830848
44.62452059,-87.82922871
44.62786992,-87.82344412
44.62981629,-87.82008256
44.63618903,-87.80907628
44.636338,-87.808819
44.63637758,-87.80836634
44.63813736,-87.78823979
44.639281,-87.77516
44.642023,-87.765774
44.64411049,-87.76291186
44.64450124,-87.7623761
44.64911652,-87.75604812
44.649129,-87.756031
44.656192,-87.750899
44.66413081,-87.74909043
44.667122,-87.748409
44.67702545,-87.73605844
44.6789156,-87.73370125
44.682015,-87.729836
44.693246,-87.71978
44.70776542,-87.71841329
44.707811,-87.718409
44.70787043,-87.71842715
44.71383294,-87.72024775
44.71498413,-87.72059925
44.718969,-87.721816
44.72236137,-87.72125233
44.72352199,-87.72105948
44.724548,-87.720889
44.72507324,-87.72031154
44.7304494,-87.71440079
44.738225,-87.705852
44.73836417,-87.70573318
44.73962985,-87.70465257
44.74091352,-87.7035566
44.74388192,-87.70102226
44.74416853,-87.70077756
44.74444771,-87.7005392
44.7466567,-87.69865321
44.74673798,-87.69858381
44.74713319,-87.6982464
44.74722637,-87.69816684
44.758892,-87.688207
44.75956699,-87.68749711
44.76697258,-87.67970867
44.76824731,-87.67836804
44.7686024,-87.67799459
44.78375797,-87.66205552
44.79734651,-87.64776448
44.798739,-87.6463
44.80046643,-87.64522926
44.80140746,-87.64464597
44.80142268,-87.64463654
44.80157067,-87.64454481
44.813575,-87.637104
44.81512368,-87.63541599
44.81526259,-87.63526459
44.81598599,-87.6344761
44.81606477,-87.63439024
44.81607308,-87.63438118
44.81636863,-87.63405903
44.81695638,-87.63341841
44.81736112,-87.63297725
44.81743923,-87.63289211
44.81761618,-87.63269925
44.82741949,-87.62201396
44.83258505,-87.61638367
44.83271528,-87.61624172
44.83674287,-87.61185178
44.83741615,-87.61111792
44.83821681,-87.61024523
44.838384,-87.610063
44.83840481,-87.61001836
44.83851423,-87.60978366
44.85163762,-87.58163499
44.851791,-87.581306
44.853118,-87.573175
44.8529324,-87.57085118
44.85208035,-87.56018335
44.85129,-87.550288
44.85138098,-87.55000252
44.8562502,-87.53472311
44.857437,-87.530999
44.85759426,-87.53079391
44.869596,-87.515142
44.86938003,-87.51459042
44.86906065,-87.51377474
44.86891914,-87.51341335
44.86841611,-87.51212862
44.86557302,-87.50486753
44.86539199,-87.5044052
44.86535192,-87.50430286
44.86461892,-87.50243081
44.864285,-87.501578
44.86420733,-87.49906282
44.863572,-87.478489
44.86768962,-87.47263949
44.87891828,-87.45668797
44.88972288,-87.44133889
44.892718,-87.437084
44.892741,-87.433128
44.89269144,-87.4330047
44.89073782,-87.42814399
44.8878693,-87.42100698
44.887596,-87.420327
44.885378,-87.419106
44.88528521,-87.41911431
44.88505184,-87.4191352
44.87594,-87.419951
44.87496019,-87.41925312
44.86325928,-87.41091906
44.86199,-87.410015
44.86145337,-87.40877935
44.860098,-87.40565843