2856,West Virginia
39.72089322,-79.91617057
39.720713,-79.853131
39.720713,-79.852904
39.720776,-79.763774
39.721245,-79.610623
39.721154,-79.608223
39.720778,-79.548465
39.721078,-79.476662
39.644206,-79.476574
39.64298633,-79.47696767
39.642282,-79.477764
39.531689,-79.478866
39.531689,-79.482366
39.524682,-79.482354
39.521364,-79.482648
39.3443,-79.484372
39.3443,-79.486072
39.296367,-79.486812
39.279933,-79.487651
39.278149,-79.486737
39.265205,-79.487274
39.26497,-79.486179
39.264905,-79.485874
39.205961,-79.486873
39.20595875,-79.48686207
39.203728,-79.476037
39.2073,-79.469156
39.211719,-79.452685
39.217074,-79.43983
39.228171,-79.424413
39.233686,-79.425059
39.23888,-79.42035
39.240546,-79.412051
39.26554,-79.387023
39.273154,-79.376154
39.274924,-79.361343
39.278039,-79.35375
39.286096,-79.343801
39.287148,-79.343625
39.289733,-79.345599
39.293534,-79.344344
39.299919,-79.33238
39.304381,-79.314768
39.299554,-79.302311
39.298729,-79.29271
39.299323,-79.290236
39.30964,-79.283723
39.323048,-79.282037
39.32896423,-79.2722803
39.330732,-79.269365
39.335874,-79.255306
39.337222,-79.253891
39.35408484,-79.25392755
39.35666336,-79.25226993
39.35868933,-79.23587795
39.36366218,-79.22924748
39.363157,-79.220357
39.3653198,-79.21396058
39.377872,-79.202943
39.3861321,-79.19793695
39.38778971,-79.19554261
39.38797389,-79.19333246
39.38650046,-79.18946469
39.38834225,-79.17933481
39.39213008,-79.17697686
39.39275555,-79.17460007
39.39202584,-79.17049419
39.39325593,-79.1672195
39.39713385,-79.16559327
39.400888,-79.166497
39.41189499,-79.16134006
39.41302084,-79.15921346
39.41302084,-79.15721195
39.41202009,-79.15358421
39.40876764,-79.1515827
39.40776688,-79.14958119
39.40776688,-79.14745458
39.40776688,-79.14545307
39.40851745,-79.14382684
39.41051895,-79.14270099
39.41427179,-79.14195043
39.41664858,-79.14069948
39.41764933,-79.13669646
39.41827481,-79.13219307
39.41990104,-79.12981627
39.42327858,-79.12894061
39.426637,-79.129404
39.429542,-79.129047
39.433204,-79.124036
39.43278575,-79.12156004
39.43316103,-79.11943343
39.43441197,-79.1179323
39.43578801,-79.11693154
39.438058,-79.116574
39.440482,-79.116369
39.443321,-79.11407
39.445748,-79.107933
39.448358,-79.104217
39.46254842,-79.09542801
39.46554194,-79.09615371
39.46844475,-79.09824011
39.47025901,-79.09905652
39.47143827,-79.0988751
39.47207327,-79.09805868
39.47279897,-79.09651656
39.47325253,-79.09470231
39.472407,-79.091329
39.471379,-79.08327
39.474515,-79.068627
39.471014,-79.056583
39.473096,-79.054989
39.480094,-79.05388
39.482315,-79.052447
39.483299,-79.050528
39.483801,-79.046276
39.476795,-79.036915
39.473344,-79.035623
39.471331,-79.035712
39.467761,-79.033884
39.465403,-79.030343
39.46506,-79.028159
39.467002,-79.020542
39.466977,-79.017147
39.461048,-79.010097
39.454961,-78.99695
39.448678,-78.978826
39.443327,-78.970118
39.439804,-78.967461
39.438455,-78.965484
39.440264,-78.956751
39.442277,-78.955483
39.463645,-78.953333
39.46614,-78.946603
39.469959,-78.941969
39.4741,-78.938869
39.475267,-78.939164
39.476869,-78.941526
39.479614,-78.942618
39.480987,-78.942293
39.483732,-78.938751
39.48618,-78.933613
39.487003,-78.926999
39.485858,-78.918142
39.486544,-78.916488
39.496699,-78.908719
39.512085,-78.895307
39.5189,-78.891197
39.522581,-78.885996
39.521205,-78.879084
39.52125,-78.87681
39.522611,-78.874744
39.531366,-78.868966
39.532487,-78.868908
39.551848,-78.851931
39.554044,-78.851016
39.559924,-78.851196
39.5673,-78.838553
39.565355,-78.830298
39.562589,-78.826407
39.560616,-78.821404
39.561691,-78.816764
39.56772,-78.813512
39.571351,-78.815114
39.576287,-78.820104
39.577333,-78.82636
39.588829,-78.826009
39.590233,-78.824788
39.59037,-78.818899
39.597717,-78.812215
39.60054,-78.812154
39.608063,-78.809347
39.606812,-78.801792
39.605232,-78.800434
39.604897,-78.79784
39.606934,-78.795857
39.61071,-78.795368
39.614205,-78.795964
39.627488,-78.801741
39.637287,-78.795941
39.638287,-78.790941
39.636687,-78.784041
39.636787,-78.781341
39.645687,-78.775241
39.648487,-78.76584
39.646087,-78.76504
39.643987,-78.76534
39.639287,-78.76814
39.638387,-78.77114
39.636887,-78.77264
39.624405,-78.778477
39.62265,-78.778477
39.621712,-78.777516
39.619431,-78.769565
39.618897,-78.763171
39.622971,-78.756686
39.626262,-78.748499
39.625088,-78.74288
39.621708,-78.736189
39.615533,-78.733553
39.613931,-78.733759
39.609697,-78.73905
39.60569,-78.747063
39.606536,-78.749222
39.608572,-78.74935
39.609947,-78.751514
39.609984,-78.760497
39.608704,-78.768115
39.604027,-78.77686
39.602097,-78.778096
39.601364,-78.778141
39.597328,-78.774281
39.596497,-78.772128
39.594994,-78.770511
39.591583,-78.768481
39.589394,-78.768314
39.587487,-78.76749
39.582154,-78.760196
39.58069,-78.756747
39.579544,-78.746421
39.580712,-78.743318
39.585655,-78.740246
39.586319,-78.738502
39.586618,-78.733979
39.58369,-78.733149
39.575364,-78.731992
39.567587,-78.726342
39.563973,-78.72501
39.562558,-78.714784
39.562032,-78.713335
39.556795,-78.708664
39.555857,-78.707098
39.553251,-78.694626
39.55197,-78.692824
39.55078,-78.691996
39.547646,-78.691494
39.54577,-78.689455
39.543848,-78.682423
39.540371,-78.675629
39.540164,-78.668745
39.536778,-78.66399
39.53506772,-78.65741656
39.534695,-78.655984
39.537109,-78.630842
39.537863,-78.628744
39.53919,-78.628566
39.539512,-78.623037
39.537595,-78.614526
39.535082,-78.606873
39.534304,-78.605868
39.533434,-78.600511
39.53505009,-78.59765889
39.53548294,-78.59560287
39.53515831,-78.59387148
39.53440083,-78.593114
39.531816,-78.592131
39.530192,-78.590654
39.52802,-78.587079
39.526695,-78.578956
39.522372,-78.572692
39.519902,-78.567937
39.519444,-78.565929
39.521526,-78.557127
39.521388,-78.552756
39.520702,-78.550128
39.520998,-78.546584
39.524654,-78.527886
39.52479,-78.521388
39.522545,-78.513622
39.518652,-78.5032
39.518906,-78.499017
39.517789,-78.489742
39.519392,-78.485697
39.519507,-78.484044
39.51896,-78.480677
39.51624,-78.474178
39.516103,-78.471166
39.516789,-78.468639
39.52084,-78.462899
39.525987,-78.460951
39.529304,-78.461071
39.53297137,-78.46191136
39.53467811,-78.46129073
39.53591937,-78.45927367
39.53669516,-78.45105031
39.53809159,-78.44949872
39.53964316,-78.44965388
39.54103959,-78.4499642
39.54228085,-78.44949872
39.54336695,-78.44717135
39.54336695,-78.44530946
39.541223,-78.441961
39.538753,-78.438357
39.539302,-78.436378
39.541658,-78.435107
39.54398759,-78.43475872
39.54678043,-78.43475872
39.54895264,-78.43382777
39.54941812,-78.4304143
39.546598,-78.426953
39.54631495,-78.42405282
39.54678043,-78.42110482
39.54740106,-78.41939809
39.54895264,-78.41877746
39.55174549,-78.42001872
39.556319,-78.423287
39.559155,-78.426537
39.563524,-78.438179
39.570889,-78.450207
39.574319,-78.454376
39.580426,-78.458338
39.585241,-78.458052
39.587379,-78.457187
39.588958,-78.454527
39.590193,-78.451186
39.591223,-78.445983
39.591155,-78.443175
39.586717,-78.428246
39.584109,-78.422985
39.581706,-78.420059
39.581111,-78.41867
39.578593,-78.408031
39.580214,-78.400936
39.581952,-78.397446
39.584215,-78.395317
39.587372,-78.395463
39.590232,-78.397471
39.593596,-78.402702
39.598311,-78.41287
39.603183,-78.420644
39.607599,-78.425581
39.614484,-78.431524
39.61652,-78.433002
39.618259,-78.433623
39.620569,-78.433297
39.62329,-78.43025
39.624548,-78.425902
39.624021,-78.420549
39.621091,-78.41286
39.616076,-78.395828
39.612117,-78.390774
39.608912,-78.383591
39.608178,-78.378181
39.608635,-78.374732
39.60953,-78.3732
39.6112,-78.372255
39.612297,-78.372404
39.618127,-78.379118
39.622246,-78.382959
39.623321,-78.383461
39.625091,-78.383447
39.628216,-78.382487
39.629359,-78.380504
39.630459,-78.373166
39.628929,-78.367959
39.627534,-78.366212
39.626049,-78.362485
39.625581,-78.358343
39.626258,-78.35577
39.627722,-78.353878
39.628912,-78.353465
39.630787,-78.353673
39.633463,-78.355567
39.635589,-78.358735
39.638081,-78.359506
39.63966,-78.358264
39.640576,-78.355218
39.640486,-78.351905
39.63648592,-78.33388027
39.636054,-78.331934
39.631001,-78.313033
39.629606,-78.308152
39.62047,-78.283039
39.619642,-78.271122
39.618818,-78.266833
39.619274,-78.265088
39.621675,-78.263371
39.626417,-78.263344
39.630464,-78.262189
39.640089,-78.254077
39.644758,-78.246722
39.652081,-78.238059
39.656796,-78.227677
39.658878,-78.225075
39.661097,-78.223597
39.662607,-78.223864
39.670471,-78.233012
39.672875,-78.233138
39.674382,-78.231564
39.676121,-78.227333
39.67599,-78.206763
39.676653,-78.202945
39.677866,-78.201081
39.682074,-78.196701
39.689118,-78.192439
39.690262,-78.191107
39.69511,-78.182759
39.695967,-78.176625
39.695612,-78.171361
39.693643,-78.162126
39.690531,-78.154164
39.690412,-78.143478
39.688305,-78.135221
39.686977,-78.132706
39.685652,-78.123939
39.682593,-78.11183
39.682137,-78.107834
39.680286,-78.101737
39.678161,-78.097118
39.671668,-78.089835
39.671211,-78.088592
39.671166,-78.08226
39.66888,-78.077525
39.666686,-78.074595
39.66106,-78.068291
39.648207,-78.051932
39.645349,-78.04995
39.643107,-78.047672
39.638121,-78.03886
39.63572,-78.035992
39.627462,-78.03014
39.621697,-78.023896
39.61960047,-78.02240186
39.604083,-78.011343
39.602893,-78.009985
39.601337,-78.006734
39.600488,-78.00233
39.600194,-77.991437
39.59942,-77.984815
39.599744,-77.976686
39.601071,-77.973967
39.60509131,-77.97014998
39.60743492,-77.96622324
39.60870194,-77.96209176
39.60861408,-77.95764247
39.60635754,-77.95210435
39.60394351,-77.95059932
39.60116335,-77.95091551
39.59727226,-77.95215234
39.59270946,-77.95195514
39.5871097,-77.94983601
39.58481408,-77.94618174
39.58493252,-77.94215031
39.58713856,-77.93904994
39.594508,-77.936371
39.60807573,-77.93544955
39.61258047,-77.93836175
39.61461711,-77.94413349
39.61677209,-77.94462232
39.61878967,-77.94193993
39.61915032,-77.93749213
39.61767585,-77.93286151
39.613908,-77.928738
39.607642,-77.925988
39.604852,-77.923298
39.60294206,-77.91683647
39.602816,-77.91641
39.597343,-77.888477
39.597937,-77.885077
39.598828,-77.882977
39.600039,-77.881823
39.602852,-77.880993
39.606214,-77.88111
39.608112,-77.881936
39.613329,-77.886959
39.614518,-77.887017
39.615775,-77.885124
39.614293,-77.874718
39.611138,-77.868679
39.60788,-77.8578
39.607117,-77.853436
39.607255,-77.842785
39.606125,-77.838008
39.602936,-77.833568
39.601105,-77.831813
39.59105,-77.829753
39.587288,-77.829814
39.581178,-77.830775
39.571016,-77.833217
39.56637,-77.83633
39.564333,-77.842174
39.564607,-77.855847
39.563547,-77.865734
39.563895,-77.872723
39.563493,-77.878451
39.560432,-77.886135
39.559198,-77.887968
39.558054,-77.888648
39.55595,-77.888945
39.551947,-77.886436
39.544278,-77.87153
39.538381,-77.865351
39.536483,-77.864434
39.534813,-77.864315
39.528226,-77.865078
39.524727,-77.866138
39.520039,-77.866518
39.517661,-77.866132
39.515032,-77.86368
39.514325,-77.860195
39.515403,-77.850747
39.51847,-77.84192
39.520941,-77.840651
39.529196,-77.840536
39.531117,-77.839061
39.53217,-77.836935
39.532628,-77.833509
39.530458,-77.827188
39.529177,-77.825357
39.525907,-77.823762
39.524077,-77.823555
39.516895,-77.82565
39.514425,-77.829045
39.505845,-77.845103
39.503351,-77.847611
39.502093,-77.848112
39.500698,-77.847639
39.498628,-77.845666
39.494744,-77.831909
39.4942578,-77.82549852
39.4939,-77.820781
39.490241,-77.807821
39.489395,-77.80183
39.489623,-77.795631
39.490789,-77.791765
39.492207,-77.789757
39.496598,-77.786539
39.498061,-77.784442
39.499067,-77.781608
39.4995,-77.774374
39.499087,-77.77095
39.497783,-77.768442
39.495724,-77.765993
39.494397,-77.765403
39.493025,-77.765551
39.491333,-77.767087
39.490281,-77.769125
39.489207,-77.771723
39.487128,-77.78176
39.485048,-77.788519
39.481824,-77.795485
39.480498,-77.796695
39.47876,-77.797787
39.475719,-77.798201
39.472448,-77.796755
39.471259,-77.795634
39.467827,-77.789645
39.463663,-77.778522
39.462816,-77.777815
39.461924,-77.777815
39.460392,-77.779202
39.459867,-77.780471
39.460073,-77.783539
39.462042,-77.793157
39.461722,-77.796196
39.46067,-77.798468
39.458383,-77.799294
39.455981,-77.798144
39.451406,-77.7931
39.447197,-77.78611
39.445367,-77.78558
39.444224,-77.786052
39.442829,-77.78856
39.440841,-77.80086
39.439285,-77.802866
39.437136,-77.803249
39.435969,-77.802542
39.433339,-77.798855
39.430593,-77.792751
39.429335,-77.787266
39.427845,-77.77485
39.428436,-77.763319
39.42681,-77.75872
39.424658,-77.754681
39.423262,-77.75309
39.420174,-77.75268
39.41093,-77.747478
39.401694,-77.740012
39.392684,-77.736409
39.389665,-77.735905
39.387744,-77.736317
39.386211,-77.738084
39.385409,-77.740765
39.384171,-77.749715
39.383328,-77.752209
39.382094,-77.753389
39.379624,-77.753804
39.37832,-77.753274
39.365139,-77.744144
39.359947,-77.743874
39.353221,-77.74593
39.34945,-77.750387
39.345314,-77.759315
39.344171,-77.760435
39.342524,-77.761084
39.339757,-77.761115
39.337331,-77.759615
39.333899,-77.755789
39.327015,-77.735009
39.324684,-77.730914
39.321666,-77.727379
39.321125,-77.719029
39.319693,-77.719946
39.318494,-77.721638
39.315666,-77.730047
39.312409,-77.734899
39.295001,-77.747287
39.289284,-77.750267
39.283373,-77.752726
39.280331,-77.753357
39.277971,-77.75306
39.27734,-77.753105
39.275191,-77.755193
39.274575,-77.755698
39.269197,-77.758412
39.268114,-77.758733
39.263721,-77.761217
39.263031,-77.761768
39.258445,-77.762844
39.25734,-77.766525
39.257657,-77.768
39.256417,-77.768992
39.255977,-77.770281
39.255262,-77.770669
39.24976,-77.770876
39.249393,-77.770589
39.24938,-77.767277
39.236776,-77.771415
39.229305,-77.778068
39.226909,-77.781268
39.224081,-77.78364
39.215243,-77.788763
39.210125,-77.793631
39.206299,-77.794596
39.200658,-77.79819
39.199574,-77.798478
39.19424,-77.797714
39.192826,-77.797943
39.179419,-77.804712
39.178045,-77.804415
39.174222,-77.805099
39.172421,-77.805991
39.168567,-77.809125
39.167563,-77.811295
39.165023,-77.813206
39.155279,-77.818446
39.15241,-77.821413
39.147755,-77.822874
39.145451,-77.82299
39.142734,-77.82223
39.139985,-77.822182
39.132329,-77.828157
39.264403,-78.032841
39.26462099,-78.03318531
39.26462181,-78.0331866
39.31246,-78.108746
39.333745,-78.14092
39.343392,-78.158194
39.363989,-78.18737
39.375099,-78.205401
39.391233,-78.228766
39.414323,-78.262785
39.428755,-78.28798
39.466012,-78.347087
39.462205,-78.349476
39.459484,-78.345143
39.453499,-78.345823
39.450679,-78.346962
39.447659,-78.347333
39.445613,-78.346061
39.442616,-78.346546
39.440583,-78.347773
39.436792,-78.353227
39.430879,-78.347942
39.427618,-78.346718
39.424431,-78.348354
39.420595,-78.351236
39.415902,-78.356627
39.412534,-78.359352
39.409028,-78.359918
39.404192,-78.357949
39.397252,-78.349436
39.392861,-78.350014
39.388807,-78.343214
39.371616,-78.354837
39.362888,-78.362632
39.35929,-78.366867
39.357784,-78.362267
39.354744,-78.348698
39.353492,-78.34048
39.349889,-78.338958
39.348605,-78.339284
39.345555,-78.341308
39.346769,-78.342514
39.346713,-78.343685
39.343402,-78.347409
39.34272,-78.347634
39.341024,-78.34546
39.339108,-78.346301
39.319484,-78.35894
39.317771,-78.360035
39.318037,-78.361567
39.317312,-78.364686
39.310148,-78.367242
39.307692,-78.371604
39.305136,-78.374728
39.294888,-78.385888
39.29343,-78.387242
39.291444,-78.387194
39.288572,-78.388785
39.282988,-78.393371
39.281332,-78.398682
39.277238,-78.402275
39.276754,-78.401813
39.275471,-78.402783
39.26391,-78.414204
39.257476,-78.419422
39.256065,-78.418584
39.25541,-78.41612
39.255733,-78.414631
39.252564,-78.409116
39.244129,-78.399785
39.243874,-78.399669
39.241214,-78.404214
39.238006,-78.40498
39.231176,-78.405585
39.217504,-78.41789
39.212049,-78.423968
39.208611,-78.427911
39.207014,-78.429803
39.205744,-78.431167
39.204717,-78.43213
39.199766,-78.437053
39.198049,-78.438651
39.196658,-78.436662
39.196227,-78.430846
39.193301,-78.424905
39.192156,-78.424292
39.187217,-78.428697
39.182762,-78.426315
39.172734,-78.411972
39.170903,-78.406966
39.167451,-78.403697
39.160038,-78.412599
39.158415,-78.413943
39.152726,-78.427294
39.141691,-78.436658
39.135426,-78.437771
39.132146,-78.439429
39.113351,-78.459869
39.112858,-78.466662
39.111204,-78.46953
39.110063,-78.470261
39.108143,-78.473209
39.107469,-78.475376
39.109398,-78.47732
39.109843,-78.478426
39.107372,-78.484283
39.100992,-78.49516
39.09898,-78.495984
39.091398,-78.504384
39.08863,-78.508132
39.084878,-78.512103
39.081802,-78.516479
39.080046,-78.515955
39.077569,-78.516789
39.071062,-78.522714
39.068221,-78.526543
39.066519,-78.531695
39.060631,-78.540216
39.05666313,-78.54410137
39.055052,-78.545679
39.054069,-78.547734
39.048058,-78.554263
39.044527,-78.556748
39.041573,-78.559997
39.031995,-78.571901
39.026303,-78.565837
39.025935,-78.565073
39.026328,-78.563294
39.024456,-78.55964
39.021393,-78.55738
39.018065,-78.550467
39.016374,-78.552321
39.015124,-78.554919
39.011877,-78.5594
39.009007,-78.561711
39.001552,-78.570462
38.990567,-78.580465
38.988398,-78.581981
38.985416,-78.582928
38.978579,-78.588704
38.971918,-78.593261
38.970192,-78.596015
38.969546,-78.598894
38.96653,-78.601399
38.964603,-78.601655
38.969743,-78.608369
38.976134,-78.611184
38.97585,-78.614312
38.974082,-78.618676
38.977338,-78.619982
38.981288,-78.619914
38.982601,-78.620453
38.982575,-78.625672
38.980866,-78.629553
38.979586,-78.630846
38.976983,-78.632452
38.974739,-78.632471
38.966819,-78.638423
38.968138,-78.646589
38.960677,-78.652352
38.953766,-78.655043
38.947375,-78.65905
38.945702,-78.662083
38.941579,-78.665886
38.9392,-78.666594
38.9338,-78.670679
38.925313,-78.680456
38.92584,-78.681617
38.92478,-78.688266
38.922195,-78.69145
38.915602,-78.69738
38.915231,-78.704323
38.908665,-78.712622
38.90483,-78.716168
38.904296,-78.717178
38.904561,-78.718647
38.905907,-78.71981
38.909844,-78.7209
38.92026,-78.719451
38.922135,-78.719755
38.922638,-78.719806
38.923863,-78.720095
38.92651,-78.71962
38.936028,-78.717076
38.934267,-78.718482
38.931405,-78.722451
38.930846,-78.724062
38.930932,-78.726222
38.927283,-78.738921
38.916029,-78.750517
38.907582,-78.754658
38.905728,-78.754516
38.903203,-78.757278
38.900529,-78.759085
38.893742,-78.772793
38.892298,-78.779198
38.887187,-78.786025
38.885123,-78.788031
38.880076,-78.790078
38.877593,-78.79161
38.874606,-78.796213
38.856175,-78.808181
38.849616,-78.810943
38.841594,-78.815116
38.830982,-78.821167
38.82161,-78.827262
38.814388,-78.832267
38.811499,-78.835191
38.794978,-78.848187
38.7718,-78.863684
38.767034,-78.865905
38.762991,-78.869276
38.850102,-78.993997
38.847353,-78.998171
38.845412,-79.000252
38.840962,-78.998863
38.840074,-78.999014
38.836512,-79.002352
38.829912,-79.005152
38.826112,-79.006352
38.824512,-79.006152
38.823712,-79.006552
38.822312,-79.007952
38.820412,-79.011952
38.820012,-79.016752
38.817912,-79.019553
38.809212,-79.024053
38.803712,-79.024453
38.802612,-79.023453
38.798613,-79.023053
38.792113,-79.027253
38.791013,-79.029253
38.791013,-79.033153
38.792113,-79.046554
38.790713,-79.048954
38.785713,-79.054954
38.783013,-79.055654
38.780613,-79.054354
38.779213,-79.052454
38.778013,-79.051654
38.773913,-79.051254
38.772613,-79.051554
38.772313,-79.053754
38.770913,-79.055654
38.766513,-79.056754
38.761413,-79.057253
38.760213,-79.057554
38.756713,-79.060954
38.754413,-79.064854
38.747513,-79.072555
38.744614,-79.072755
38.742114,-79.073855
38.739214,-79.076555
38.734714,-79.079655
38.729714,-79.081955
38.724614,-79.085455
38.720114,-79.087255
38.716015,-79.086555
38.702315,-79.092755
38.700149,-79.092555
38.699208,-79.092271
38.692515,-79.090755
38.690115,-79.088055
38.688816,-79.085555
38.686516,-79.084355
38.673816,-79.087855
38.669316,-79.091055
38.662816,-79.092755
38.659517,-79.092955
38.656217,-79.106356
38.659717,-79.111556
38.660216,-79.120256
38.659817,-79.122256
38.655017,-79.129757
38.653217,-79.131057
38.646017,-79.133557
38.644057,-79.135472
38.643715,-79.135546
38.6424,-79.136374
38.640655,-79.137012
38.638017,-79.137557
38.637217,-79.139657
38.634417,-79.142657
38.625819,-79.146741
38.625641,-79.146974
38.620618,-79.151257
38.611225,-79.155355
38.609218,-79.155557
38.606518,-79.154357
38.601219,-79.159158
38.594519,-79.158957
38.593919,-79.158257
38.592319,-79.158657
38.583119,-79.163458
38.578619,-79.168058
38.574119,-79.170858
38.57162,-79.171658
38.56922,-79.170658
38.56812,-79.170958
38.566531,-79.174512
38.566314,-79.174881
38.56552,-79.176658
38.55992,-79.180858
38.55152,-79.184058
38.54742,-79.188958
38.542421,-79.193458
38.536721,-79.196959
38.527821,-79.201459
38.524521,-79.205859
38.507422,-79.210959
38.503522,-79.206959
38.500428,-79.207884
38.500122,-79.207873
38.495574,-79.209703
38.494283,-79.210008
38.494231,-79.210026
38.492913,-79.210591
38.489261,-79.215212
38.487441,-79.219067
38.484837,-79.221406
38.48059,-79.220961
38.47776324,-79.22419198
38.476471,-79.225669
38.474041,-79.23162
38.473011,-79.234408
38.469841,-79.240059
38.464332,-79.242024
38.457055,-79.241854
38.454168,-79.242641
38.453294,-79.247342
38.455818,-79.253067
38.455949,-79.254435
38.448082,-79.261107
38.444586,-79.26291
38.443762,-79.263376
38.441772,-79.265327
38.438322,-79.267414
38.437376,-79.272064
38.436337,-79.274529
38.432078,-79.282225
38.431647,-79.282762
38.431021,-79.282663
38.429168,-79.28247
38.426833,-79.280581
38.425475,-79.280263
38.424173,-79.279678
38.42076,-79.280149
38.418095,-79.282971
38.419249,-79.285613
38.420555,-79.286874
38.42096,-79.288432
38.420757,-79.290529
38.419627,-79.291813
38.418129,-79.295712
38.416438,-79.297758
38.414888,-79.300081
38.411876,-79.312276
38.427244,-79.370302
38.457228,-79.476638
38.49772,-79.499768
38.533918,-79.521469
38.542817,-79.53187
38.544717,-79.53317
38.546217,-79.53337
38.550917,-79.53687
38.551817,-79.53827
38.553217,-79.54257
38.560217,-79.555471
38.562517,-79.566271
38.563117,-79.571771
38.591515,-79.649075
38.5762,-79.656109
38.573016,-79.658175
38.572616,-79.659375
38.567316,-79.661575
38.566216,-79.660675
38.562416,-79.659275
38.560516,-79.662575
38.560916,-79.665075
38.549516,-79.669275
38.543416,-79.669675
38.538317,-79.666874
38.534217,-79.668774
38.528717,-79.672974
38.527517,-79.671574
38.526917,-79.669774
38.524317,-79.666774
38.518717,-79.662974
38.515517,-79.662074
38.514117,-79.663474
38.513817,-79.665674
38.512917,-79.667574
38.512017,-79.668774
38.510975,-79.669128
38.510883,-79.669128
38.507717,-79.670474
38.510417,-79.674074
38.510617,-79.680374
38.508217,-79.681574
38.504504,-79.681606
38.501317,-79.682974
38.496183,-79.688345
38.496768,-79.691301
38.496474,-79.692273
38.494232,-79.694506
38.487223,-79.697572
38.484574,-79.696959
38.481454,-79.695462
38.481011,-79.693424
38.478311,-79.69418
38.477842,-79.695565
38.475148,-79.699006
38.473967,-79.699622
38.469869,-79.698929
38.469058,-79.695588
38.463744,-79.691088
38.458714,-79.688882
38.45687,-79.688365
38.450476,-79.688205
38.449538,-79.688962
38.446282,-79.691478
38.442511,-79.689544
38.439558,-79.691377
38.436436,-79.691656
38.433995,-79.69093
38.432864,-79.689909
38.431439,-79.689675
38.41573,-79.706634
38.412064,-79.70914
38.409553,-79.708965
38.405034,-79.712904
38.401562,-79.717365
38.389517,-79.722653
38.38707,-79.72635
38.380351,-79.729895
38.373376,-79.731698
38.372217,-79.730494
38.371701,-79.727676
38.370832,-79.72679
38.366128,-79.725804
38.363828,-79.725597
38.363229,-79.725973
38.362233,-79.727053
38.36183,-79.729344
38.360168,-79.732059
38.356728,-79.7346
38.354101,-79.740615
38.353968,-79.744105
38.357372,-79.75556
38.357566,-79.757626
38.356514,-79.764432
38.353395,-79.767263
38.350873,-79.766403
38.341843,-79.769906
38.335529,-79.77309
38.331609,-79.779272
38.330878,-79.785972
38.32348,-79.79655
38.319161,-79.798159
38.317149,-79.799617
38.313922,-79.804093
38.309429,-79.808711
38.306707,-79.810154
38.305037,-79.810115
38.301694,-79.807542
38.298622,-79.804026
38.296682,-79.803346
38.292073,-79.802778
38.292053,-79.797848
38.290228,-79.795448
38.281167,-79.789791
38.273298,-79.787542
38.268703,-79.788945
38.267654,-79.790134
38.2664134,-79.79610012
38.265957,-79.798295
38.261474,-79.801274
38.259193,-79.806333
38.260401,-79.811987
38.258174,-79.814202
38.255065,-79.815708
38.253645,-79.815719
38.251568,-79.814865
38.249511,-79.817149
38.248234,-79.819623
38.248277,-79.82101
38.250488,-79.825283
38.249687,-79.830882
38.247553,-79.832971
38.244957,-79.834031
38.242899,-79.834171
38.241892,-79.835124
38.241276,-79.837494
38.241594,-79.842981
38.241082,-79.845207
38.240003,-79.846445
38.233329,-79.850324
38.231075,-79.856962
38.223945,-79.863625
38.211016,-79.879087
38.207868,-79.884234
38.207953,-79.886413
38.20736,-79.888045
38.204652,-79.891591
38.203378,-79.891999
38.202397,-79.892345
38.199868,-79.892916
38.193045,-79.898426
38.188999,-79.90609
38.18792,-79.910961
38.188418,-79.91441
38.186278,-79.916344
38.184386,-79.916174
38.183741,-79.917061
38.180378,-79.921196
38.179954,-79.921026
38.177994,-79.916622
38.175504,-79.916765
38.172671,-79.918629
38.170439,-79.918913
38.168399,-79.917924
38.168428,-79.916072
38.168088,-79.915065
38.167524,-79.914884
38.15479,-79.918662
38.150874,-79.923125
38.150465,-79.925251
38.150237,-79.925512
38.144928,-79.928683
38.144436,-79.928747
38.139771,-79.929031
38.135508,-79.933751
38.134333,-79.942747
38.131585,-79.944843
38.111619,-79.938952
38.110759,-79.938051
38.109718,-79.934364
38.109197,-79.929687
38.107151,-79.92633
38.104826,-79.927645
38.101402,-79.931034
38.099168,-79.933911
38.097669,-79.93425
38.096541,-79.935101
38.094741,-79.938274
38.091588,-79.942364
38.084238,-79.949113
38.081484,-79.953509
38.080397,-79.954369
38.068677,-79.960093
38.063697,-79.959844
38.047709,-79.968189
38.044326,-79.971231
38.040004,-79.973895
38.038744,-79.973777
38.036102,-79.972165
38.032556,-79.973701
38.030075,-79.975269
38.029278,-79.976732
38.029082,-79.978427
38.027596,-79.98029
38.01916,-79.985619
38.018089,-79.985792
38.01661,-79.984842
38.014182,-79.986142
38.013246,-79.990114
38.007853,-79.994985
38.005791,-79.995901
38.003309,-79.995398
38.000996,-79.996134
37.995842,-79.999384
37.992767,-80.002507
37.99083,-80.008888
37.988633,-80.012193
37.987443,-80.012891
37.985999,-80.012555
37.984253,-80.013145
37.976907,-80.024168
37.96792,-80.036236
37.957481,-80.04841
37.956852,-80.051043
37.95227447,-80.05632918
37.951833,-80.056839
37.947968,-80.063682
37.947171,-80.066569
37.942221,-80.074514
37.939629,-80.075441
37.935526,-80.080823
37.929547,-80.086954
37.918112,-80.096563
37.918911,-80.102931
37.914698,-80.106819
37.906292,-80.116884
37.903614,-80.118967
37.902018,-80.119106
37.900581,-80.11748
37.89772,-80.117747
37.896735,-80.120613
37.898046,-80.123021
37.897943,-80.12362
37.894134,-80.129555
37.893194,-80.130464
37.890697,-80.13104
37.8895,-80.131931
37.882616,-80.141947
37.884453,-80.14613
37.885936,-80.147316
37.886892,-80.148951
37.881824,-80.153832
37.875122,-80.162202
37.867116,-80.168957
37.862144,-80.172033
37.860066,-80.172076
37.854029,-80.176712
37.852724,-80.181815
37.850646,-80.183062
37.84681,-80.183555
37.839751,-80.179391
37.838343,-80.181768
37.837741,-80.18638
37.831759,-80.19465
37.827507,-80.199633
37.82424,-80.202853
37.818921,-80.205841
37.81597,-80.206482
37.812598,-80.210965
37.80982,-80.216229
37.809505,-80.216939
37.809783,-80.218611
37.798886,-80.227092
37.79466,-80.229228
37.792331,-80.229489
37.791714,-80.227965
37.78761155,-80.22418916
37.78316,-80.220092
37.783291,-80.218616
37.781989,-80.215892
37.777481,-80.215658
37.776445,-80.216498
37.776056,-80.216899
37.776775,-80.217634
37.778293,-80.221827
37.778889,-80.227498
37.778305,-80.230458
37.775621,-80.232011
37.769443,-80.24139
37.768309,-80.246902
37.762958,-80.251319
37.761301,-80.250427
37.757111,-80.24979
37.755866,-80.251622
37.756372,-80.25641
37.756084,-80.257411
37.738336,-80.262765
37.733517,-80.260313
37.729825,-80.252024
37.727261,-80.252227
37.725899,-80.253077
37.720612,-80.258143
37.718786,-80.264406
37.711532,-80.27199
37.707844,-80.275007
37.696403,-80.287107
37.693852,-80.294108
37.691783,-80.296138
37.683976,-80.292337
37.683732,-80.292258
37.657077,-80.279372
37.648982,-80.270323
37.648929,-80.270352
37.646108,-80.267455
37.646011,-80.267228
37.645511,-80.264874
37.645526,-80.26483
37.645101,-80.263291
37.645082,-80.263281
37.642333,-80.254469
37.642352,-80.254431
37.637672,-80.239288
37.627767,-80.220984
37.623185,-80.223386
37.620059,-80.226017
37.606961,-80.240272
37.602117,-80.24978
37.595499,-80.258919
37.593374,-80.26356
37.591149,-80.270342
37.585481,-80.28244
37.57877,-80.294882
37.564315,-80.328504
37.546239,-80.312393
37.54412,-80.314464
37.541419,-80.321249
37.541052,-80.324384
37.540022,-80.327489
37.536244,-80.330306
37.527381,-80.309346
37.536505,-80.291644
37.533517,-80.282385
37.508271,-80.299789
37.503827,-80.309833
37.50288,-80.309331
37.500943,-80.314806
37.49888,-80.320627
37.495376,-80.327103
37.493744,-80.332038
37.492148,-80.343789
37.484879,-80.366838
37.480001,-80.36317
37.476599,-80.369449
37.474069,-80.371952
37.471381,-80.378308
37.470367,-80.382535
37.462314,-80.39988
37.460322,-80.402816
37.449876,-80.425656
37.438126,-80.443025
37.434039,-80.451367
37.432267,-80.457313
37.426144,-80.46482
37.422949,-80.475601
37.43507,-80.494867
37.444779,-80.49728
37.457749,-80.492981
37.481672,-80.511391
37.479446,-80.513409
37.478566,-80.515139
37.476905,-80.523481
37.477368,-80.528349
37.477124,-80.532372
37.476406,-80.533449
37.474527,-80.539786
37.474695,-80.544836
37.473563,-80.552036
37.469775,-80.561442
37.466575,-80.566297
37.456654,-80.585856
37.453296,-80.59024
37.45144,-80.591377
37.446173,-80.600204
37.439443,-80.616802
37.435969,-80.622117
37.433307,-80.622664
37.433328,-80.626365
37.432125,-80.632365
37.431227,-80.63439
37.429372,-80.637379
37.428556,-80.637554
37.427471,-80.636947
37.422147,-80.645893
37.419514,-80.653589
37.417585,-80.656687
37.41422,-80.664112
37.414215,-80.664971
37.40463,-80.684576
37.401749,-80.691709
37.394618,-80.705203
37.390707,-80.715479
37.388261,-80.723596
37.38471,-80.731589
37.382547,-80.73804
37.380111,-80.745527
37.38005,-80.748722
37.374882,-80.759886
37.372363,-80.770082
37.383679,-80.776649
37.384131,-80.776766
37.389016,-80.782295
37.390649,-80.783382
37.392793,-80.783324
37.394587,-80.784188
37.395668,-80.790317
37.395807,-80.798869
37.395738,-80.800447
37.398074,-80.806129
37.401348,-80.807134
37.404119,-80.806358
37.406271,-80.808769
37.407507,-80.811639
37.424355,-80.836446
37.425658,-80.837678
37.425971,-80.841672
37.423555,-80.844213
37.423394,-80.846324
37.426062,-80.850656
37.426902,-80.853163
37.427052,-80.856997
37.428168,-80.85836
37.42830071,-80.85847337
37.429568,-80.859556
37.42955814,-80.85956318
37.424644,-80.863142
37.419927,-80.865148
37.416996,-80.865174
37.41418,-80.864455
37.411829,-80.862761
37.383933,-80.883248
37.346909,-80.849451
37.340523,-80.865321
37.338573,-80.868986
37.328903,-80.880103
37.315,-80.900535
37.306163,-80.919259
37.303683,-80.92704
37.302872,-80.931118
37.300278,-80.938135
37.295872,-80.947896
37.292158,-80.966556
37.291444,-80.973889
37.292743,-80.980146
37.293465,-80.981322
37.296023,-80.982173
37.300581,-80.979106
37.302279,-80.979589
37.299545,-80.996013
37.297868,-81.000576
37.296073,-81.008457
37.294143,-81.021937
37.290251,-81.037191
37.284401,-81.084012
37.28264,-81.09482
37.278497,-81.112596
37.269165,-81.142404
37.265382,-81.158964
37.262881,-81.167029
37.257979,-81.178151
37.243013,-81.204774
37.234874,-81.225104
37.299323,-81.320105
37.337687,-81.362156
37.335927,-81.366315
37.334504,-81.367052
37.332423,-81.36809
37.331827,-81.369379
37.330568,-81.369264
37.329447,-81.36803
37.327569,-81.367599
37.324115,-81.371315
37.320195,-81.37261
37.318614,-81.374455
37.318447,-81.377349
37.317838,-81.380159
37.318596,-81.384127
37.318832,-81.384914
37.320085,-81.38581
37.320474,-81.386727
37.319903,-81.388132
37.316411,-81.394287
37.310635,-81.398548
37.307806,-81.398702
37.306358,-81.397357
37.304498,-81.396817
37.302965,-81.398185
37.30166,-81.402195
37.298794,-81.40506
37.296597,-81.403764
37.286071,-81.409196
37.284837,-81.409729
37.284025,-81.409577
37.28033,-81.411593
37.273214,-81.416663
37.271015,-81.427946
37.272697,-81.43285
37.270575,-81.448285
37.269583,-81.449068
37.266999,-81.454199
37.266466,-81.458895
37.265527,-81.460585
37.263901,-81.459874
37.262547,-81.46
37.259899,-81.462107
37.255127,-81.476431
37.251121,-81.480144
37.250604,-81.483559
37.25096,-81.492287
37.252393,-81.495738
37.254659,-81.498045
37.256568,-81.498445
37.25719,-81.497773
37.257899,-81.497775
37.258025,-81.498874
37.252579,-81.50319
37.250115,-81.504168
37.247697,-81.50488
37.244469,-81.506428
37.239272,-81.50626
37.2338,-81.507325
37.232564,-81.508786
37.226914,-81.520729
37.225817,-81.527458
37.223414,-81.53307
37.220761,-81.544437
37.220165,-81.545211
37.213732,-81.549248
37.208443,-81.5536
37.207413,-81.556119
37.207275,-81.556892
37.207697,-81.557315
37.208145,-81.558353
37.206663,-81.560625
37.201483,-81.67821
37.202467,-81.678603
37.203634,-81.681379
37.205649,-81.683268
37.211098,-81.684012
37.211452,-81.683544
37.213105,-81.686717
37.21357,-81.695113
37.218201,-81.698954
37.228771,-81.71573
37.234321,-81.716248
37.237785,-81.719554
37.240493,-81.723061
37.240522,-81.726171
37.239823,-81.728194
37.238127,-81.73332
37.238264,-81.738543
37.23883697,-81.73927669
37.242528,-81.744003
37.244178,-81.744291
37.245858,-81.74342
37.247601,-81.743505
37.254052,-81.740974
37.254784,-81.741662
37.255127,-81.743008
37.258125,-81.745445
37.26133,-81.745505
37.263597,-81.746109
37.264329,-81.747656
37.265131,-81.75129
37.265568,-81.752123
37.266614,-81.752912
37.26772,-81.755012
37.27001,-81.757531
37.271124,-81.757714
37.271934,-81.75773
37.274003,-81.757631
37.275254,-81.76022
37.275713,-81.761752
37.275391,-81.762776
37.275218,-81.763836
37.275099,-81.765195
37.274216,-81.767837
37.274807,-81.774684
37.274847,-81.774747
37.275873,-81.777319
37.277394,-81.77935
37.279982,-81.779362
37.28258,-81.783122
37.284416,-81.789294
37.281674,-81.793425
37.282188,-81.793639
37.283538,-81.793115
37.284838,-81.793595
37.285916,-81.803275
37.285622,-81.805382
37.283175,-81.807232
37.283003,-81.809184
37.28298,-81.810559
37.281091,-81.813222
37.279865,-81.816702
37.279411,-81.819625
37.279536,-81.825065
37.281763,-81.83447
37.283086,-81.834387
37.284535,-81.833406
37.285416,-81.834432
37.286343,-81.838762
37.285556,-81.84231
37.285586,-81.843167
37.284649,-81.846807
37.285227,-81.849949
37.287701,-81.853551
37.291352,-81.854059
37.294763,-81.853488
37.299937,-81.854465
37.300418,-81.853978
37.300779,-81.853645
37.30657,-81.85446
37.306742,-81.856032
37.304765,-81.859624
37.305648,-81.862031
37.308404,-81.86476
37.308839,-81.865219
37.309484,-81.865683
37.31012,-81.865429
37.31223,-81.863712
37.313965,-81.859928
37.315715,-81.860267
37.320838,-81.867425
37.320667,-81.87018
37.323314,-81.872662
37.325065,-81.873213
37.328837,-81.878343
37.331753,-81.878713
37.332074,-81.879601
37.331146,-81.880886
37.330665,-81.885075
37.330725,-81.886952
37.331156,-81.887722
37.330134,-81.892876
37.330105,-81.893773
37.331381,-81.894768
37.332012,-81.894797
37.332022,-81.895489
37.331967,-81.896001
37.340277,-81.899459
37.341102,-81.899495
37.34234,-81.902992
37.34305,-81.903795
37.342775,-81.905945
37.34276,-81.906368
37.343119,-81.907322
37.343783,-81.907895
37.348729,-81.910875
37.348839,-81.911487
37.349339,-81.911951
37.349346,-81.916678
37.353402,-81.920279
37.355416,-81.920711
37.356423,-81.921571
37.357316,-81.925643
37.358942,-81.926589
37.360645,-81.928497
37.364618,-81.926697
37.366589,-81.929915
37.366728,-81.930194
37.372747,-81.933895
37.374229,-81.932763
37.377796,-81.93388
37.378554,-81.935872
37.38073,-81.936744
37.389217,-81.933601
37.393845,-81.928778
37.398059,-81.92828
37.401656,-81.930786
37.405291,-81.930042
37.406844,-81.927338
37.406874,-81.925764
37.407613,-81.924506
37.411379,-81.923481
37.415217,-81.932468
37.41992,-81.93695
37.429058,-81.940553
37.432111,-81.937838
37.43639,-81.935316
37.438397,-81.935621
37.440463,-81.938843
37.440485,-81.941175
37.439929,-81.942856
37.440214,-81.945765
37.445687,-81.949367
37.448045,-81.958672
37.446918,-81.965582
37.450324,-81.969342
37.451496,-81.968795
37.457186,-81.976176
37.45721,-81.980013
37.454315,-81.984891
37.454878,-81.987006
37.460916,-81.99227
37.469833,-81.995649
37.476705,-81.996578
37.482969,-81.992916
37.484879,-81.989849
37.485681,-81.985703
37.485447,-81.980327
37.484604,-81.979169
37.484603,-81.977593
37.489904,-81.97073
37.493488,-81.964986
37.491504,-81.957213
37.491763,-81.953264
37.492274,-81.952681
37.494162,-81.952735
37.495302,-81.954167
37.496084,-81.954364
37.499822,-81.954077
37.501314,-81.953147
37.50205,-81.951831
37.502376,-81.949188
37.501901,-81.945957
37.502929,-81.943912
37.506976,-81.944188
37.508609,-81.943045
37.509483,-81.941151
37.511961,-81.932279
37.512118,-81.92787
37.51220852,-81.92775866
37.51304,-81.926736
37.514207,-81.926391
37.518968,-81.933088
37.51423,-81.936996
37.512902,-81.938749
37.512306,-81.941968
37.512879,-81.943865
37.513657,-81.944756
37.51661,-81.945475
37.519609,-81.943779
37.521212,-81.943693
37.523913,-81.947085
37.52508,-81.94766
37.52753,-81.947545
37.5303,-81.943981
37.530964,-81.94401
37.531742,-81.946022
37.528056,-81.953524
37.52849,-81.95663
37.529841,-81.957693
37.533206,-81.957436
37.534259,-81.956947
37.535198,-81.957379
37.53522,-81.959362
37.532815,-81.967583
37.534325,-81.969279
37.537798,-81.968297
37.541171,-81.965401
37.543026,-81.964971
37.546504,-81.970147
37.545426,-81.976386
37.542357,-81.980841
37.541807,-81.982479
37.542835,-81.987511
37.542514,-81.989092
37.538323,-81.992597
37.537612,-81.994033
37.538572,-81.996909
37.542808,-81.996912
37.543082,-81.998177
37.542579,-81.999844
37.533677,-82.007412
37.533243,-82.009194
37.533564,-82.013966
37.534321,-82.01592
37.538556,-82.016925
37.540572,-82.018878
37.540526,-82.021006
37.538261,-82.025261
37.537667,-82.028826
37.542729,-82.036932
37.546918,-82.038024
37.547926,-82.038972
37.548361,-82.042825
37.546713,-82.04478
37.544516,-82.045155
37.541814,-82.04481
37.53577,-82.042396
37.533916,-82.042397
37.529017,-82.044382
37.528193,-82.046653
37.528972,-82.048205
37.533962,-82.048463
37.535222,-82.049584
37.536756,-82.054787
37.536893,-82.05746
37.536001,-82.061256
37.536206,-82.063326
37.53687,-82.064418
37.539021,-82.064792
37.541929,-82.063671
37.544516,-82.064418
37.555023,-82.073246
37.555824,-82.07503
37.55541,-82.084605
37.556004,-82.089178
37.5533,-82.098924
37.553046,-82.102893
37.553275,-82.104532
37.554007,-82.105136
37.555655,-82.104303
37.558106,-82.101946
37.559456,-82.102263
37.560097,-82.103127
37.559588,-82.116584
37.556999,-82.120609
37.552763,-82.121985
37.551389,-82.123824
37.551345,-82.127089
37.552423,-82.131776
37.552996,-82.133299
37.554439,-82.134506
37.557278,-82.134705
37.560711,-82.133495
37.562245,-82.133954
37.564421,-82.1368
37.565773,-82.143183
37.566941,-82.144563
37.568315,-82.144648
37.570375,-82.143468
37.570946,-82.141828
37.571972,-82.129604
37.572681,-82.127303
37.57641,-82.124372
37.577806,-82.124307
37.579021,-82.125601
37.586667,-82.127321
37.591544,-82.130165
37.593537,-82.131977
37.595166,-82.141555
37.59265,-82.146419
37.59091,-82.148434
37.59279,-82.156718
37.596773,-82.157609
37.604945,-82.15611
37.609202,-82.156741
37.609546,-82.158554
37.608014,-82.164454
37.608495,-82.168137
37.609869,-82.169057
37.613028,-82.1692
37.618292,-82.164767
37.620192,-82.164191
37.621818,-82.167126
37.621978,-82.169515
37.61985,-82.17271
37.618202,-82.176682
37.621842,-82.18143
37.623971,-82.182438
37.626798,-82.181398
37.631055,-82.173482
37.632589,-82.172446
37.634008,-82.172762
37.637396,-82.175956
37.640417,-82.177511
37.641722,-82.177338
37.646529,-82.174688
37.647422,-82.174631
37.647971,-82.175264
37.648956,-82.177625
37.648933,-82.185456
37.647582,-82.187989
37.644378,-82.191444
37.642867,-82.191242
37.640394,-82.189688
37.63854,-82.187845
37.637029,-82.187471
37.629292,-82.18632
37.627576,-82.186694
37.626935,-82.187298
37.625606,-82.192394
37.627895,-82.201201
37.627483,-82.202467
37.626132,-82.203388
37.625811,-82.204337
37.625103,-82.209691
37.625408,-82.21349
37.626244,-82.215649
37.627572,-82.214815
37.633912,-82.2202
37.634781,-82.220257
37.635903,-82.219078
37.639956,-82.21669
37.641329,-82.216691
37.642931,-82.21934
37.644554,-82.223602
37.647003,-82.224956
37.651947,-82.225535
37.653092,-82.226111
37.661465,-82.23939
37.661785,-82.240773
37.660959,-82.243911
37.656907,-82.252273
37.656749,-82.257111
37.662407,-82.267962
37.663782,-82.272021
37.669998,-82.277876
37.675826,-82.282297
37.676078,-82.283506
37.675277,-82.284687
37.670127,-82.286446
37.668227,-82.288174
37.669143,-82.291773
37.670448,-82.294393
37.672257,-82.29471
37.673378,-82.294134
37.677957,-82.294392
37.678277,-82.294737
37.678071,-82.296724
37.675554,-82.302312
37.67576,-82.303953
37.677157,-82.304501
37.678392,-82.303867
37.684228,-82.297126
37.686174,-82.296118
37.687067,-82.296262
37.687753,-82.297788
37.690775,-82.301504
37.693683,-82.302886
37.696223,-82.301964
37.699817,-82.297325
37.702403,-82.296634
37.704143,-82.298074
37.706135,-82.300954
37.706708,-82.305679
37.707669,-82.307235
37.7133,-82.310665
37.717329,-82.311097
37.718771,-82.311702
37.721541,-82.316197
37.72772,-82.317869
37.733053,-82.318302
37.733763,-82.318879
37.734404,-82.319686
37.736257,-82.326834
37.74096884,-82.33304432
37.7412,-82.333349
37.743283,-82.333581
37.74848,-82.328221
37.751269,-82.321415
37.755435,-82.321012
37.758892,-82.319023
37.759624,-82.317668
37.760677,-82.312968
37.762005,-82.310893
37.762692,-82.310777
37.764294,-82.311642
37.765027,-82.312824
37.764889,-82.317611
37.762233,-82.327356
37.762393,-82.32946
37.763125,-82.331162
37.765391,-82.333816
37.766306,-82.333903
37.768161,-82.331654
37.772534,-82.323696
37.773907,-82.323004
37.775028,-82.323696
37.776172,-82.32583
37.775897,-82.329867
37.774249,-82.332607
37.7745,-82.335981
37.775369,-82.337596
37.776857,-82.338895
37.778276,-82.339097
37.780428,-82.338377
37.785509,-82.339705
37.786058,-82.340455
37.787178,-82.348849
37.793104,-82.354275
37.793859,-82.356122
37.794429,-82.361199
37.795435,-82.363795
37.796784,-82.364979
37.798318,-82.365557
37.800628,-82.36778
37.801749,-82.369973
37.80216,-82.374867
37.803009,-82.377393
37.80832,-82.378514
37.810907,-82.37958
37.81741,-82.385259
37.818212,-82.386586
37.818212,-82.387769
37.817206,-82.389212
37.811668,-82.393746
37.809014,-82.396978
37.808785,-82.39871
37.810091,-82.401652
37.810984,-82.402228
37.812678,-82.402199
37.821648,-82.398444
37.829935,-82.39968
37.835499,-82.407874
37.836644,-82.408941
37.844793,-82.412172
37.845343,-82.413153
37.845664,-82.417367
37.846809,-82.420484
37.847496,-82.420484
37.854132,-82.41546
37.85556863,-82.41491384
37.85626,-82.414651
37.859397,-82.421983
37.860313,-82.423513
37.861709,-82.424264
37.863037,-82.42409
37.863952,-82.422127
37.865392,-82.409799
37.866056,-82.408441
37.867475,-82.407459
37.868826,-82.410288
37.869033,-82.414417
37.869628,-82.416323
37.870658,-82.417679
37.872375,-82.41869
37.875095,-82.419337
37.882081,-82.419204
37.883821,-82.419781
37.885652,-82.421484
37.888285,-82.429023
37.88991,-82.432113
37.897028,-82.435751
37.900256,-82.438582
37.904352,-82.447596
37.908472,-82.451352
37.908998,-82.452883
37.909089,-82.457794
37.909569,-82.459759
37.910736,-82.460741
37.913093,-82.461493
37.914832,-82.462881
37.915038,-82.464297
37.913847,-82.468197
37.910962,-82.468947
37.904005,-82.468568
37.90222,-82.469058
37.899358,-82.471223
37.899243,-82.472523
37.900295,-82.474574
37.9024,-82.475991
37.904048,-82.475818
37.905902,-82.474635
37.908054,-82.474232
37.910388,-82.474666
37.911945,-82.475534
37.914827,-82.47932
37.916975,-82.487556
37.91812,-82.488279
37.919905,-82.487616
37.924303,-82.481001
37.925836,-82.480338
37.927025,-82.483951
37.927043,-82.49574
37.9283,-82.49814
37.9332,-82.501862
37.934756,-82.501948
37.936518,-82.500386
37.936791,-82.49754
37.93581,-82.491182
37.936635,-82.489737
37.937963,-82.48916
37.938718,-82.489045
37.939107,-82.489566
37.940455,-82.493728
37.942262,-82.496822
37.942903,-82.497285
37.94549086,-82.49729991
37.945507,-82.4973
37.946405,-82.496681
37.946612,-82.495294
37.945288,-82.487836
37.946044,-82.48512
37.949136,-82.48096
37.954906,-82.475096
37.959119,-82.471801
37.959988,-82.471657
37.960721,-82.472669
37.962,-82.479031
37.963646,-82.484265
37.965752,-82.484758
37.969895,-82.484413
37.971566,-82.483836
37.973169,-82.479963
37.973059,-82.46938
37.976859,-82.464987
37.980295,-82.464067
37.983412,-82.464257
37.98478,-82.465473
37.985578,-82.467015
37.986826,-82.471629
37.984014,-82.482695
37.984505,-82.483871
37.98692,-82.485128
37.989352,-82.485675
37.995705,-82.485967
37.99833,-82.487732
37.998869,-82.48978
37.999157,-82.499874
38.001512,-82.507197
38.001249,-82.509812
37.99967392,-82.51327121
37.99992892,-82.5159742
38.00120391,-82.51735119
38.0024789,-82.51781019
38.00513089,-82.51735119
38.00722188,-82.51760619
38.008538,-82.519665
38.012968,-82.522591
38.019564,-82.525831
38.026406,-82.525817
38.027586,-82.527068
38.028792,-82.530371
38.03225,-82.534976
38.037381,-82.538639
38.039788,-82.539071
38.042701,-82.53747
38.045204,-82.537293
38.048444,-82.541245
38.052133,-82.543916
38.054262,-82.544779
38.058521,-82.54485
38.061094,-82.547284
38.063063,-82.549407
38.068579,-82.54958
38.070799,-82.551259
38.072837,-82.559598
38.08064,-82.565736
38.082104,-82.574075
38.090663,-82.584039
38.094256,-82.585488
38.098055,-82.585142
38.107003,-82.585696
38.108879,-82.587782
38.109908,-82.59178
38.110869,-82.593605
38.115925,-82.598011
38.117389,-82.600127
38.11835,-82.602618
38.120843,-82.606589
38.120221,-82.616149
38.120745,-82.619452
38.121477,-82.620351
38.123239,-82.621164
38.131996,-82.621167
38.133414,-82.622125
38.134835,-82.626182
38.136669,-82.634265
38.13786,-82.636466
38.13905,-82.637306
38.143491,-82.638288
38.152157,-82.638398
38.156742,-82.638947
38.165487,-82.644739
38.16956,-82.642997
38.171114,-82.639054
38.170491,-82.625457
38.169027,-82.619429
38.170242,-82.613487
38.171548,-82.611343
38.187639,-82.60425
38.197231,-82.599326
38.201007,-82.598864
38.217393,-82.598437
38.218949,-82.600353
38.221144,-82.60575
38.22366,-82.608944
38.226772,-82.610367
38.234553,-82.61252
38.236087,-82.61226
38.245975,-82.607131
38.247303,-82.605333
38.247303,-82.604625
38.247303,-82.60423
38.245453,-82.59497
38.245616,-82.586061
38.246371,-82.584001
38.248592,-82.581796
38.254809,-82.578254
38.263873,-82.574656
38.274721,-82.5746
38.277513,-82.57672
38.281747,-82.578782
38.284928,-82.57948
38.291726,-82.579743
38.295478,-82.582823
38.296829,-82.583056
38.300445,-82.58146
38.305458,-82.578352
38.311981,-82.572893
38.313606,-82.571964
38.315781,-82.571877
38.318801,-82.572691
38.328275,-82.576936
38.334064,-82.585363
38.338595,-82.587951
38.340265,-82.589724
38.34166,-82.592543
38.342849,-82.596525
38.344909,-82.597979
38.357885,-82.598189
38.364843,-82.597524
38.367338,-82.596654
38.371847,-82.593952
38.375082,-82.593008
38.382712,-82.595382
38.382722,-82.595369
38.388738,-82.599273
38.39037,-82.599737
38.39317,-82.599241
38.395154,-82.597801
38.40133,-82.595001
38.409937,-82.597033
38.412881,-82.597113
38.417681,-82.596281
38.421809,-82.593673
38.415489,-82.588249
38.41013,-82.579976
38.40877,-82.577176
38.406258,-82.569368
38.404338,-82.560664
38.403202,-82.549799
38.403666,-82.540199
38.405182,-82.529579
38.410782,-82.507678
38.41078284,-82.50767558
38.418082,-82.486577
38.424682,-82.459676
38.426982,-82.447076
38.430082,-82.434375
38.439347,-82.404882
38.434355,-82.389746
38.434783,-82.381773
38.438596,-82.360145
38.440948,-82.34064
38.4445,-82.330335
38.449268,-82.323999
38.457876,-82.318111
38.468084,-82.313935
38.476116,-82.312511
38.483172,-82.310639
38.490692,-82.306351
38.496308,-82.304223
38.504384,-82.303071
38.517683,-82.303971
38.523183,-82.302871
38.529383,-82.300271
38.533283,-82.297771
38.538483,-82.295671
38.560283,-82.293271
38.572683,-82.293871
38.575383,-82.293471
38.578983,-82.291271
38.58258816,-82.28710153
38.593683,-82.27427
38.595383,-82.27147
38.598183,-82.26207
38.598783,-82.252469
38.598483,-82.245969
38.591384,-82.222168
38.591683,-82.218967
38.591719,-82.205171
38.593096,-82.193824
38.594984,-82.188767
38.599384,-82.181967
38.603784,-82.177267
38.608484,-82.175167
38.619284,-82.172066
38.625984,-82.172066
38.629684,-82.172667
38.633183,-82.174267
38.642783,-82.176767
38.648883,-82.179067
38.659583,-82.185567
38.666783,-82.186067
38.672683,-82.187667
38.680383,-82.190867
38.687382,-82.190167
38.699182,-82.185067
38.705482,-82.182867
38.708782,-82.182467
38.715882,-82.184567
38.722482,-82.186568
38.734082,-82.188268
38.737382,-82.189668
38.741182,-82.193268
38.752441,-82.195606
38.757725,-82.198882
38.760372,-82.201537
38.763943,-82.207141
38.76835,-82.216614
38.773739,-82.220449
38.77981,-82.221518
38.787187,-82.221566
38.79568,-82.217269
38.798691,-82.214494
38.802672,-82.20929
38.808688,-82.19928
38.815137,-82.191172
38.817376,-82.179478
38.822437,-82.165898
38.824632,-82.16157
38.83698,-82.147667
38.84048,-82.144867
38.851394,-82.141616
38.86502,-82.139224
38.870345,-82.139988
38.87708,-82.142167
38.883479,-82.145267
38.891679,-82.144567
38.898079,-82.143167
38.905579,-82.134766
38.909979,-82.128866
38.921079,-82.120966
38.932579,-82.111666
38.935279,-82.110565
38.940379,-82.110866
38.945579,-82.109065
38.955678,-82.100565
38.95831932,-82.09887337
38.964578,-82.094865
38.97098,-82.093165
38.973778,-82.091565
38.975978,-82.089065
38.981078,-82.079364
38.984878,-82.068864
38.990078,-82.058764
38.994378,-82.051563
38.997278,-82.049163
39.003778,-82.045663
39.017878,-82.041563
39.022678,-82.038763
39.025478,-82.035963
39.028378,-82.027262
39.030078,-82.017562
39.029578,-82.007062
39.027878,-82.002261
39.022478,-81.994961
39.018378,-81.991361
39.011978,-81.987061
39.005478,-81.983761
39.001978,-81.982761
38.995697,-81.982032
38.994351,-81.981158
38.993193,-81.979371
38.992679,-81.977455
38.992413,-81.973871
38.992955,-81.967769
38.994275,-81.960832
38.995227,-81.95926
38.996032,-81.951447
38.993295,-81.941829
38.990414,-81.936828
38.987659,-81.933186
38.977508,-81.926561
38.966595,-81.918214
38.954343,-81.912443
38.945262,-81.9066
38.937671,-81.900595
38.929603,-81.89847
38.925405,-81.899953
38.924338,-81.90091
38.917403,-81.908341
38.915564,-81.911936
38.910604,-81.917757
38.908615,-81.919098
38.901311,-81.926671
38.895371,-81.928352
38.893492,-81.928
38.891602,-81.926967
38.88427,-81.915898
38.879294,-81.910312
38.87846,-81.908645
38.874582,-81.898541
38.873869,-81.892837
38.874279,-81.889233
38.881174,-81.874857
38.89019,-81.858921
38.892734,-81.855971
38.901407,-81.848653
38.910088,-81.845312
38.913192,-81.84607
38.928746,-81.844486
38.937135,-81.838067
38.943697,-81.831516
38.945898,-81.827354
38.946603,-81.825026
38.947016,-81.819692
38.946168,-81.814235
38.942112,-81.806137
38.932498,-81.796376
38.930204,-81.793372
38.926193,-81.785647
38.924804,-81.781248
38.922965,-81.774106
38.92273,-81.76976
38.922946,-81.766227
38.924121,-81.762659
38.925828,-81.759995
38.927942,-81.758506
38.933545,-81.756131
38.937152,-81.756975
38.948707,-81.769703
38.951645,-81.77396
38.955892,-81.778845
38.958975,-81.780736
38.964935,-81.78182
38.972773,-81.779883
38.980737,-81.775734
38.982048,-81.776466
38.985142,-81.776723
38.990107,-81.775551
38.993682,-81.774062
38.996845,-81.771975
39.000115,-81.767188
39.002579,-81.765153
39.006579,-81.764253
39.015279,-81.764253
39.019979,-81.767253
39.026179,-81.772854
39.036579,-81.786554
39.040353,-81.793304
39.044978,-81.800355
39.047678,-81.803355
39.055178,-81.808955
39.059578,-81.811655
39.065878,-81.813355
39.073478,-81.814155
39.079278,-81.813855
39.082078,-81.812355
39.083278,-81.810655
39.083978,-81.807855
39.083878,-81.803055
39.082878,-81.798155
39.079778,-81.790754
39.078578,-81.785554
39.078078,-81.781454
39.078378,-81.775554
39.081978,-81.764854
39.084078,-81.760753
39.089878,-81.752353
39.095378,-81.747253
39.09537845,-81.7472527
39.098078,-81.745453
39.102378,-81.743853
39.106578,-81.742953
39.116777,-81.742153
39.126816,-81.744568
39.130898,-81.744838
39.138829,-81.744525
39.141933,-81.743565
39.148413,-81.744621
39.171476,-81.754254
39.177276,-81.756254
39.1805242,-81.75581505
39.180976,-81.755754
39.184676,-81.752754
39.186489,-81.749853
39.189596,-81.741533
39.193836,-81.737085
39.196268,-81.735805
39.205868,-81.733357
39.211884,-81.729949
39.215068,-81.726973
39.21583522,-81.72558347
39.216508,-81.724365
39.219228,-81.711628
39.220844,-81.700908
39.224107,-81.694603
39.226443,-81.692395
39.227947,-81.691339
39.230139,-81.691067
39.236091,-81.692203
39.242859,-81.695724
39.246123,-81.696636
39.248747,-81.696988
39.257035,-81.69638
39.263227,-81.69206
39.266043,-81.689483
39.270939,-81.683627
39.273755,-81.678331
39.275963,-81.670187
39.277355,-81.656138
39.277195,-81.643178
39.273643,-81.621305
39.275339,-81.613896
39.276043,-81.608408
39.275531,-81.603352
39.273387,-81.59516
39.269787,-81.588583
39.268747,-81.585559
39.267675,-81.570247
39.270675,-81.567347
39.276175,-81.565247
39.293874,-81.565047
39.317874,-81.560147
39.330774,-81.559647
39.338774,-81.557547
39.352874,-81.542346
39.358234,-81.53447
39.36161,-81.524309
39.36705,-81.513493
39.373242,-81.503189
39.384074,-81.489044
39.389674,-81.4829
39.40017,-81.473188
39.403774,-81.467744
39.409274,-81.456143
39.410374,-81.446543
39.408474,-81.435642
39.405374,-81.428642
39.400378,-81.420578
39.394618,-81.412706
39.38809,-81.406689
39.376914,-81.40277
39.369221,-81.400744
39.355553,-81.395883
39.351706,-81.393794
39.348814,-81.391249
39.343449,-81.384556
39.342081,-81.379674
39.341697,-81.375961
39.34206164,-81.3712707
39.343178,-81.356911
39.34577,-81.347567
39.348042,-81.342623
39.352794,-81.335599
39.358186,-81.326174
39.36129,-81.319598
39.370538,-81.304798
39.374378,-81.297517
39.379258,-81.281405
39.383786,-81.275677
39.385914,-81.270716
39.386698,-81.259788
39.389992,-81.249088
39.390276,-81.24184
39.386062,-81.223581
39.386172,-81.221372
39.38759,-81.217315
39.390656,-81.213064
39.392977,-81.211654
39.397112,-81.21087
39.402031,-81.211433
39.403563,-81.210833
39.407147,-81.208231
39.410786,-81.205223
39.415303,-81.200412
39.423562,-81.190714
39.430731,-81.185946
39.433533,-81.182307
39.435121,-81.179934
39.439175,-81.170634
39.441186,-81.16352
39.443175,-81.152534
39.443775,-81.138134
39.445075,-81.134434
39.446275,-81.132534
39.449375,-81.128533
39.453375,-81.124733
39.45775678,-81.12147214
39.466275,-81.115133
39.466275,-81.114433
39.487175,-81.100833
39.496975,-81.091433
39.50966,-81.07595
39.515991,-81.070594
39.522744,-81.060379
39.52931,-81.051982
39.531893,-81.049955
39.5363,-81.044902
39.54004753,-81.03870602
39.545211,-81.030169
39.548547,-81.026662
39.552313,-81.0239
39.55541,-81.020055
39.562798,-81.00866
39.56912,-80.996804
39.571253,-80.993695
39.577262,-80.987732
39.583517,-80.978664
39.590127,-80.970436
39.606926,-80.943782
39.612616,-80.936906
39.614812,-80.933292
39.617396,-80.925841
39.618703,-80.91762
39.618431,-80.906247
39.616757,-80.896514
39.616756,-80.892208
39.620706,-80.88036
39.627084,-80.876002
39.638963,-80.87102
39.641764,-80.870473
39.642885,-80.870771
39.646896,-80.869802
39.652616,-80.866647
39.662751,-80.865575
39.678487,-80.86667
39.683167,-80.86633
39.686484,-80.865805
39.691724,-80.863698
39.693625,-80.861718
39.697473,-80.854599
39.69856,-80.852
39.69944,-80.844721
39.701033,-80.839112
39.703497,-80.833882
39.705655,-80.831871
39.711839,-80.829764
39.714041,-80.829723
39.719475,-80.831551
39.72081235,-80.83346277
39.721582,-80.834563
39.723925,-80.836597
39.737812,-80.846091
39.74104,-80.852738
39.742592,-80.854717
39.753251,-80.865339
39.757116,-80.867596
39.763555,-80.869933
39.766364,-80.869092
39.771738,-80.866329
39.775197,-80.863048
39.79069,-80.835311
39.798584,-80.826079
39.801092,-80.824969
39.811708,-80.822181
39.824971,-80.82248
39.827484,-80.82303
39.835802,-80.826228
39.841656,-80.826964
39.844238,-80.826124
39.847159,-80.824276
39.849982,-80.821279
39.853032,-80.81643
39.858912,-80.799898
39.863751,-80.793131
39.86728,-80.790761
39.872252,-80.790156
39.882787,-80.793989
39.88553,-80.796162
39.89161,-80.802339
39.897306,-80.806179
39.903226,-80.809011
39.906106,-80.809683
39.910314,-80.809283
39.914938,-80.807618
39.91713,-80.806018
39.918762,-80.803394
39.919434,-80.80053
39.91969,-80.795714
39.917162,-80.782849
39.911306,-80.772641
39.909642,-80.768272
39.908906,-80.762592
39.908906,-80.760656
39.909466,-80.759296
39.910426,-80.758304
39.91393,-80.756432
39.916554,-80.755936
39.920586,-80.756784
39.929098,-80.761312
39.946602,-80.764511
39.95025,-80.764479
39.953514,-80.763375
39.959241,-80.758527
39.961561,-80.755135
39.966233,-80.74627
39.969113,-80.743166
39.970793,-80.740126
39.985113,-80.738717
39.993929,-80.740045
39.996857,-80.741085
40.005641,-80.742045
40.007929,-80.741901
40.015225,-80.740509
40.020761,-80.737805
40.022969,-80.737341
40.027593,-80.737389
40.029929,-80.7363
40.033272,-80.733304
40.03335744,-80.73326738
40.037472,-80.731504
40.046672,-80.730904
40.049172,-80.730904
40.058772,-80.733104
40.059672,-80.734304
40.064972,-80.737104
40.071472,-80.738504
40.075672,-80.738604
40.080072,-80.736804
40.086472,-80.730704
40.096872,-80.713003
40.099572,-80.710203
40.101472,-80.709102
40.105372,-80.707702
40.110872,-80.706702
40.113272,-80.707002
40.117256,-80.708106
40.118088,-80.70881
40.125271,-80.710554
40.138311,-80.710042
40.144999,-80.707322
40.151591,-80.705994
40.154823,-80.704602
40.15717326,-80.70298172
40.181607,-80.686137
40.184215,-80.683705
40.185495,-80.682008
40.18556624,-80.68181218
40.186371,-80.6796
40.192371,-80.6726
40.199671,-80.6681
40.206271,-80.666299
40.21917,-80.664299
40.229798,-80.661543
40.24497,-80.652098
40.25127,-80.644598
40.25507,-80.637198
40.25427,-80.637098
40.26177,-80.622497
40.26517,-80.619297
40.27227,-80.616196
40.285269,-80.616796
40.291969,-80.614896
40.303869,-80.606596
40.307069,-80.602895
40.317669,-80.599895
40.321169,-80.600495
40.327869,-80.602895
40.340868,-80.610796
40.347668,-80.612796
40.355168,-80.611796
40.361968,-80.608695
40.369568,-80.607595
40.374968,-80.609695
40.378768,-80.614396
40.381768,-80.619196
40.3849,-80.63074
40.385468,-80.631596
40.390467,-80.633596
40.393667,-80.632196
40.39500665,-80.62969937
40.395867,-80.628096
40.399867,-80.615195
40.402667,-80.612195
40.403867,-80.611795
40.407667,-80.612695
40.418567,-80.612295
40.429367,-80.612995
40.434867,-80.612295
40.437767,-80.611195
40.446667,-80.604895
40.449767,-80.604395
40.458366,-80.598294
40.463366,-80.596094
40.471366,-80.594794
40.475266,-80.595494
40.482566,-80.599194
40.484226,-80.60245
40.489506,-80.609058
40.502049,-80.618003
40.512257,-80.620883
40.520497,-80.622195
40.535793,-80.627507
40.537921,-80.630483
40.538705,-80.633107
40.548417,-80.64138
40.562544,-80.652436
40.565184,-80.655316
40.570176,-80.662708
40.573664,-80.666917
40.578096,-80.667781
40.582496,-80.667957
40.587728,-80.665892
40.5916,-80.662564
40.596544,-80.655188
40.59648,-80.653972
40.597744,-80.651716
40.603648,-80.644963
40.61128,-80.639379
40.616095,-80.634355
40.619936,-80.627171
40.621696,-80.616002
40.625064,-80.603876
40.625263,-80.598764
40.623664,-80.594065
40.622496,-80.592049
40.61552,-80.583633
40.614304,-80.579856
40.614224,-80.576736
40.615456,-80.571936
40.617552,-80.56784
40.62368,-80.56072
40.628847,-80.551126
40.629702,-80.545892
40.632122,-80.539541
40.63559,-80.532737
40.636255,-80.530093
40.636068,-80.52566
40.636992,-80.521917
40.638801,-80.518991
40.616391,-80.519039
40.616385,-80.519086
40.590161,-80.519086
40.590173,-80.519055
40.517922,-80.519057
40.517922,-80.519054
40.4773633,-80.51899535
40.473667,-80.51899
40.462467,-80.51769
40.39964398,-80.51798733
40.398868,-80.517991
40.367968,-80.517991
40.342101,-80.519039
40.172771,-80.519056
40.172744,-80.519056
40.159672,-80.519104
40.078089,-80.51896
40.077001,-80.519008
40.01641,-80.51912
39.963381,-80.519207
39.962424,-80.519218
39.96219938,-80.51921689
39.959394,-80.519203
39.956648,-80.519175
39.939188,-80.519115
39.936967,-80.519248
39.890964,-80.518891
39.806181,-80.519423
39.721403,-80.519342
39.721189,-80.421388
39.721264,-80.309457
39.721283,-80.308651
39.72135,-80.075947