3243,COAHUILA
29.86386004,-102.326652
29.86413562,-102.324058
29.86558064,-102.3227223
29.86794267,-102.3226624
29.87078098,-102.3233641
29.87351036,-102.3244391
29.87607322,-102.3230817
29.87907884,-102.3211887
29.8804066,-102.3198538
29.88123396,-102.3162147
29.88108392,-102.3145437
29.8794649,-102.312644
29.87876368,-102.3116298
29.87828832,-102.3103473
29.87847253,-102.3082647
29.87908233,-102.3051448
29.87900811,-102.3013987
29.87874119,-102.2994676
29.8773647,-102.2979489
29.87598747,-102.2968285
29.87471865,-102.2955687
29.87423533,-102.2936307
29.87312545,-102.2891376
29.87251648,-102.2868334
29.87159015,-102.2855668
29.86726573,-102.2839951
29.86509526,-102.2827593
29.86381863,-102.2807215
29.86365128,-102.278403
29.86360132,-102.2759529
29.86524645,-102.2733139
29.86689067,-102.2711997
29.8686265,-102.2681716
29.86893554,-102.2666142
29.86845185,-102.2646842
29.86762491,-102.2631658
29.86568009,-102.2616633
29.864094,-102.26132
29.86197353,-102.2625398
29.8591689,-102.2631351
29.85737441,-102.2634403
29.8554541,-102.2634944
29.85419358,-102.2624951
29.85380121,-102.2597859
29.85339178,-102.256429
29.85335032,-102.254102
29.85465193,-102.2518746
29.85666358,-102.2510422
29.85914304,-102.2508365
29.86195585,-102.2507607
29.86329111,-102.2500807
29.86461813,-102.2488836
29.86527781,-102.2478312
29.86467669,-102.2459075
29.86294826,-102.2442673
29.85943397,-102.2432068
29.85696335,-102.2435355
29.85325643,-102.2446724
29.85123677,-102.2448469
29.849083,-102.2442596
29.84825605,-102.2426046
29.8482309,-102.2413145
29.84797173,-102.2397588
29.84862272,-102.2384609
29.84878028,-102.2354776
29.84896337,-102.2335247
29.84893003,-102.2315946
29.84812026,-102.2304581
29.84570697,-102.2284435
29.84317694,-102.226063
29.84150229,-102.2244532
29.84122319,-102.2241709
29.84103823,-102.220952
29.84188049,-102.2180825
29.84331587,-102.2166178
29.84462602,-102.2143902
29.84509985,-102.2104911
29.84459794,-102.2081789
29.84366259,-102.2063935
29.84124076,-102.2037396
29.83790006,-102.2004665
29.83694704,-102.1983063
29.83711273,-102.1954538
29.83832284,-102.1937365
29.84066769,-102.1930267
29.84268766,-102.1925773
29.84483354,-102.1923932
29.84727843,-102.1908987
29.84882188,-102.1893033
29.84935559,-102.1877322
29.84828551,-102.1853132
29.84653094,-102.1822611
29.84275625,-102.1797815
29.84047684,-102.1784158
29.83687069,-102.1783861
29.83463379,-102.1793549
29.83227965,-102.180339
29.82912424,-102.1802931
29.82652794,-102.180102
29.8259085,-102.1776686
29.82595705,-102.1744259
29.82616173,-102.1683528
29.82544243,-102.1664299
29.82316256,-102.1653309
29.8210997,-102.1635847
29.81924483,-102.1611655
29.81754155,-102.1604408
29.81425142,-102.1597542
29.81296459,-102.1572132
29.81177684,-102.1547265
29.8113089,-102.1537799
29.81184207,-102.1524676
29.81192453,-102.151041
29.81029483,-102.1486301
29.80847438,-102.1477686
29.80742965,-102.1465009
29.80525809,-102.1450213
29.80330291,-102.1435265
29.80234062,-102.1407109
29.8021892,-102.1385204
29.80191176,-102.1360636
29.8003726,-102.1328831
29.7988509,-102.1303345
29.79803142,-102.1290751
29.79833929,-102.1273814
29.80020728,-102.1252524
29.801399,-102.123155
29.80212241,-102.1202935
29.80130306,-102.1187601
29.79869789,-102.1180585
29.79552447,-102.1176382
29.79326189,-102.1169215
29.7918831,-102.1159291
29.79208219,-102.114884
29.79319176,-102.1140839
29.79324781,-102.1112374
29.79244569,-102.1107418
29.79150034,-102.1087046
29.79270948,-102.1072468
29.79297304,-102.104005
29.79346218,-102.1003733
29.79217407,-102.0983513
29.79106754,-102.0941162
29.79238491,-102.0923922
29.79313428,-102.0905618
29.79353213,-102.0884779
29.79393911,-102.0861433
29.79471493,-102.0853427
29.79490494,-102.0840455
29.79396808,-102.0823973
29.79294047,-102.0819095
29.79256279,-102.0798574
29.7923196,-102.0793455
29.79184241,-102.0779342
29.79068002,-102.0764088
29.78920149,-102.076072
29.78702921,-102.0745925
29.78665139,-102.0726542
29.78674207,-102.0714875
29.7864547,-102.0687792
29.78664463,-102.067367
29.78658266,-102.0645219
29.78638568,-102.0609053
29.78665734,-102.0576546
29.78682052,-102.0550757
29.78633423,-102.0532756
29.78482892,-102.0519015
29.78491957,-102.0503537
29.78578555,-102.0490413
29.78712917,-102.0484759
29.78869819,-102.0479119
29.78977174,-102.0458139
29.79018695,-102.0441201
29.78992589,-102.0425708
29.78988133,-102.0405112
29.7911981,-102.0389158
29.79310065,-102.0384732
29.79595844,-102.0400686
29.79878933,-102.0409004
29.80081799,-102.0408313
29.80236909,-102.0395034
29.80311792,-102.0374063
29.80397486,-102.0355742
29.80392125,-102.0332481
29.80274958,-102.031073
29.80203759,-102.0295467
29.80198387,-102.0273576
29.8026064,-102.0247487
29.80278701,-102.0228104
29.80206595,-102.021018
29.79999248,-102.0190108
29.79908192,-102.018393
29.79792794,-102.0175232
29.79743225,-102.0154634
29.7986136,-102.0128533
29.7998129,-102.0108777
29.80055236,-102.0087869
29.80149919,-102.0057813
29.80323938,-102.0028816
29.80454674,-102.0009135
29.80495247,-102.000425
29.80496599,-102.0004018
29.80583604,-101.9990294
29.80605242,-101.9981817
29.80589011,-101.9967253
29.80551141,-101.9956799
29.8048983,-101.9948632
29.80335651,-101.9939625
29.80092213,-101.9932687
29.79897459,-101.9923074
29.79760407,-101.9912014
29.79677451,-101.9900489
29.79663015,-101.9884311
29.79714394,-101.9866995
29.79770289,-101.9860353
29.79844216,-101.9853413
29.79945189,-101.9843268
29.80131814,-101.9834104
29.80227384,-101.983281
29.8033377,-101.9828544
29.80490646,-101.9824265
29.80615065,-101.9821368
29.80685389,-101.982023
29.80820637,-101.9827698
29.8099465,-101.9830978
29.81226357,-101.9828002
29.81402163,-101.9823348
29.81495023,-101.9819844
29.81534688,-101.9815488
29.81555416,-101.9808095
29.81557214,-101.9803133
29.8153106,-101.9797188
29.81536455,-101.9784975
29.81572503,-101.9773679
29.81590524,-101.9765821
29.81585104,-101.9758726
29.81568852,-101.9743167
29.81550803,-101.9732027
29.81529156,-101.9726832
29.81462432,-101.9723021
29.81389393,-101.9716845
29.81364134,-101.9708988
29.8137133,-101.9699451
29.81350576,-101.9689836
29.81317199,-101.9680454
29.81269394,-101.9670375
29.81149464,-101.9661293
29.81004289,-101.9653065
29.80887978,-101.9650691
29.80720283,-101.965222
29.80569717,-101.9653142
29.80489465,-101.9648867
29.80377656,-101.9644825
29.80186505,-101.9640398
29.80012479,-101.9634136
29.79817693,-101.9618041
29.79663454,-101.9592784
29.79578664,-101.9577836
29.79538954,-101.9562952
29.79550645,-101.9551891
29.79601098,-101.9538153
29.79658782,-101.9530979
29.797426,-101.9519385
29.7984083,-101.9503824
29.79908419,-101.9493148
29.80021988,-101.9481694
29.80119322,-101.9468962
29.80161677,-101.9462473
29.80167965,-101.9455533
29.80148116,-101.945149
29.80099406,-101.9444695
29.80065121,-101.9437679
29.80071381,-101.942287
29.80080326,-101.9402737
29.800532,-101.9381753
29.80011672,-101.9367631
29.79947622,-101.9358628
29.79824056,-101.9347495
29.79695092,-101.9339336
29.79547203,-101.9333761
29.79235223,-101.932994
29.79230711,-101.9329101
29.79041362,-101.9327586
29.7893228,-101.9331623
29.78854754,-101.9335362
29.78781736,-101.9338944
29.78661816,-101.9338563
29.78550006,-101.9337044
29.78458922,-101.9332773
29.78432751,-101.9327128
29.78421001,-101.93201
29.78342507,-101.9307972
29.78270326,-101.9296451
29.78268463,-101.9282484
29.78288264,-101.9274395
29.78320682,-101.9265168
29.78398154,-101.9249685
29.78535123,-101.9231975
29.7862794,-101.9220922
29.78698249,-101.9216719
29.78791116,-101.9216261
29.78855121,-101.9213828
29.78923619,-101.9208332
29.79099354,-101.9190929
29.79230033,-101.9179266
29.79362516,-101.9167964
29.79440937,-101.9163849
29.79591448,-101.9152029
29.79693271,-101.9140276
29.79768936,-101.912669
29.79807631,-101.9112654
29.79833703,-101.9098994
29.79839038,-101.9085335
29.79805385,-101.9034064
29.79804208,-101.8988294
29.79750588,-101.8921377
29.79738773,-101.8907267
29.79667436,-101.8891018
29.79587095,-101.8876747
29.79462556,-101.8860115
29.79378625,-101.8848752
29.79347013,-101.8840885
29.79354159,-101.8831426
29.79382064,-101.8825015
29.79407285,-101.8821511
29.7946225,-101.8816699
29.79513605,-101.8811435
29.7954422,-101.8805862
29.79547778,-101.8799311
29.795261,-101.8793886
29.79464732,-101.8786178
29.79431295,-101.8775805
29.7939784,-101.8763068
29.79388762,-101.8754902
29.79398628,-101.8748118
29.79439136,-101.8739572
29.79515617,-101.8719123
29.79579525,-101.870538
29.79883869,-101.8654953
29.80165818,-101.8623755
29.80314407,-101.8602765
29.80354017,-101.8595602
29.80405344,-101.8588036
29.80588251,-101.8574085
29.80734177,-101.8558664
29.80745864,-101.8554851
29.80758336,-101.8537843
29.80774479,-101.8528226
29.80766244,-101.8514801
29.8073277,-101.8502127
29.80672263,-101.8491228
29.80613606,-101.8485497
29.80413334,-101.8473064
29.80242896,-101.8469479
29.80181526,-101.8463065
29.79997379,-101.8439957
29.79899912,-101.8430342
29.79665305,-101.8411041
29.79369286,-101.8381734
29.79173303,-101.8348706
29.79037819,-101.8325053
29.78814587,-101.8274084
29.78741197,-101.8240436
29.78786057,-101.8219756
29.78879662,-101.8204496
29.78981415,-101.8192452
29.79090471,-101.818856
29.79178857,-101.8190925
29.79337571,-101.8193357
29.79440405,-101.8197787
29.79516179,-101.8201148
29.79699282,-101.8207777
29.79859004,-101.8220224
29.79987194,-101.8235092
29.80071113,-101.8241425
29.80178469,-101.8247457
29.80316481,-101.8253563
29.80477924,-101.8258671
29.80680765,-101.8256691
29.80826768,-101.8251347
29.80947426,-101.8236701
29.81053674,-101.8223582
29.81135452,-101.8198938
29.81145981,-101.817269
29.81069972,-101.8148043
29.80948869,-101.8122564
29.80750265,-101.8100664
29.80659014,-101.8084408
29.80564101,-101.8063578
29.80406951,-101.8040769
29.8030863,-101.8036959
29.80249183,-101.8041918
29.80193379,-101.805008
29.80092456,-101.8054968
29.79956399,-101.8062367
29.79825884,-101.8081137
29.79630564,-101.8109892
29.79462263,-101.8136445
29.79352306,-101.8140183
29.79032216,-101.8139274
29.78731885,-101.8131786
29.78463929,-101.8117149
29.78300565,-101.8102728
29.7815154,-101.808098
29.78066526,-101.8059003
29.77982363,-101.8032983
29.77943235,-101.8003389
29.7792986,-101.7942345
29.77958323,-101.7911448
29.77912125,-101.789466
29.77919227,-101.7885964
29.77947125,-101.788185
29.78043493,-101.7873372
29.7814889,-101.7865899
29.78275941,-101.7859572
29.78357953,-101.7856664
29.78718645,-101.7859186
29.78799763,-101.7856898
29.78836665,-101.7851866
29.78888846,-101.7843161
29.78913049,-101.7832406
29.78933629,-101.7820503
29.78930552,-101.7792581
29.78911983,-101.7752982
29.78846783,-101.7732462
29.78732842,-101.7708347
29.7849515,-101.7668517
29.78261212,-101.7639762
29.78222227,-101.7624885
29.78200344,-101.7608093
29.7815333,-101.7599316
29.7796631,-101.7573615
29.77783788,-101.7547514
29.77740905,-101.7513944
29.7779715,-101.7477176
29.77844636,-101.7457567
29.7790401,-101.7448782
29.77906514,-101.74359
29.77823209,-101.7413385
29.77664313,-101.7400498
29.7755063,-101.7395845
29.77355803,-101.7391648
29.77275435,-101.7384094
29.77201199,-101.7365403
29.77137663,-101.7339384
29.77139163,-101.732069
29.77168655,-101.7304586
29.77263016,-101.7285432
29.77382679,-101.72698
29.77531194,-101.7254161
29.77582517,-101.7249886
29.77614752,-101.7236455
29.77621621,-101.7216015
29.77581696,-101.7201205
29.7751656,-101.7188546
29.77375805,-101.718297
29.77294585,-101.7178932
29.77172693,-101.7169244
29.76909083,-101.7150701
29.76672607,-101.7137112
29.76536349,-101.7131162
29.76367655,-101.7126666
29.76223093,-101.7110035
29.76184118,-101.7098586
29.76196464,-101.7082874
29.76237779,-101.7073719
29.76290748,-101.7060749
29.76373379,-101.704267
29.76416482,-101.7032816
29.76500018,-101.7015046
29.76534036,-101.7001538
29.76561662,-101.6983691
29.76585907,-101.6978195
29.76631807,-101.6973546
29.76751484,-101.6960185
29.76919685,-101.6937911
29.76998776,-101.6924171
29.77078667,-101.6905032
29.77097492,-101.6899226
29.77093776,-101.6893426
29.77063007,-101.6887478
29.76988903,-101.6878699
29.76908498,-101.6870541
29.76856024,-101.6861227
29.76809082,-101.685841
29.76663003,-101.6858033
29.76601606,-101.6853759
29.765375,-101.6849254
29.76444515,-101.6843451
29.76218729,-101.6824531
29.76073261,-101.6809273
29.76029834,-101.6801792
29.76033115,-101.6785088
29.7604181,-101.676868
29.76066801,-101.6755639
29.76105493,-101.6751521
29.76147812,-101.6748462
29.76210039,-101.6749001
29.76269589,-101.675091
29.76357081,-101.675236
29.76449907,-101.674992
29.76549009,-101.6745722
29.76699314,-101.6731757
29.76788381,-101.672176
29.76905211,-101.6702312
29.76932953,-101.6691854
29.76952598,-101.6682314
29.76955891,-101.6666823
29.76971039,-101.6657905
29.77010622,-101.6653476
29.7704929,-101.6648363
29.77089654,-101.6637991
29.77124506,-101.6622724
29.77099125,-101.6616168
29.77037696,-101.6610604
29.76938405,-101.6605411
29.76805732,-101.6599311
29.76726256,-101.6593132
29.76643877,-101.6577484
29.76605806,-101.656787
29.76576596,-101.6550864
29.765305,-101.6545593
29.76475415,-101.6541707
29.76402348,-101.6540254
29.76332849,-101.6536979
29.76190264,-101.6531399
29.76070321,-101.6530567
29.75968378,-101.6528128
29.75918723,-101.6525222
29.75830191,-101.6517367
29.75748874,-101.6509665
29.75650345,-101.6498209
29.75543631,-101.6483564
29.75458503,-101.6466395
29.75426703,-101.6455256
29.75428321,-101.644664
29.75447897,-101.6434583
29.75468466,-101.6426723
29.75513369,-101.6418327
29.75561064,-101.6413986
29.7561597,-101.6409487
29.75660949,-101.6404605
29.75699585,-101.6398341
29.75727338,-101.6389265
29.75744313,-101.6382091
29.75756737,-101.6373019
29.75775554,-101.6367666
29.75834822,-101.6356604
29.7590855,-101.6347075
29.76016519,-101.6336541
29.76109277,-101.6331282
29.76171412,-101.6327621
29.76243513,-101.6326088
29.76375066,-101.632189
29.76486811,-101.6318989
29.7662379,-101.6315564
29.76805708,-101.6305641
29.76920903,-101.6295879
29.76981912,-101.6282373
29.77038251,-101.6261776
29.77044766,-101.6231182
29.77016585,-101.6221178
29.77009018,-101.6205846
29.77005929,-101.618922
29.77003707,-101.6171212
29.77030432,-101.6157251
29.77085141,-101.6144741
29.77116438,-101.6133595
29.77164767,-101.6118258
29.7720402,-101.6100482
29.77258693,-101.6086603
29.77295363,-101.6074085
29.77346315,-101.6055543
29.77354965,-101.6040282
29.77348154,-101.6019614
29.77313112,-101.5987572
29.77295612,-101.5972539
29.77262903,-101.5962382
29.77203686,-101.5937674
29.77135197,-101.5902879
29.77042436,-101.5871297
29.76984036,-101.5843824
29.76941201,-101.5825817
29.76915511,-101.5808423
29.76896048,-101.5787747
29.76928115,-101.5772414
29.77001563,-101.5753411
29.77114817,-101.5739601
29.77196757,-101.5735258
29.77360664,-101.5727631
29.77477839,-101.5726028
29.77537355,-101.5726253
29.77698728,-101.5725255
29.77861071,-101.5726944
29.78190262,-101.5730216
29.78486185,-101.5737157
29.78678232,-101.5737014
29.78817945,-101.5735403
29.78969342,-101.5732354
29.79208989,-101.5725036
29.79379983,-101.5712896
29.79452922,-101.5709318
29.79571748,-101.5702067
29.79722919,-101.5690476
29.79813649,-101.5677729
29.79921428,-101.566194
29.8001204,-101.5644838
29.8006479,-101.562806
29.80105673,-101.5605858
29.80142928,-101.5582973
29.80279994,-101.5550243
29.80399342,-101.5529331
29.80452338,-101.5522011
29.80550295,-101.5510333
29.80636609,-101.5501488
29.80784234,-101.549279
29.80967758,-101.5478056
29.81063025,-101.5467075
29.81129418,-101.5455252
29.81148864,-101.5441211
29.81115264,-101.5432513
29.80991328,-101.5417554
29.80853132,-101.5408559
29.80784445,-101.5402678
29.80600272,-101.5393906
29.80479261,-101.538696
29.8037986,-101.5379023
29.80207398,-101.5370028
29.80071064,-101.5363308
29.79913997,-101.535675
29.79816507,-101.5352703
29.7969933,-101.5353922
29.79599262,-101.5354386
29.79459634,-101.5358805
29.79260605,-101.5367045
29.79112945,-101.5374452
29.78891351,-101.5381925
29.78726384,-101.5383148
29.78488368,-101.5383831
29.78290068,-101.5386126
29.77639024,-101.5384519
29.77410066,-101.538689
29.7722887,-101.5388339
29.77100828,-101.5388179
29.76757465,-101.539452
29.76571799,-101.5397417
29.76460019,-101.5398479
29.76383335,-101.5397034
29.76219259,-101.539818
29.76054943,-101.5390774
29.75958249,-101.5383226
29.75891161,-101.5370333
29.75847446,-101.535499
29.75850582,-101.5338364
29.7587006,-101.5325697
29.75909131,-101.5304484
29.75919818,-101.529983
29.76036438,-101.5278846
29.76151981,-101.5251919
29.76283077,-101.5232841
29.76374417,-101.5211103
29.76429801,-101.5193242
29.76463426,-101.5171422
29.76462662,-101.5145482
29.76438523,-101.512198
29.76429936,-101.510612
29.7642398,-101.5087804
29.76401246,-101.5081392
29.76381812,-101.5064761
29.76370517,-101.5048966
29.76434923,-101.5031875
29.76536965,-101.5007083
29.76712109,-101.4984573
29.76879043,-101.4959095
29.7700461,-101.4937353
29.7729437,-101.4889434
29.7749989,-101.4858537
29.77686856,-101.4839998
29.77840727,-101.4829999
29.78033453,-101.4822671
29.78218815,-101.4810617
29.78354593,-101.4798868
29.78436132,-101.4782697
29.78532843,-101.4761712
29.78648269,-101.4733948
29.78758241,-101.4704947
29.78859942,-101.4671309
29.78934582,-101.4637502
29.78963183,-101.4602253
29.78943742,-101.4586847
29.78862869,-101.4567849
29.7872348,-101.4551668
29.7864549,-101.4538174
29.7853616,-101.4531232
29.78399009,-101.4528256
29.7827276,-101.4527716
29.78133942,-101.4528862
29.77963731,-101.4534971
29.77688219,-101.4546938
29.77450433,-101.4554652
29.77119556,-101.455579
29.76934562,-101.4551297
29.76749461,-101.4543588
29.76550826,-101.4535652
29.76354847,-101.4526269
29.762339,-101.4522678
29.75909121,-101.4517641
29.75564641,-101.451681
29.75382307,-101.4511154
29.75249592,-101.4506278
29.75112098,-101.4493305
29.75028617,-101.4477738
29.74975738,-101.4460504
29.74971667,-101.442014
29.75007747,-101.4393967
29.75042566,-101.4383747
29.75124981,-101.4367874
29.75280268,-101.4347201
29.75504681,-101.4317751
29.75765254,-101.4291125
29.76027344,-101.4256489
29.76244569,-101.4228331
29.76392587,-101.4206663
29.76648142,-101.4166303
29.76950213,-101.4115868
29.77103479,-101.4090164
29.77179137,-101.4062843
29.77192656,-101.4037747
29.77126171,-101.4019511
29.77040899,-101.4005393
29.76910608,-101.3993105
29.76781433,-101.3986707
29.76618933,-101.3981359
29.76424177,-101.3981595
29.76254892,-101.3987994
29.7607489,-101.3997226
29.75951699,-101.4006612
29.75844963,-101.4022178
29.75596126,-101.4072921
29.75424562,-101.4116482
29.75310824,-101.4138301
29.75195842,-101.4150588
29.75076198,-101.41586
29.74889664,-101.4162033
29.74692127,-101.4160356
29.74563864,-101.4154241
29.74391066,-101.4138306
29.74163533,-101.4104804
29.7405812,-101.4082225
29.74005198,-101.4064981
29.73944747,-101.4039114
29.73850891,-101.4012255
29.73661482,-101.3986398
29.73519374,-101.397182
29.73301797,-101.3964873
29.73093391,-101.3962132
29.72779596,-101.3962593
29.72534481,-101.396709
29.72292288,-101.3977538
29.72136505,-101.3983643
29.71654129,-101.3985709
29.71477971,-101.3977232
29.71224666,-101.3955337
29.7109045,-101.3934973
29.70846494,-101.389789
29.7063005,-101.3849212
29.70353533,-101.3786272
29.70184694,-101.37572
29.69971743,-101.3730269
29.69753275,-101.372431
29.69277816,-101.3719125
29.68842452,-101.3724921
29.68626279,-101.3731949
29.68414561,-101.3737594
29.68197132,-101.3735379
29.67933666,-101.3732102
29.67681632,-101.3721191
29.67446353,-101.3700434
29.67181362,-101.3681049
29.67000562,-101.3669987
29.66637376,-101.3653583
29.66363858,-101.3647178
29.66103016,-101.3642069
29.65728583,-101.3638258
29.65419004,-101.3632375
29.65204097,-101.3625811
29.65061229,-101.3616358
29.64945324,-101.3604531
29.64925024,-101.3592783
29.64919049,-101.3578356
29.64974463,-101.356546
29.65129927,-101.3551041
29.65440361,-101.3532656
29.65901298,-101.351152
29.66119969,-101.3499171
29.66165659,-101.3491454
29.6619754,-101.3476658
29.66195612,-101.3450868
29.66077129,-101.3375032
29.6605831,-101.3333453
29.66040059,-101.3218093
29.6599109,-101.3189864
29.65930513,-101.3164534
29.65860537,-101.3130199
29.65694027,-101.3095324
29.65486178,-101.3064125
29.65267815,-101.3040394
29.6500469,-101.3024601
29.6479858,-101.3013461
29.64518662,-101.3005834
29.64191205,-101.3004456
29.63940496,-101.3005073
29.63530467,-101.3013316
29.63233173,-101.302147
29.62911035,-101.3039329
29.6254929,-101.305917
29.62321639,-101.3072058
29.62033816,-101.3091134
29.61908661,-101.3096326
29.6153404,-101.3110583
29.61177177,-101.3118212
29.60849188,-101.3126146
29.6037681,-101.3132482
29.59788625,-101.3130572
29.59291231,-101.312135
29.58987021,-101.3115853
29.58729672,-101.3109364
29.58377182,-101.3092736
29.5772773,-101.3050384
29.57493525,-101.3015597
29.57337526,-101.2974626
29.57355487,-101.293076
29.5752198,-101.2900921
29.57966509,-101.2855224
29.58238029,-101.2834701
29.58607817,-101.2813037
29.59100143,-101.2788385
29.59468691,-101.2779839
29.59671507,-101.2776716
29.60162921,-101.2772666
29.60528509,-101.2779009
29.60684862,-101.2786028
29.61117382,-101.2796708
29.61537771,-101.2798234
29.61718834,-101.2792891
29.62055311,-101.2773355
29.62357409,-101.2751541
29.62711453,-101.2721553
29.62957109,-101.2688284
29.63031757,-101.266327
29.63050565,-101.2640146
29.62967939,-101.2607868
29.6284189,-101.2572855
29.62680114,-101.2525928
29.62516256,-101.2512657
29.61847911,-101.2473442
29.60470952,-101.2520975
29.59901331,-101.2510903
29.58333626,-101.2471605
29.57265823,-101.2437122
29.5655037,-101.2414995
29.55952039,-101.2487854
29.54933066,-101.255568
29.53824083,-101.2609015
29.53083498,-101.2610316
29.52080271,-101.254943
29.52456089,-101.2364709
29.52264921,-101.2270263
29.52139166,-101.2092487
29.52016067,-101.1935922
29.51711836,-101.1804389
29.51484919,-101.1740988
29.50420845,-101.1714899
29.49060172,-101.1622884
29.47846827,-101.1520271
29.47274105,-101.1420011
29.47855004,-101.1297553
29.46825213,-101.1156407
29.47017552,-101.1026551
29.46952075,-101.0886399
29.45852345,-101.0600973
29.44992707,-101.0573589
29.44675781,-101.0569691
29.44509737,-101.0569313
29.44422193,-101.0568928
29.44344578,-101.0568625
29.44276034,-101.0569153
29.44247271,-101.0571069
29.44213049,-101.0572203
29.44185156,-101.0573577
29.44134575,-101.0572661
29.44000543,-101.0564116
29.43822627,-101.0545656
29.43617304,-101.0521394
29.4331441,-101.0479581
29.4310972,-101.0450901
29.42948902,-101.0431903
29.42831989,-101.0423128
29.42629592,-101.0418399
29.42490348,-101.0413519
29.4219194,-101.0402603
29.42102488,-101.0400545
29.41827649,-101.0391544
29.41474076,-101.0378649
29.41435154,-101.0376591
29.41345776,-101.0375822
29.41270989,-101.0377658
29.41197256,-101.0382081
29.41140654,-101.0386273
29.41106441,-101.0387574
29.41008874,-101.0385665
29.40893827,-101.0378037
29.4086488,-101.0376809
29.40769967,-101.0373997
29.4072022,-101.0372012
29.40608646,-101.0362089
29.40525058,-101.0352401
29.40425322,-101.0344311
29.40329992,-101.0334465
29.40180625,-101.0326388
29.40039891,-101.0311734
29.39763048,-101.0284421
29.39678416,-101.0272443
29.39613835,-101.0263824
29.39559247,-101.0256344
29.3948039,-101.0250468
29.39403215,-101.0242529
29.39342251,-101.0234062
29.39329198,-101.0227039
29.39299771,-101.0217814
29.39265995,-101.0211323
29.39206027,-101.0204466
29.39111823,-101.0198511
29.39021067,-101.0189888
29.38726389,-101.0166535
29.38480047,-101.0151736
29.38418647,-101.0151127
29.38340005,-101.0148922
29.38250464,-101.0145553
29.38127186,-101.0136403
29.38077462,-101.0134883
29.37960208,-101.0135864
29.37819423,-101.0135717
29.37688462,-101.0133888
29.3755781,-101.0137172
29.37445103,-101.0138767
29.37372044,-101.0139378
29.3730499,-101.0134808
29.37203472,-101.0127405
29.37038618,-101.0117258
29.3691621,-101.0107644
29.36774148,-101.008643
29.36622031,-101.0063164
29.36528056,-101.0046291
29.36509478,-101.0037601
29.36494426,-101.002753
29.36461962,-101.0013107
29.36412098,-100.9994564
29.36374618,-100.9986713
29.36359357,-100.9973281
29.36331209,-100.9955739
29.36285014,-100.9938262
29.36149414,-100.9905148
29.36026276,-100.9869371
29.35971803,-100.9849532
29.35884617,-100.9826115
29.35836142,-100.9815724
29.35762369,-100.980489
29.35611223,-100.9768958
29.35514837,-100.9742948
29.35442533,-100.9726835
29.35341282,-100.9724033
29.35211318,-100.9723882
29.35112201,-100.9711962
29.34939806,-100.96829
29.34779287,-100.9656199
29.34678741,-100.9636041
29.3468007,-100.9614306
29.34712096,-100.9592802
29.34728217,-100.9562505
29.34742869,-100.9537565
29.34791191,-100.9517026
29.34765578,-100.949758
29.34622552,-100.9476737
29.34373294,-100.9445993
29.34158408,-100.9430518
29.33880586,-100.9418752
29.33666321,-100.9412958
29.33348446,-100.9409904
29.33254903,-100.9400843
29.33141115,-100.9385798
29.33138578,-100.9360619
29.32984957,-100.9329877
29.32826154,-100.9302796
29.3266578,-100.9279374
29.32655157,-100.9227553
29.32587333,-100.9198105
29.32460599,-100.9178646
29.3234837,-100.9173851
29.32073527,-100.9180266
29.31898482,-100.9167287
29.31738614,-100.9124635
29.31727441,-100.909236
29.31660427,-100.9075426
29.31563154,-100.9064904
29.31456599,-100.906407
29.31353899,-100.9066888
29.31238246,-100.9051464
29.31062694,-100.9017661
29.30928129,-100.8989511
29.30896113,-100.8969768
29.30945414,-100.8964731
29.31048841,-100.894595
29.3106324,-100.8931983
29.3093331,-100.8919174
29.30841077,-100.8903295
29.30800211,-100.8873005
29.30734398,-100.8860809
29.3042624,-100.8855084
29.30185669,-100.8834626
29.30049478,-100.8822802
29.29828613,-100.8813423
29.29439978,-100.8805635
29.28983085,-100.8802824
29.28651755,-100.88016
29.28463881,-100.8799606
29.28322734,-100.8794584
29.28123521,-100.8785186
29.27952039,-100.8759035
29.27897941,-100.8746755
29.27830133,-100.8718891
29.27751214,-100.8700122
29.27705076,-100.8672495
29.2757602,-100.8633671
29.27604271,-100.8611615
29.27573478,-100.8558367
29.27547254,-100.8544776
29.27413909,-100.8535323
29.27283843,-100.8534026
29.27180191,-100.852326
29.27180894,-100.850756
29.27200205,-100.8486953
29.27117332,-100.8476503
29.26817837,-100.8440567
29.26438269,-100.8408439
29.26290155,-100.8381812
29.2615891,-100.8351309
29.26121744,-100.8336418
29.26140502,-100.8321011
29.26183128,-100.8298583
29.26135383,-100.8274694
29.26140787,-100.8249367
29.2617545,-100.8229313
29.26325336,-100.8204956
29.26418283,-100.8179623
29.26444815,-100.8159577
29.26390288,-100.8142025
29.26273756,-100.812829
29.26059949,-100.8129882
29.25848827,-100.8143617
29.25665839,-100.8159487
29.25507373,-100.8164988
29.25366494,-100.8164066
29.25339887,-100.8158121
29.253297,-100.8142099
29.25360938,-100.8124777
29.25352409,-100.8106772
29.25304022,-100.808685
29.25233763,-100.8064117
29.2510246,-100.8033672
29.24948681,-100.8004536
29.2467625,-100.7969981
29.24402999,-100.7948911
29.2421285,-100.7940911
29.2397555,-100.7942271
29.23816995,-100.794654
29.23623939,-100.7960361
29.23464805,-100.7969055
29.23092667,-100.7965861
29.22913441,-100.7959137
29.2272375,-100.7945169
29.22600169,-100.7934122
29.22562493,-100.7925102
29.2255332,-100.7910909
29.22628768,-100.78936
29.22794933,-100.7870182
29.22805857,-100.7859263
29.22792506,-100.7849654
29.22641116,-100.7841027
29.22378908,-100.7823169
29.22187986,-100.7817077
29.22073949,-100.7813097
29.21955542,-100.781105
29.2188899,-100.7802265
29.21823113,-100.7790444
29.21700565,-100.7781302
29.21455189,-100.7771379
29.21320919,-100.7762454
29.21272881,-100.7759851
29.21209422,-100.775626
29.21173696,-100.7749324
29.21114345,-100.7740327
29.21058919,-100.7735519
29.21020971,-100.7735067
29.20971504,-100.7737508
29.20933836,-100.7740785
29.20884506,-100.7745052
29.20819819,-100.774918
29.20673006,-100.7753592
29.20585756,-100.7757793
29.20476086,-100.776397
29.20411271,-100.77664
29.20054556,-100.7764586
29.20009254,-100.7762367
29.19939155,-100.7754512
29.19917757,-100.7746045
29.19934777,-100.7732242
29.19933463,-100.7714752
29.19935071,-100.7700115
29.19913761,-100.7692857
29.19884415,-100.7686764
29.19802835,-100.7682342
29.19626904,-100.7671737
29.19428534,-100.7662878
29.19342601,-100.7660596
29.19113917,-100.7656782
29.18644293,-100.7654259
29.18534336,-100.765663
29.18413935,-100.7664181
29.18147257,-100.768332
29.17919477,-100.7703551
29.17733025,-100.7721169
29.17611164,-100.7733375
29.17496627,-100.7746962
29.17379019,-100.7755717
29.1731146,-100.7757712
29.17254419,-100.7755504
29.1719083,-100.7750243
29.17165226,-100.7745896
29.17117857,-100.7740233
29.1704337,-100.7734134
29.16986399,-100.7732852
29.16904039,-100.7730104
29.16807751,-100.7722226
29.16737451,-100.7711777
29.16649674,-100.7697051
29.16602494,-100.7681951
29.16607784,-100.7668291
29.1660236,-100.7656236
29.16577178,-100.7645564
29.16528868,-100.7639465
29.16480691,-100.7635115
29.16367795,-100.7634506
29.16169051,-100.7632824
29.16082474,-100.7634041
29.16003786,-100.7632138
29.15922036,-100.7625559
29.1582983,-100.7612073
29.15734155,-100.7600467
29.15693544,-100.7588782
29.155914,-100.7539669
29.15544726,-100.7519582
29.15489603,-100.748351
29.15442544,-100.7458487
29.15327065,-100.7436053
29.15130662,-100.7406217
29.14975675,-100.7386677
29.14808313,-100.7370595
29.14741125,-100.73657
29.14673372,-100.7365177
29.14614209,-100.7370661
29.14514249,-100.737395
29.14383042,-100.7381795
29.14268766,-100.7386768
29.14208469,-100.7389271
29.14125462,-100.7389971
29.14003324,-100.7386674
29.13794598,-100.7361123
29.13257059,-100.7298498
29.13076227,-100.7283538
29.12914354,-100.7268586
29.12802136,-100.7253635
29.12697078,-100.7237906
29.12594114,-100.7214334
29.12538825,-100.7200072
29.12456334,-100.7184346
29.12308995,-100.7159175
29.12165251,-100.7133847
29.12019328,-100.7103844
29.11936044,-100.7078224
29.11881996,-100.7056995
29.11729704,-100.7026563
29.11711299,-100.6999489
29.11678656,-100.6975077
29.11606598,-100.6954613
29.11565017,-100.6942704
29.11378709,-100.6904957
29.11299559,-100.688625
29.11173564,-100.6857644
29.11124783,-100.6846128
29.10997086,-100.6830094
29.10822291,-100.6812259
29.10642302,-100.6797231
29.10360573,-100.6774626
29.1029327,-100.6768605
29.10070486,-100.6749229
29.09949735,-100.6741054
29.09605141,-100.6722758
29.09259885,-100.6707497
29.08928345,-100.669438
29.08589347,-100.667842
29.08251679,-100.6667752
29.07907693,-100.6657143
29.07628867,-100.6648368
29.07545122,-100.6640131
29.07444418,-100.6634327
29.07286276,-100.6632799
29.07111923,-100.6631802
29.06949408,-100.6632026
29.06757177,-100.6633258
29.06608061,-100.663172
29.06354196,-100.6630139
29.0626724,-100.662684
29.05984127,-100.6620974
29.05861923,-100.6617301
29.05642008,-100.6622339
29.05322594,-100.6625325
29.04998643,-100.6628058
29.04846049,-100.662822
29.04648099,-100.6625861
29.04306506,-100.6622729
29.03965588,-100.6616849
29.03746314,-100.6607782
29.03633035,-100.6602893
29.03366517,-100.6601353
29.03300591,-100.6601294
29.03101611,-100.6597473
29.03000987,-100.6592751
29.02666091,-100.6583346
29.02329615,-100.6576718
29.01989274,-100.6567037
29.01759891,-100.655598
29.0165161,-100.6546053
29.01596898,-100.6539639
29.01314995,-100.6526893
29.00978829,-100.6513229
29.00641943,-100.6501801
29.00304225,-100.6491273
29.00026475,-100.6485176
28.99767478,-100.6487457
28.99580664,-100.6488967
28.9924482,-100.6468449
28.98992299,-100.6461735
28.98756133,-100.6456237
28.98585266,-100.6464946
28.98470718,-100.64776
28.98437614,-100.6481358
28.98064584,-100.6480808
28.97850728,-100.6483015
28.97635875,-100.6484092
28.9720848,-100.6470583
28.9693867,-100.6462425
28.96679647,-100.6464552
28.96507119,-100.6485995
28.96336679,-100.6499964
28.96167071,-100.6502174
28.9608976,-100.6495607
28.96123921,-100.6482786
28.96001345,-100.6474933
28.95799279,-100.6466934
28.95573674,-100.6469153
28.95232237,-100.6490416
28.95006252,-100.6498975
28.94654825,-100.6508746
28.9430584,-100.6504396
28.94126241,-100.6495091
28.94094255,-100.6479672
28.94029902,-100.6455176
28.93818524,-100.6433046
28.93639141,-100.6426411
28.93267238,-100.641811
28.92975885,-100.6400995
28.92719432,-100.638002
28.92587105,-100.6352931
28.92511459,-100.6323266
28.92423234,-100.630519
28.92278744,-100.6294722
28.92086233,-100.6293211
28.91804703,-100.6296469
28.91645104,-100.6310449
28.91618774,-100.6341121
28.9167082,-100.6369423
28.91657397,-100.6392536
28.91531779,-100.6402526
28.91396169,-100.6401004
28.91263215,-100.6388033
28.91208624,-100.6372463
28.91164517,-100.6363477
28.90851246,-100.6343696
28.90503067,-100.6327752
28.90413795,-100.6318765
28.90325777,-100.6303207
28.90316934,-100.628397
28.90478171,-100.6257261
28.90602878,-100.6247271
28.9081719,-100.6250168
28.90907527,-100.6250326
28.9097585,-100.6246505
28.91034536,-100.6224833
28.90969458,-100.6202936
28.90826826,-100.6171887
28.90625193,-100.6158763
28.90297967,-100.6155786
28.90154035,-100.6141445
28.90122364,-100.611954
28.90226309,-100.6099179
28.90275175,-100.6068511
28.90267124,-100.6037752
28.90224713,-100.6017167
28.90147726,-100.6004191
28.89876936,-100.6006338
28.89435283,-100.6017323
28.89237351,-100.6026472
28.89097227,-100.6035633
28.88933035,-100.6037996
28.88793828,-100.6026244
28.88728255,-100.6009459
28.88758799,-100.5986487
28.88811617,-100.5970469
28.88876481,-100.5947509
28.8890165,-100.5925158
28.88903251,-100.5912327
28.88826308,-100.5899968
28.8867951,-100.5894564
28.8847705,-100.5893097
28.88363087,-100.5901794
28.88271212,-100.5915239
28.8820082,-100.5936895
28.88170693,-100.5954145
28.88089121,-100.5971913
28.87936646,-100.59845
28.8779419,-100.5987558
28.87547113,-100.5981982
28.87457698,-100.5971614
28.87379402,-100.5943531
28.87360145,-100.5919283
28.87305399,-100.5902488
28.87171025,-100.5894557
28.87002089,-100.5894335
28.86865553,-100.5903184
28.86650532,-100.5902783
28.86423757,-100.5912708
28.86054852,-100.5887749
28.85823404,-100.5843808
28.85646262,-100.5811608
28.85435785,-100.5780498
28.85090122,-100.5742719
28.8491182,-100.5728453
28.8474333,-100.5723103
28.84346248,-100.5737839
28.84028099,-100.5756537
28.83666488,-100.5763768
28.83351747,-100.5759506
28.8298064,-100.5751179
28.82812027,-100.574447
28.82668273,-100.57225
28.82577114,-100.570283
28.82671677,-100.5689233
28.8279749,-100.5671471
28.82868978,-100.5642076
28.82939446,-100.5611426
28.82911803,-100.5584862
28.828709,-100.555144
28.82817804,-100.5523212
28.82714665,-100.5491016
28.82621132,-100.5465298
28.82520272,-100.5458746
28.82312469,-100.5458447
28.82020057,-100.5451501
28.81805539,-100.544685
28.81557128,-100.5447085
28.8121486,-100.5438299
28.8104527,-100.5430981
28.80798713,-100.5411598
28.80730096,-100.5401984
28.80655284,-100.5373685
28.8063414,-100.5359555
28.80511129,-100.5347877
28.80263661,-100.5338574
28.79993943,-100.5333015
28.79611171,-100.5326075
28.79382425,-100.5324085
28.79129383,-100.5323173
28.78864077,-100.5326533
28.78699366,-100.533339
28.78613661,-100.534477
28.78480817,-100.5364434
28.78322547,-100.5372616
28.78096884,-100.5374826
28.77922929,-100.5369336
28.77609528,-100.5350318
28.77441989,-100.5325826
28.77343185,-100.5312174
28.77219487,-100.5303012
28.77044582,-100.5297063
28.76859289,-100.5296151
28.76713072,-100.5297757
28.76558812,-100.5310343
28.7643889,-100.5323017
28.76303131,-100.5330403
28.76087477,-100.5333473
28.75856827,-100.5330563
28.75706949,-100.5311641
28.75608182,-100.5288456
28.75588324,-100.5268692
28.75657965,-100.524954
28.75760544,-100.5234964
28.75812583,-100.5221011
28.7578544,-100.5210636
28.75568786,-100.5182848
28.75368123,-100.516204
28.75195094,-100.514707
28.74970358,-100.5139747
28.74670655,-100.5142585
28.74461528,-100.5147906
28.74282091,-100.5141966
28.7414205,-100.5132109
28.74148907,-100.5118159
28.74152648,-100.5089937
28.74108159,-100.5077714
28.7390667,-100.5067803
28.73482919,-100.5067791
28.73251274,-100.5073907
28.72868304,-100.5075282
28.72609627,-100.5072384
28.72303817,-100.5077717
28.71741232,-100.5061546
28.71351176,-100.5074434
28.7108408,-100.5088175
28.70868096,-100.5107544
28.7076433,-100.5118991
28.70669442,-100.5118847
28.69898265,-100.510428
28.69509082,-100.5097257
28.68688511,-100.5076347
28.68412759,-100.5074674
28.67900078,-100.5061164
28.67377828,-100.5041929
28.66788325,-100.50186
28.6642836,-100.5005324
28.66197665,-100.5002421
28.66040483,-100.4993182
28.65874111,-100.4972506
28.65842281,-100.4950773
28.65783348,-100.4919392
28.65807891,-100.4901485
28.65727554,-100.4873255
28.65600213,-100.4844927
28.65568351,-100.4823041
28.65571335,-100.479694
28.65504513,-100.47878
28.65247258,-100.4771539
28.64871463,-100.4753603
28.64621189,-100.4725145
28.64406111,-100.467708
28.64196659,-100.4631315
28.64131265,-100.4608731
28.64155909,-100.4592234
28.6418596,-100.4575603
28.64243137,-100.4559144
28.64253411,-100.4524636
28.64278574,-100.4504195
28.64273309,-100.448689
28.64207735,-100.4472091
28.64040395,-100.4460952
28.63764378,-100.445681
28.63068878,-100.4469801
28.62143506,-100.4469938
28.61918265,-100.4467654
28.61348853,-100.4466894
28.60954423,-100.4462616
28.60780855,-100.4443167
28.60762658,-100.4404172
28.60721851,-100.4365103
28.60701736,-100.4343903
28.6064109,-100.4333533
28.60240918,-100.4326041
28.59881348,-100.4317884
28.59673967,-100.4304138
28.59563879,-100.4277831
28.59324836,-100.4189324
28.59237311,-100.4162913
28.58862599,-100.4083209
28.58799869,-100.4033372
28.58667712,-100.4003691
28.5840528,-100.3972718
28.58090754,-100.3963415
28.57616716,-100.3967906
28.5708328,-100.3993331
28.56794174,-100.4012764
28.56628612,-100.4020242
28.56090699,-100.4046257
28.55919034,-100.4065258
28.55749048,-100.4082977
28.55532448,-100.4095405
28.55318006,-100.41022
28.54951125,-100.4102891
28.54732064,-100.4099455
28.53961424,-100.4065879
28.53300882,-100.4021549
28.53100776,-100.3999567
28.53057891,-100.397713
28.52957345,-100.395661
28.52795887,-100.3941667
28.52189307,-100.3913347
28.51690162,-100.3892976
28.5147045,-100.388315
28.5133786,-100.3858657
28.51239241,-100.3830437
28.51208481,-100.3802949
28.51200119,-100.3773514
28.51157851,-100.3748548
28.51027264,-100.3699189
28.50846372,-100.3644113
28.50669522,-100.3602387
28.50554066,-100.3577953
28.50427623,-100.354325
28.50413412,-100.3518992
28.50427092,-100.3493495
28.50374758,-100.3458875
28.50201259,-100.3388525
28.50047132,-100.3348693
28.49923137,-100.3338317
28.49697642,-100.3334188
28.49351752,-100.33548
28.4916496,-100.3366709
28.48639404,-100.3433696
28.48274558,-100.352584
28.48204049,-100.3552557
28.48203917,-100.3613814
28.4816091,-100.3644485
28.48028838,-100.3670436
28.47835889,-100.3684317
28.47655784,-100.3682093
28.47173046,-100.3654787
28.46967502,-100.3624415
28.46822343,-100.361023
28.46631328,-100.3598483
28.46397493,-100.3574516
28.46085326,-100.3535846
28.45544648,-100.3472518
28.45130239,-100.343322
28.44874422,-100.3406756
28.44520635,-100.3385844
28.44244926,-100.3377077
28.43659387,-100.337066
28.43078937,-100.3361042
28.42581746,-100.3369977
28.41505232,-100.3415818
28.40791249,-100.3453203
28.40500377,-100.3482058
28.4039835,-100.349221
28.40188775,-100.3493812
28.39447087,-100.3463596
28.38644157,-100.3426971
28.3816443,-100.3386068
28.37369547,-100.3313741
28.36994877,-100.3274983
28.36525113,-100.3234768
28.36240292,-100.3208289
28.35915876,-100.3183652
28.3572952,-100.3173883
28.3541489,-100.3165204
28.34970822,-100.3155113
28.34610775,-100.3144452
28.34465079,-100.3125815
28.3432112,-100.3106513
28.33977205,-100.3094555
28.33753359,-100.3080878
28.33569285,-100.3058463
28.33122346,-100.3012514
28.32642157,-100.2968657
28.32277857,-100.2935018
28.31976547,-100.2907172
28.31589041,-100.2885113
28.31218064,-100.2865511
28.30998686,-100.2860163
28.30722173,-100.2861762
28.30417324,-100.2869019
28.29981619,-100.2878699
28.29007583,-100.2919597
28.28600027,-100.2930513
28.28250454,-100.2933946
28.27822605,-100.2923949
28.27553164,-100.2906998
28.27448182,-100.288901
28.27410423,-100.2865415
28.27283532,-100.2845516
28.26958033,-100.2820192
28.26599158,-100.2795681
28.25770066,-100.2737239
28.24819486,-100.265081
28.24500597,-100.261165
28.24276383,-100.2595262
28.23835317,-100.2555353
28.2356899,-100.2509132
28.23425524,-100.24619
28.23440727,-100.2426958
28.23481216,-100.2408421
28.23486594,-100.2349803
28.23569674,-100.2307312
28.23578354,-100.2270923
28.23541477,-100.2239729
28.23335872,-100.2212014
28.23072341,-100.2192115
28.22689686,-100.2174477
28.22053845,-100.2157094
28.21491207,-100.2147547
28.21147868,-100.2142134
28.20887801,-100.2137395
28.20121309,-100.2132756
28.1951925,-100.2118547
28.19350535,-100.2113986
28.19131412,-100.2095207
28.19026752,-100.2072924
28.18995665,-100.2045383
28.19032426,-100.2018077
28.1902276,-100.1988081
28.18957653,-100.1955664
28.18848266,-100.1923615
28.18660764,-100.1872439
28.18328298,-100.1811009
28.18060989,-100.1766227
28.17799513,-100.1725165
28.17592244,-100.1707704
28.17097863,-100.1678564
28.1701017,-100.1654911
28.16910137,-100.1626148
28.16755801,-100.1589146
28.1674531,-100.1505068
28.1679386,-100.1463027
28.16809877,-100.141343
28.16621257,-100.1377578
28.1639797,-100.1339202
28.16260277,-100.1305931
28.15959407,-100.12616
28.15692846,-100.1216888
28.15591944,-100.1196908
28.15455624,-100.1144633
28.1531395,-100.1077647
28.1493065,-100.0940463
28.14787157,-100.0889428
28.14670611,-100.0867537
28.14369095,-100.0834115
28.14076779,-100.0824964
28.13733728,-100.0807473
28.13440486,-100.0798172
28.12912685,-100.0778717
28.11677871,-100.0693412
28.11140034,-100.0650772
28.10911371,-100.0614447
28.1074911,-100.0596384
28.10564612,-100.0573944
28.10368367,-100.0559147
28.10165124,-100.0553873
28.09928503,-100.0556861
28.09690603,-100.0564263
28.09352267,-100.0563862
28.09059083,-100.0555334
28.08671874,-100.0539684
28.08250999,-100.0507411
28.07910234,-100.0464462
28.07683406,-100.04064
28.07574704,-100.0352924
28.07359275,-100.0292247
28.07113957,-100.0246252
28.06791055,-100.0202062
28.06611641,-100.018475
28.06414975,-100.0174299
28.05941737,-100.016568
28.05304803,-100.0157369
28.04791508,-100.014675
28.04408916,-100.013241
28.03833805,-100.0126758
28.03293041,-100.0113559
28.02697122,-100.0093286
28.02016128,-100.007274
28.01532637,-100.0040011
28.01263821,-100.0016912
28.01033304,-100.0003615
28.00748819,-99.99855365
28.00579534,-99.99772917
28.00400835,-99.99660807
28.00196049,-99.99560832
28.00031221,-99.99473226
28.00029393,-99.99471726
27.99624041,-99.99174901
27.99326722,-99.98981872
27.99170575,-99.98720121
27.98971696,-99.9815178
27.98883508,-99.97827564
27.98912593,-99.9769385
27.98829374,-99.97478097
27.98685344,-99.97246755
27.98518051,-99.96820374
27.98308936,-99.96019902
27.98312324,-99.95572211
27.98249594,-99.94834379
27.98238767,-99.93983614
27.98185783,-99.9351824
27.98120024,-99.93257403
27.98029988,-99.93149824
27.97855359,-99.93077251
27.97387004,-99.93098619
27.96590769,-99.93232049
27.96246678,-99.93349719
27.95599926,-99.93712746
27.95351424,-99.93806686
27.95046726,-99.93821808
27.94724694,-99.93825747
27.94251234,-99.93732554
27.93965231,-99.93653394
27.93763167,-99.93487812
27.93584302,-99.93155809
27.9347887,-99.92906409
27.93326969,-99.92772883
27.92972343,-99.92634765
27.927644,-99.92576013
27.92511793,-99.92421219
27.92057175,-99.92036468
27.91777012,-99.91710005
27.91577056,-99.91219528
27.91417642,-99.9064717
27.91324182,-99.90277958
27.9121847,-99.90010806
27.90921647,-99.89797992
27.90347187,-99.89526374
27.89936846,-99.89351617
27.89570365,-99.89348765
27.89123273,-99.8947836
27.88874113,-99.89660687
27.88453269,-99.90069612
27.88158351,-99.90282456
27.87927283,-99.90325971
27.87616071,-99.90399313
27.87216663,-99.90370245
27.86720771,-99.90227712
27.86338542,-99.90058882
27.86019077,-99.89637808
27.85659449,-99.89398893
27.85414016,-99.89035934
27.85263925,-99.88768124
27.8498462,-99.88238539
27.84822516,-99.88090564
27.84316102,-99.87770174
27.83987776,-99.8764356
27.83769869,-99.87587641
27.8357893,-99.87587005
27.83385756,-99.87622796
27.83148824,-99.8770283
27.82810214,-99.87757835
27.82584874,-99.87756242
27.82302749,-99.87702923
27.81851778,-99.87540461
27.81519695,-99.87404526
27.81187474,-99.87395562
27.80916642,-99.87444348
27.8058164,-99.87567983
27.80226423,-99.87737234
27.80039656,-99.87779268
27.79904801,-99.87709005
27.79668717,-99.87510685
27.79562889,-99.87377107
27.79395131,-99.87076662
27.79354316,-99.86385383
27.79402695,-99.85870943
27.79461836,-99.85554495
27.79446589,-99.85224796
27.79390261,-99.85072343
27.79262194,-99.84969181
27.78997077,-99.84903693
27.78596771,-99.84811998
27.7841712,-99.84708953
27.78017743,-99.84483962
27.77635793,-99.84344411
27.77082428,-99.84312307
27.7682898,-99.84240542
27.76604292,-99.84086396
27.76396737,-99.83792841
27.76258015,-99.83436324
27.76271162,-99.83337164
27.74752838,-99.85046197
27.65399283,-99.95563787
27.65357331,-99.95610199
27.6158096,-99.99850089
27.62286996,-100.0058086
27.65856919,-100.0427904
27.79666662,-100.1861431
27.79887334,-100.1884471
27.79457142,-100.1945806
27.72993193,-100.286724
27.69022341,-100.3424268
27.68459367,-100.3503232
27.39351265,-100.4172341
27.39254048,-100.4214911
27.3923669,-100.422254
27.38033595,-100.4759141
27.33480094,-100.6781902
27.27751013,-100.7423401
27.19668329,-100.8326823
27.19532685,-100.8341986
27.19374177,-100.8341623
27.08092649,-100.8310256
27.06856965,-100.8306828
27.06562338,-100.8155361
27.0589456,-100.8238227
27.04751514,-100.8115935
27.04222664,-100.8117613
27.02635219,-100.8013615
27.03093031,-100.7970428
27.03016699,-100.7931053
27.05083677,-100.7823092
27.05043767,-100.7751077
27.05724752,-100.7701791
27.04796229,-100.7618085
27.04722287,-100.756391
27.03930513,-100.746939
27.0337734,-100.7403474
27.03931106,-100.7179306
27.0641942,-100.7375096
27.07822773,-100.7390968
27.07190054,-100.7373022
27.06500954,-100.7283681
27.06696993,-100.7220353
27.06093203,-100.7145506
27.06067763,-100.7088218
27.0479774,-100.6997034
27.05349665,-100.6967365
27.05248694,-100.6906567
27.06491345,-100.6950196
27.07367324,-100.7052055
27.07941562,-100.7074419
27.07844158,-100.6967742
27.09240917,-100.6969107
27.10303733,-100.6885192
27.08749354,-100.6883365
27.07389638,-100.6803784
27.07201673,-100.6710386
27.07946153,-100.6601068
27.07607676,-100.6561075
27.07067589,-100.6343802
27.04571511,-100.5342093
27.04031291,-100.5387648
27.03899708,-100.5384991
27.03378802,-100.5374305
27.0294774,-100.5365516
27.02652802,-100.5359505
27.01199546,-100.5415571
27.01137908,-100.541511
27.0034295,-100.5409161
26.98789279,-100.5397654
26.98646056,-100.5396579
26.98440835,-100.5410993
26.98033978,-100.5439462
26.97871948,-100.5450742
26.97670333,-100.5445106
26.97492332,-100.5440151
26.97023714,-100.5427084
26.96294667,-100.5419166
26.95790456,-100.5423201
26.9503729,-100.5429084
26.94261373,-100.5384225
26.92795269,-100.544014
26.92608398,-100.5447325
26.9248291,-100.5452116
26.91810212,-100.5426703
26.90774782,-100.5387582
26.90696598,-100.5384589
26.90494754,-100.539649
26.90179365,-100.5415036
26.89057327,-100.5409918
26.87462269,-100.543365
26.87316084,-100.5440054
26.86779172,-100.5463644
26.86058155,-100.5495217
26.8586955,-100.5503461
26.85738748,-100.5499719
26.85388149,-100.5489963
26.84972141,-100.5478286
26.84816826,-100.5474017
26.84745064,-100.5471952
26.84187355,-100.5456321
26.82497113,-100.5450657
26.82301348,-100.544997
26.81708679,-100.5408859
26.81595614,-100.540101
26.81188957,-100.5432496
26.73711085,-100.6010382
26.71236531,-100.6094292
26.69853299,-100.614121
26.68655165,-100.6138993
26.6718884,-100.6210647
26.64935893,-100.6452194
26.61922873,-100.6920967
26.61752461,-100.695368
26.73385099,-100.7510646
26.73724343,-100.7526842
26.73414608,-100.7563673
26.72712506,-100.7647146
26.71089043,-100.7840101
26.66795641,-100.8349747
26.54374032,-100.9821211
26.54491496,-100.9829885
26.548357,-100.985546
26.54216376,-100.9936028
26.46920967,-101.0798628
26.370233,-101.2065747
26.2503189,-101.0955705
26.19349484,-101.0719883
26.17288491,-101.0515639
26.17114007,-101.0478404
26.14163083,-100.9851253
26.11052945,-100.9846737
26.09168026,-100.9707035
26.1019059,-100.9537743
26.091393,-100.9421613
26.08632752,-100.9426043
26.08042405,-100.9370425
26.07688242,-100.9187685
26.07159094,-100.9100255
26.05900962,-100.9040053
26.04621106,-100.9059605
26.01732459,-100.9036779
26.00909757,-100.9059125
25.98669101,-100.9231102
25.95894102,-100.908194
25.95705701,-100.9071868
25.95633603,-100.9052042
25.94651778,-100.8783015
25.9471716,-100.8505603
25.94188813,-100.8274662
25.94346154,-100.824413
25.92357547,-100.8306327
25.81353083,-100.8649722
25.63966655,-100.7790098
25.63645246,-100.777429
25.62770621,-100.7288072
25.61143762,-100.6816637
25.60768218,-100.6708075
25.56786917,-100.6514275
25.56797648,-100.6501838
25.57145848,-100.6081826
25.5683807,-100.602735
25.54455342,-100.5999586
25.54266404,-100.5793359
25.52376169,-100.580602
25.51002417,-100.5822489
25.47219067,-100.5867657
25.46330787,-100.5299323
25.45227913,-100.527294
25.45111238,-100.5189389
25.44850139,-100.5200902
25.43350325,-100.5266521
25.43508668,-100.5049692
25.42922989,-100.487261
25.41473374,-100.4545821
25.40415281,-100.4432234
25.3873785,-100.4561999
25.37361045,-100.466836
25.37477617,-100.4701003
25.34265822,-100.487864
25.33207311,-100.4461133
25.32744704,-100.3918829
25.34079135,-100.3254215
25.32103354,-100.2817959
25.3134817,-100.2756843
25.30601104,-100.2629499
25.30691636,-100.2561906
25.26590913,-100.2556713
25.25519309,-100.2622025
25.23317079,-100.2383825
25.23442687,-100.2314399
25.22835582,-100.2337891
25.21714207,-100.2258093
25.21480042,-100.2241381
25.20156001,-100.2564717
25.19904456,-100.3129845
25.19382026,-100.3131816
25.19313763,-100.3163792
25.19137709,-100.3248708
25.1872664,-100.3445933
25.19305566,-100.3515455
25.20728254,-100.4026169
25.22928255,-100.4625473
25.23861731,-100.5038767
25.24108974,-100.5391956
25.24822411,-100.5691948
25.25379494,-100.5751996
25.26617852,-100.6178941
25.26586526,-100.6214944
25.2628092,-100.6216714
25.27083415,-100.6740467
25.26133558,-100.6860712
25.25799548,-100.7001551
25.25035864,-100.6949836
25.23383619,-100.7048473
25.22948306,-100.6973794
25.18958023,-100.7298049
25.19189833,-100.7337338
25.18383715,-100.7388925
25.18655469,-100.741738
25.19905415,-100.7333527
25.20649149,-100.7466271
25.17270048,-100.7682737
25.16196249,-100.7550579
25.13306413,-100.7702175
25.14991607,-100.7975403
25.15342253,-100.8052315
25.14983216,-100.8055958
24.99569834,-100.8208646
24.94410725,-100.7477638
24.91972304,-100.7273782
24.90245269,-100.746481
24.89432784,-100.740455
24.89361165,-100.7136435
24.84203064,-100.7441781
24.87982769,-100.7440715
24.88958422,-100.7613438
24.83631697,-100.8256545
24.83242232,-100.8266839
24.81860191,-100.8268451
24.81390222,-100.819748
24.79619767,-100.817529
24.79257421,-100.812402
24.78199657,-100.8069833
24.76265977,-100.7639607
24.74266715,-100.749183
24.7140341,-100.7839579
24.72375758,-100.7985387
24.67410257,-100.8007744
24.66454291,-100.7618618
24.59779605,-100.7814622
24.6028177,-100.8030023
24.55526312,-100.7989731
24.5516946,-100.8082965
24.55568084,-100.8473742
24.58325005,-100.9010805
24.54190459,-100.9578587
24.55285707,-100.9656706
24.57328082,-100.9673506
24.57667826,-100.9733236
24.57313172,-101.0003718
24.57502473,-101.0112054
24.57819616,-101.0292503
24.57640564,-101.0347273
24.58865941,-101.0694117
24.62237049,-101.1250315
24.63436077,-101.1366595
24.6936582,-101.1678264
24.7146034,-101.1727095
24.74855576,-101.1867624
24.76204673,-101.219936
24.77767705,-101.2483876
24.81168387,-101.3397284
24.78841459,-101.4031004
24.800015,-101.4381884
24.7717866,-101.4121568
24.74647728,-101.447649
24.73661226,-101.4606883
24.74399358,-101.4915192
24.753831,-101.5978685
24.77109509,-101.5919561
24.77282076,-101.5959999
24.78144142,-101.5956938
24.78304445,-101.5738507
24.79577679,-101.5704788
24.8195801,-101.5702578
24.88011827,-101.5701435
24.88004481,-101.7033103
24.8448625,-101.6988849
24.8758677,-101.7724269
24.89082677,-101.7816432
24.97205915,-101.8317089
25.01810114,-101.8496009
25.07614506,-101.9863385
25.05984019,-102.0004072
25.0458842,-102.0124395
25.06517837,-102.0694625
25.10562994,-102.1892854
25.12497829,-102.2934378
25.12515791,-102.2944299
25.11723706,-102.4450679
25.11649849,-102.4589766
25.04291715,-102.4504996
24.99898566,-102.4456012
25.04739924,-102.6072728
25.06457071,-102.6647551
25.07691426,-102.6725517
25.04337991,-102.6949295
25.02802651,-102.7051756
25.03918127,-102.7685474
24.97971309,-102.7915661
24.97696776,-102.7834781
24.9675565,-102.7558895
24.94655477,-102.7641299
24.88136314,-102.7897113
24.84767071,-102.8070532
24.83263216,-102.8160795
24.80544391,-102.8501528
24.80119991,-102.8308961
24.79587207,-102.8310251
24.75197842,-102.8320248
24.75806131,-102.8863405
24.75949509,-102.8879727
24.76165034,-102.8904063
24.76555484,-102.8948322
24.76567773,-102.8955636
24.7663354,-102.8995849
24.76697535,-102.9035142
24.76762397,-102.9074969
24.77587096,-102.9157523
24.77389666,-102.9197045
24.77281316,-102.9218551
24.77475251,-102.9223285
24.77664653,-102.9227941
24.77970053,-102.9235413
24.77946482,-102.9281197
24.77921904,-102.9328422
24.77903498,-102.9363212
24.77855213,-102.9457214
24.78185162,-102.9523818
24.78473852,-102.9581959
24.78606546,-102.9608511
24.78666599,-102.9620795
24.78718188,-102.9623082
24.79210514,-102.964544
24.79386092,-102.9653299
24.79329532,-102.9687555
24.79286184,-102.9713495
24.79262618,-102.9727682
24.79347831,-102.9729211
24.79648781,-102.9734853
24.79909852,-102.9739658
24.79777449,-102.9840059
24.79738393,-102.986952
24.79436646,-102.9905455
24.79800328,-103.0009436
24.79430457,-103.001738
24.79414532,-103.002516
24.79373349,-103.0044763
24.7934154,-103.0059651
24.79496413,-103.0078721
24.79857459,-103.0123427
24.80024019,-103.0144099
24.80069541,-103.0183927
24.80116759,-103.0225435
24.80127093,-103.0233981
24.80310038,-103.0253661
24.8091204,-103.0318213
24.81064339,-103.033454
24.80964193,-103.0530695
24.81841798,-103.0691528
24.81854824,-103.0700152
24.81924443,-103.0743874
24.82221962,-103.0930253
24.82383346,-103.0945515
24.82604242,-103.0966272
24.82566712,-103.1074382
24.82579068,-103.1079339
24.82953764,-103.1157856
24.83771966,-103.1163191
24.84498793,-103.1341948
24.87771391,-103.1340122
24.87878257,-103.1567329
24.9171307,-103.1595176
24.91766578,-103.1595634
24.94075625,-103.1748765
24.95769804,-103.2249189
24.9647753,-103.2458391
24.99580006,-103.2413766
25.00142776,-103.2503495
25.00711761,-103.2594283
25.00831837,-103.2613282
25.0120723,-103.2673319
25.01340835,-103.2681951
25.02228222,-103.2739168
25.02720437,-103.2689427
25.02844856,-103.2676912
25.03407447,-103.2778079
25.03490982,-103.2766258
25.04076579,-103.2683859
25.04365122,-103.2717807
25.04580848,-103.2743218
25.04824761,-103.2700561
25.04914036,-103.2684996
25.05497067,-103.2690418
25.05456097,-103.265829
25.05432203,-103.2639452
25.05414244,-103.2625787
25.05398858,-103.2613968
25.05527699,-103.2614117
25.05794441,-103.2614574
25.06415341,-103.2769303
25.06549658,-103.2802572
25.06936517,-103.2898929
25.07097528,-103.2905115
25.07618567,-103.2924946
25.07879985,-103.2934944
25.07929742,-103.2936775
25.08396548,-103.3041907
25.08345578,-103.309845
25.09261751,-103.3178176
25.10059764,-103.3377773
25.10985485,-103.3418286
25.1064965,-103.3525556
25.1080565,-103.3579109
25.12014354,-103.3641374
25.12580253,-103.3718052
25.13396487,-103.3701877
25.15727652,-103.393832
25.17483501,-103.3978072
25.18155473,-103.4023164
25.1821487,-103.4089688
25.19168524,-103.4180404
25.19620031,-103.4184298
25.2011471,-103.4252738
25.19879519,-103.431491
25.20167024,-103.4386021
25.21876287,-103.4496725
25.22781105,-103.4494438
25.23397209,-103.4592483
25.2345623,-103.4601788
25.23815664,-103.4659015
25.24918103,-103.4726685
25.2551342,-103.4956792
25.25599463,-103.49584
25.26472568,-103.4974655
25.26533875,-103.4978766
25.2659788,-103.4983117
25.27183877,-103.5022557
25.27408349,-103.5037745
25.27638234,-103.5053228
25.27829351,-103.5094586
25.27939591,-103.5118239
25.28191147,-103.5077879
25.2828976,-103.5061851
25.28944639,-103.5092297
25.28998836,-103.5094818
25.2904264,-103.5082681
25.2922534,-103.5031645
25.29346534,-103.4997541
25.2942109,-103.4976781
25.29469227,-103.497625
25.30760008,-103.4960154
25.31007993,-103.495702
25.31194509,-103.4913154
25.31428369,-103.4857761
25.31433013,-103.4856619
25.3157824,-103.4846316
25.32386615,-103.4788416
25.33246704,-103.4884929
25.33410169,-103.4806112
25.34272237,-103.4736457
25.34857292,-103.4689157
25.35112339,-103.4668477
25.35144178,-103.4667564
25.37018359,-103.4610945
25.37573621,-103.4620406
25.38044236,-103.4495128
25.38157696,-103.4464844
25.38324147,-103.4420513
25.38369709,-103.440838
25.38567758,-103.4355593
25.38760195,-103.4304471
25.38877323,-103.4273339
25.38967509,-103.4249157
25.39439137,-103.4200246
25.39887401,-103.406742
25.39497653,-103.3971442
25.39727812,-103.3902623
25.39105321,-103.3790387
25.39084818,-103.3765435
25.39050248,-103.372485
25.39377016,-103.3702035
25.39357575,-103.3664649
25.39308902,-103.366099
25.37343625,-103.351603
25.37276742,-103.3470624
25.37141218,-103.3378689
25.39781349,-103.3366719
25.39777149,-103.3394868
25.41456114,-103.3578746
25.4082112,-103.36413
25.41887234,-103.369204
25.42127614,-103.3650461
25.51712151,-103.4748057
25.51692935,-103.4778964
25.52923374,-103.4842974
25.52967601,-103.4845337
25.53712228,-103.4952609
25.53815667,-103.4923544
25.54200504,-103.4815196
25.54218225,-103.4810017
25.54361692,-103.4769734
25.54619765,-103.4696794
25.54923785,-103.4656277
25.55239769,-103.4613784
25.55532762,-103.4574563
25.56398446,-103.4522067
25.57815917,-103.4515898
25.58485581,-103.4334466
25.58656317,-103.4342244
25.59200152,-103.4366888
25.59677133,-103.4388484
25.59728622,-103.4390842
25.5973633,-103.4385886
25.5980672,-103.4339949
25.59838533,-103.4319202
25.59875156,-103.4295397
25.60090591,-103.4290357
25.6123961,-103.4263044
25.61331489,-103.4159136
25.61348691,-103.4139221
25.61357836,-103.4128239
25.61659402,-103.4143874
25.61688223,-103.4156311
25.61858593,-103.4228869
25.6228621,-103.4244732
25.62491364,-103.4091075
25.6282745,-103.403477
25.63344442,-103.4035153
25.6399852,-103.4085204
25.64542829,-103.4043552
25.64041171,-103.3827932
25.65688566,-103.3804965
25.67686068,-103.362468
25.68956271,-103.3588749
25.69359305,-103.3478953
25.69413387,-103.3482926
25.70091276,-103.3531983
25.70601833,-103.3383669
25.71726026,-103.3528167
25.72660048,-103.338092
25.75264876,-103.3295083
25.7620409,-103.3386037
25.76683993,-103.3363144
25.77159344,-103.3275637
25.80537302,-103.3182857
25.82491481,-103.3229321
25.83146645,-103.3322322
25.86134141,-103.348133
25.86670345,-103.3425177
25.87141214,-103.3433571
25.8718087,-103.3285853
25.87662493,-103.3285018
25.88359161,-103.3379856
25.89273072,-103.351071
25.92705233,-103.3704266
25.9617657,-103.3683283
26.10852812,-103.3304944
26.17371391,-103.3211257
26.25031245,-103.2733868
26.28395306,-103.2610661
26.30365021,-103.2715336
26.36760917,-103.3055161
26.40563065,-103.3257501
26.42071905,-103.3337761
26.43256255,-103.3417262
26.4425133,-103.3579546
26.5252473,-103.3662709
26.579578,-103.3717489
26.60529618,-103.4337471
26.66393495,-103.5753534
26.67952528,-103.6130815
26.67444258,-103.6201393
26.68884921,-103.6451182
26.71831004,-103.6642224
26.71920721,-103.6685565
26.72551657,-103.6992506
26.73074654,-103.7016608
26.73504111,-103.7152645
26.77256297,-103.7254125
26.7799297,-103.7304252
26.80563492,-103.747935
26.8103655,-103.7511624
26.83003553,-103.7545041
26.8360823,-103.7795986
26.85546722,-103.8050203
26.87583793,-103.8230722
26.87913307,-103.8320286
26.89191177,-103.8427026
26.89659426,-103.8522403
26.90605106,-103.8523778
26.93577249,-103.8369194
26.93457768,-103.852545
26.98060992,-103.7853515
27.00946827,-103.7798969
27.02093243,-103.7398642
27.02990805,-103.7449687
27.07978131,-103.7541086
27.09071268,-103.7756018
27.09083025,-103.7837727
27.12435504,-103.7996957
27.170805,-103.7992006
27.18044262,-103.7990852
27.21310423,-103.7987268
27.24916516,-103.8092259
27.24334081,-103.8189614
27.24757125,-103.8204413
27.27695806,-103.8307032
27.29794168,-103.832099
27.30712249,-103.862892
27.31001565,-103.8726202
27.31123545,-103.8767246
27.30929283,-103.8817761
27.30675241,-103.8883671
27.31000348,-103.8898862
27.31927958,-103.8941898
27.32315203,-103.8959896
27.32423113,-103.8935558
27.32790582,-103.8852319
27.33155217,-103.8769691
27.33312405,-103.8734067
27.32744755,-103.8702175
27.33498207,-103.8670361
27.39956213,-103.8930674
27.42811797,-103.9045966
27.43925567,-103.8588338
27.54056742,-103.8549664
27.54944276,-103.8546153
27.57310104,-103.8604516
27.60714704,-103.8688525
27.6007841,-103.8835782
27.65656034,-103.8972809
27.65760287,-103.8832575
27.67403991,-103.8955417
27.68886429,-103.8932823
27.712909,-103.8896132
27.74196526,-103.8976086
27.75024594,-103.8891248
27.79674617,-103.9353229
27.82448014,-103.9019512
27.8259939,-103.919301
27.84717913,-103.9076572
27.87017809,-103.9162182
27.87842059,-103.9192925
27.88418583,-103.9214363
27.88994193,-103.9235814
27.91348664,-103.9279296
27.92363365,-103.9298071
27.92788058,-103.9423269
27.94507003,-103.9363376
27.94992324,-103.9487964
27.95552235,-103.9511312
27.96249085,-103.9199878
27.96295899,-103.9178972
27.96506939,-103.915402
27.9663999,-103.9138235
27.96854029,-103.9211859
27.96983313,-103.9256265
27.97059435,-103.9253285
28.00052613,-103.9136321
28.00054431,-103.9136247
28.0601331,-103.8903237
28.10823663,-103.8613851
28.11101827,-103.8680233
28.30021053,-103.7687018
28.29770719,-103.7627737
28.33590691,-103.7369854
28.41078481,-103.6863634
28.47192018,-103.6513366
28.48181981,-103.6714935
28.53489259,-103.6488416
28.55298868,-103.6406706
28.58100537,-103.6236715
28.57494036,-103.6009738
28.59086372,-103.5918791
28.59756583,-103.616058
28.63911314,-103.5964874
28.62881758,-103.5819604
28.64021182,-103.572775
28.61124264,-103.5574093
28.77226876,-103.452235
28.80403694,-103.4314448
28.82569787,-103.4172543
28.83205363,-103.3978518
28.83777583,-103.3942282
28.87174923,-103.4048103
28.93421156,-103.3323821
29.00686917,-103.2986828
29.0065907,-103.296226
29.00532548,-103.2940672
29.00348831,-103.291145
29.00231339,-103.2878342
29.00028641,-103.2860633
28.99663343,-103.2843466
28.99265439,-103.2827447
28.98903356,-103.2815241
28.98599173,-103.2813186
28.98384616,-103.2819824
28.98274207,-103.2834232
28.98198325,-103.2857431
28.98212064,-103.2877885
28.98043062,-103.2879407
28.97828187,-103.2878571
28.97680474,-103.286209
28.97653957,-103.2843319
28.97675978,-103.2827448
28.97651495,-103.2817217
28.97593582,-103.2807157
28.97625612,-103.2790295
28.97761187,-103.2788917
28.97917552,-103.2775788
28.98038985,-103.2758939
28.98126907,-103.2743287
28.98406,-103.2719715
28.98652768,-103.2705302
28.98967593,-103.2698275
28.99226203,-103.269408
28.99406245,-103.2689883
28.99517329,-103.2678207
28.99595504,-103.2671647
28.9961698,-103.2662565
28.99167937,-103.2595284
28.99054625,-103.2589098
28.98859798,-103.2562544
28.98846434,-103.2548433
28.98538201,-103.2516773
28.98344591,-103.250952
28.98130731,-103.2507228
28.98039891,-103.2502349
28.98071079,-103.2484265
28.98089178,-103.2448335
28.98138442,-103.2394384
28.98124972,-103.2381494
28.98247968,-103.23673
28.98494519,-103.2355332
28.98626425,-103.2330758
28.98769882,-103.2308635
28.98948788,-103.2295431
28.99139321,-103.2283689
28.9918317,-103.2277043
28.99136869,-103.2268279
28.98760126,-103.2234248
28.98544407,-103.2220584
28.9837296,-103.2206629
28.98337693,-103.2195181
28.98472557,-103.2191139
28.9857391,-103.2188386
28.98605674,-103.2174204
28.98682411,-103.2162454
28.98771166,-103.2146965
28.98756101,-103.2118807
28.98728006,-103.2071429
28.9872306,-103.2040611
28.98707361,-103.2008562
28.98627822,-103.1997188
28.98545337,-103.1976747
28.98460918,-103.1933335
28.98411777,-103.1901371
28.98350087,-103.1868022
28.98302086,-103.184506
28.98276477,-103.182461
28.98240749,-103.1806679
28.98136272,-103.1790276
28.97988269,-103.1776311
28.9782528,-103.1769752
28.97760333,-103.1756173
28.97769472,-103.1742137
28.97959888,-103.173153
28.98048962,-103.1723601
28.98056759,-103.1703067
28.97930782,-103.1684078
28.97860617,-103.1667593
28.97711787,-103.1652409
28.97576934,-103.1656457
28.97397094,-103.1658139
28.9722514,-103.1637915
28.97290464,-103.1621055
28.97366802,-103.1601676
28.97341795,-103.1585041
28.97349816,-103.1573828
28.97304055,-103.1556892
28.9715656,-103.1548194
28.97176708,-103.1531485
28.97322134,-103.1518357
28.97512262,-103.1511649
28.9765461,-103.147808
28.97741951,-103.1456103
28.97818632,-103.1444426
28.97928999,-103.1428863
28.98017059,-103.1409403
28.98150642,-103.1397584
28.98284128,-103.1387126
28.98325837,-103.1358828
28.98389855,-103.1334338
28.98421088,-103.1313734
28.98306629,-103.1297327
28.98210635,-103.1275056
28.98210204,-103.1255142
28.98321744,-103.1248502
28.98433366,-103.1240641
28.98453745,-103.1220117
28.9840365,-103.1186859
28.98424402,-103.1173961
28.98500602,-103.1155798
28.98678766,-103.1138867
28.98847847,-103.1135883
28.99142489,-103.1145657
28.99222707,-103.1147937
28.99402081,-103.1152898
28.99673594,-103.1157478
29.00028986,-103.1163583
29.00437922,-103.1139394
29.01063268,-103.1093319
29.01331654,-103.1077374
29.01574584,-103.1037238
29.01763019,-103.1014955
29.02166301,-103.0993745
29.02525446,-103.0984208
29.02865407,-103.0991311
29.03287932,-103.1032741
29.03674615,-103.1056546
29.03991182,-103.1062269
29.04283317,-103.1055397
29.04541486,-103.1043344
29.04764396,-103.1018542
29.05021652,-103.1006564
29.05495433,-103.1010767
29.05835113,-103.1021752
29.06104196,-103.1008396
29.06045331,-103.0984142
29.06098098,-103.0964841
29.0632331,-103.0959268
29.06424458,-103.0959035
29.06512355,-103.0940959
29.06384127,-103.09141
29.06125675,-103.0917152
29.05719288,-103.0917918
29.05504605,-103.0914559
29.05365361,-103.0890288
29.05338687,-103.0856956
29.05562986,-103.0851535
29.05991866,-103.0851995
29.06309152,-103.0860387
29.06671415,-103.0871298
29.06783655,-103.0867181
29.07083151,-103.0830708
29.07347274,-103.0782794
29.0771601,-103.076403
29.08066308,-103.0764638
29.08554704,-103.0793323
29.08815427,-103.0796682
29.08937845,-103.0788743
29.0909263,-103.0769216
29.09247583,-103.0747092
29.09332205,-103.0709707
29.09364743,-103.0695433
29.09179747,-103.0666287
29.09109746,-103.0645912
29.09287171,-103.0625091
29.09465257,-103.060792
29.09607054,-103.057946
29.09876076,-103.0566193
29.10020653,-103.055047
29.10052924,-103.0540101
29.09969867,-103.051194
29.09730084,-103.0491874
29.09615154,-103.0481883
29.09532827,-103.0456243
29.09607196,-103.042283
29.09736733,-103.0387882
29.09864269,-103.0370112
29.09979953,-103.0354093
29.1029214,-103.0328982
29.10573455,-103.0320821
29.10931931,-103.0306027
29.11280732,-103.0301442
29.11526405,-103.0285655
29.11703944,-103.0262151
29.12005103,-103.0239725
29.12330649,-103.0231481
29.12530595,-103.0210423
29.12595908,-103.0191042
29.12559339,-103.016938
29.12453908,-103.0151597
29.12531036,-103.013085
29.12651925,-103.0117798
29.12822511,-103.0118642
29.12993031,-103.0135116
29.13040251,-103.014527
29.1327807,-103.0153817
29.13481395,-103.0150831
29.13691328,-103.0128634
29.13924976,-103.010247
29.14204032,-103.0086523
29.14564386,-103.0084459
29.14835419,-103.0081411
29.14910216,-103.005432
29.15073302,-103.0015485
29.15533086,-102.9996566
29.15766388,-102.997559
29.16068978,-102.9958267
29.1646272,-102.99562
29.16983137,-102.9964211
29.17346135,-102.9977639
29.17750347,-102.996658
29.17994626,-102.994301
29.1817068,-102.9913021
29.18336043,-102.9880593
29.1837791,-102.9859999
29.18538854,-102.9810785
29.18625186,-102.9786214
29.1857355,-102.9743879
29.18306286,-102.9683981
29.18210603,-102.9653316
29.18013792,-102.962287
29.17872652,-102.9582052
29.17874177,-102.9571445
29.17866655,-102.956114
29.17786111,-102.9549094
29.17638495,-102.9541615
29.17548276,-102.954062
29.17450395,-102.95317
29.17381394,-102.9522917
29.17368559,-102.9510795
29.1738974,-102.9503623
29.17530701,-102.9501402
29.17683023,-102.9505606
29.17830267,-102.9503995
29.17941701,-102.9497212
29.18062012,-102.9493008
29.18138145,-102.947226
29.18393865,-102.9452495
29.18641545,-102.9446856
29.18901491,-102.9447617
29.19113354,-102.9436858
29.19178566,-102.9417476
29.18996026,-102.9405045
29.18846505,-102.9383523
29.18990119,-102.9366436
29.19224082,-102.9347976
29.19469089,-102.9325769
29.1947597,-102.9300067
29.1942551,-102.9266645
29.19227624,-102.9222081
29.19087549,-102.9192709
29.19151898,-102.9172116
29.19234799,-102.9174787
29.19343842,-102.9178133
29.19819887,-102.9188743
29.19942487,-102.9175702
29.2005054,-102.9148387
29.20343268,-102.9143957
29.20668097,-102.9130458
29.20963426,-102.9144035
29.21236184,-102.9157623
29.21540428,-102.9157008
29.21719074,-102.9142436
29.21918004,-102.9120226
29.21983869,-102.9104594
29.2196869,-102.9085366
29.2176364,-102.9071635
29.21442432,-102.9036303
29.21304394,-102.9018608
29.2104205,-102.8996028
29.20867557,-102.8968097
29.20914478,-102.8902407
29.21045878,-102.8876468
29.21186726,-102.8842664
29.21328952,-102.8816654
29.21346861,-102.8785823
29.21603249,-102.8768587
29.21670894,-102.876965
29.21825606,-102.8746232
29.2218876,-102.86903
29.22286659,-102.8682598
29.22411735,-102.8673063
29.22601657,-102.8666273
29.22771316,-102.866711
29.22953963,-102.8678325
29.23057162,-102.8689768
29.23127522,-102.870762
29.23207664,-102.871129
29.23364955,-102.8707012
29.23634179,-102.870267
29.23848759,-102.8707399
29.24075077,-102.8712045
29.24259041,-102.8732268
29.24409466,-102.8755079
29.24482531,-102.8789647
29.24608991,-102.880475
29.24616337,-102.8852588
29.24575305,-102.8876849
29.24817991,-102.8912324
29.25093583,-102.8940103
29.25390215,-102.8962689
29.25437907,-102.8981829
29.25384346,-102.9003805
29.25433479,-102.9029444
29.25639965,-102.9049664
29.25856121,-102.9058208
29.26149438,-102.9058818
29.26338744,-102.9046911
29.26446899,-102.9017085
29.26782036,-102.8995798
29.27041322,-102.8991441
29.27290732,-102.9002506
29.27485552,-102.9021433
29.27621503,-102.9027605
29.27824471,-102.9029668
29.27993481,-102.9025556
29.28069397,-102.9007388
29.28032756,-102.8984352
29.28195138,-102.8969398
29.28412869,-102.8965577
29.28524462,-102.8955052
29.28641905,-102.8920028
29.28807597,-102.8893866
29.29031181,-102.8881887
29.2932386,-102.8877307
29.2958361,-102.8880746
29.29946608,-102.889417
29.30309537,-102.8908816
29.30503109,-102.8917513
29.3065058,-102.8927516
29.30853675,-102.8927055
29.30944012,-102.8925523
29.30976232,-102.8913936
29.30939235,-102.8897227
29.31071159,-102.8877768
29.31296273,-102.8870667
29.31533446,-102.8874182
29.31792638,-102.8871056
29.31925116,-102.8857929
29.3208044,-102.883954
29.32148689,-102.8845871
29.32241676,-102.8845344
29.32487231,-102.8843972
29.32903061,-102.8831378
29.33339078,-102.881254
29.33765724,-102.8800029
29.33991438,-102.8798269
29.34206042,-102.8801702
29.34480843,-102.8826873
29.34628444,-102.8834354
29.34786325,-102.8835277
29.35043624,-102.8816736
29.35299881,-102.8800704
29.35465524,-102.8774694
29.35486004,-102.8763016
29.35348532,-102.8751731
29.35197443,-102.8725024
29.35165389,-102.86659
29.35168316,-102.8610431
29.35351392,-102.8561137
29.35588703,-102.8492473
29.35760983,-102.8441817
29.35892371,-102.8396347
29.36181371,-102.8392071
29.36286111,-102.8408547
29.36288861,-102.8425264
29.36472684,-102.8448064
29.36833628,-102.8448603
29.3720483,-102.8442658
29.37487949,-102.8447305
29.37763206,-102.8411828
29.37770338,-102.8378335
29.37855645,-102.8351256
29.38044224,-102.8334008
29.38314201,-102.8330877
29.38753908,-102.8326146
29.38898635,-102.8319364
29.39008754,-102.8301044
29.39254239,-102.8282504
29.39688986,-102.8250692
29.39871997,-102.820019
29.39698401,-102.8170888
29.39694916,-102.815029
29.39860126,-102.8130599
29.40005934,-102.8120002
29.40211701,-102.8137628
29.40282873,-102.8158065
29.40319619,-102.8181186
29.40358877,-102.8208121
29.40282167,-102.8226285
29.4026366,-102.8253362
29.40490114,-102.8254129
29.40637855,-102.8259006
29.40761362,-102.8261302
29.4083399,-102.8288312
29.40837969,-102.8316616
29.40907775,-102.8327986
29.41077498,-102.8326385
29.41131265,-102.8315999
29.41277019,-102.8306614
29.41566203,-102.8280216
29.41743091,-102.8261755
29.41879132,-102.8265954
29.42400756,-102.8282286
29.4282114,-102.8302044
29.4331933,-102.8317603
29.43464423,-102.8303346
29.43826603,-102.83141
29.44017271,-102.8308531
29.44151151,-102.8301816
29.44400083,-102.8303797
29.44567544,-102.8293187
29.44687829,-102.8269776
29.44730188,-102.8252833
29.44873086,-102.8228185
29.44911851,-102.8210866
29.44924788,-102.8204766
29.45079865,-102.8189043
29.45185443,-102.8206831
29.45505908,-102.8239631
29.45732984,-102.8245502
29.45921384,-102.8231012
29.46225802,-102.8223917
29.46537439,-102.8198733
29.46713005,-102.8170055
29.46870918,-102.8169669
29.47103782,-102.814983
29.47249505,-102.8140529
29.47476448,-102.814899
29.47656784,-102.8151208
29.48016295,-102.8142664
29.48284854,-102.8130606
29.4837172,-102.8107267
29.48389306,-102.8080017
29.4845017,-102.8034852
29.48570227,-102.8015168
29.48670883,-102.8004714
29.4892233,-102.802867
29.49230495,-102.8054997
29.49424942,-102.8063694
29.49658365,-102.8050347
29.49849195,-102.8040814
29.50052271,-102.8039126
29.50202462,-102.8067133
29.50350894,-102.8075827
29.50733711,-102.8069872
29.51106154,-102.8073
29.51478733,-102.8073304
29.51648872,-102.8080789
29.51909952,-102.8091852
29.5215807,-102.8091315
29.52280319,-102.8082008
29.52332371,-102.8050877
29.52429791,-102.8032721
29.52539198,-102.800922
29.52593246,-102.7992364
29.52783094,-102.7984194
29.52916873,-102.7978786
29.53104302,-102.794605
29.53246827,-102.7927662
29.53506013,-102.7921946
29.53834757,-102.7932921
29.54015013,-102.7936362
29.54194925,-102.7928274
29.54325901,-102.7906073
29.54322382,-102.7885477
29.54179417,-102.7838021
29.54263955,-102.7805667
29.54452721,-102.778194
29.54619867,-102.7776524
29.54719785,-102.7762026
29.54659412,-102.7741497
29.54767924,-102.7716855
29.54937659,-102.7713877
29.55031236,-102.7738141
29.55238422,-102.7763469
29.55500225,-102.7778347
29.55726547,-102.7780486
29.56087296,-102.7782245
29.56242299,-102.7766451
29.56464963,-102.7750505
29.56700918,-102.7739597
29.57039162,-102.7740206
29.57242926,-102.7742344
29.57363705,-102.772525
29.57325281,-102.769832
29.57286015,-102.7670008
29.57361978,-102.7646592
29.57563576,-102.7637131
29.57843538,-102.7630103
29.5803569,-102.762973
29.58376163,-102.7640412
29.58693163,-102.7651467
29.59090935,-102.7671229
29.59296078,-102.7682294
29.59476381,-102.768443
29.59654092,-102.7664826
29.59819361,-102.7641176
29.59847864,-102.7610126
29.59820973,-102.7587004
29.59645222,-102.7544813
29.5961043,-102.753642
29.59550671,-102.7521689
29.5947962,-102.7497431
29.59328224,-102.7474545
29.59236677,-102.7464466
29.59268837,-102.7451507
29.59379364,-102.7440891
29.59545881,-102.7428837
29.59667516,-102.7411905
29.59856453,-102.7402676
29.59891703,-102.7401071
29.60106838,-102.7410913
29.60220999,-102.7419612
29.6039996,-102.7411525
29.60611921,-102.7391691
29.60800455,-102.7391299
29.6116309,-102.7390468
29.62032566,-102.7391071
29.62134498,-102.7390847
29.62404213,-102.7390232
29.62666125,-102.7402594
29.62904529,-102.7416182
29.63243399,-102.742197
29.63457532,-102.7413734
29.63702015,-102.7392456
29.63979018,-102.7369944
29.64169691,-102.7361784
29.6415371,-102.7335988
29.64094397,-102.7310968
29.64091393,-102.7297389
29.64255016,-102.7268627
29.64543842,-102.7243446
29.64803564,-102.7244126
29.65009438,-102.7259165
29.65086451,-102.725122
29.65173839,-102.7232995
29.65314389,-102.7195297
29.65534083,-102.7162496
29.65843238,-102.7125564
29.66065959,-102.7105813
29.66368458,-102.7097336
29.66648516,-102.7086354
29.67137466,-102.7041334
29.67186873,-102.7003719
29.67149019,-102.6981985
29.67191224,-102.6965046
29.67314111,-102.695955
29.6752667,-102.69449
29.6775142,-102.6940468
29.67955667,-102.6951683
29.68137586,-102.6957723
29.68459055,-102.6990526
29.68572421,-102.6996786
29.68716797,-102.6994879
29.68943279,-102.6992049
29.6936098,-102.698846
29.69709169,-102.6986485
29.69841564,-102.6969309
29.70006862,-102.694177
29.70118806,-102.6938952
29.70414727,-102.6893097
29.70537818,-102.6882486
29.70709266,-102.6901484
29.70979835,-102.6900807
29.71555971,-102.6903398
29.72166154,-102.6911095
29.72331849,-102.689516
29.72373461,-102.6870517
29.72584402,-102.6850679
29.72704305,-102.6829772
29.72780653,-102.6815349
29.73105058,-102.6799097
29.73462881,-102.6781481
29.73620704,-102.6781089
29.73979212,-102.6768587
29.74170611,-102.6763007
29.74336177,-102.6749664
29.74459192,-102.674043
29.74445243,-102.6728759
29.74476698,-102.6709298
29.74563105,-102.6691067
29.74480184,-102.6667941
29.7416529,-102.6672604
29.73973253,-102.6671765
29.73744977,-102.6652838
29.73616156,-102.6627352
29.73589086,-102.6605381
29.73519365,-102.6590052
29.73547612,-102.6560219
29.73542533,-102.6529245
29.73423169,-102.6492155
29.73327615,-102.6399386
29.73374669,-102.6348717
29.73479315,-102.6300738
29.73554009,-102.6281131
29.73537959,-102.6252747
29.73625266,-102.6233289
29.73801057,-102.6210786
29.74090417,-102.6189489
29.74424158,-102.6162866
29.74690163,-102.6138907
29.74822453,-102.6121818
29.7483908,-102.6086874
29.74967615,-102.604918
29.75138909,-102.6000888
29.75143691,-102.5968623
29.75037453,-102.5939173
29.74943607,-102.5916046
29.74904046,-102.5887739
29.75057372,-102.5861577
29.7528767,-102.5826098
29.75484502,-102.5793288
29.75502544,-102.5767423
29.75462912,-102.574042
29.75662837,-102.5721871
29.75922509,-102.5722417
29.76251207,-102.5734542
29.76535804,-102.5744232
29.76792357,-102.5730656
29.76914452,-102.5720119
29.77154807,-102.5679455
29.77082744,-102.5651233
29.76947437,-102.5652826
29.76614078,-102.5618802
29.76328794,-102.5602629
29.76112675,-102.5594162
29.75885012,-102.5580419
29.75713252,-102.5566688
29.75484044,-102.5545169
29.75258639,-102.5544488
29.75044786,-102.5548836
29.74830246,-102.5546778
29.74736294,-102.5525113
29.74518628,-102.5508704
29.74447174,-102.5488252
29.74563675,-102.545583
29.7467288,-102.5425692
29.74814283,-102.540342
29.75169662,-102.5372818
29.75403041,-102.5350235
29.75621543,-102.5313539
29.75773999,-102.5283479
29.75922602,-102.5232671
29.76259901,-102.5173685
29.76546111,-102.513302
29.76837622,-102.5124484
29.77149289,-102.5105633
29.77386529,-102.5102435
29.77643716,-102.515347
29.77873747,-102.5178797
29.78179191,-102.5185746
29.78379739,-102.5173697
29.7844437,-102.5154162
29.78371317,-102.5125926
29.78295875,-102.5087328
29.78210469,-102.504994
29.78235259,-102.5005918
29.78317747,-102.4961737
29.78414106,-102.4935728
29.78600673,-102.49081
29.78698672,-102.4887271
29.78727279,-102.4865149
29.78532219,-102.484493
29.78324717,-102.4818375
29.77897147,-102.4824632
29.7770433,-102.4819906
29.77633587,-102.48032
29.77610251,-102.4737352
29.77729873,-102.4716442
29.7797544,-102.4705462
29.78196918,-102.4685467
29.78348422,-102.4652822
29.78209277,-102.4631155
29.7804834,-102.4614816
29.77604439,-102.4592701
29.77490208,-102.4582621
29.77463659,-102.4564614
29.77702207,-102.4513578
29.77785256,-102.4477109
29.77735194,-102.4461239
29.77689613,-102.4446365
29.77411121,-102.4408283
29.77339536,-102.4387767
29.77606062,-102.4367771
29.77681383,-102.4349542
29.77504034,-102.4304675
29.77258139,-102.4260045
29.77050473,-102.4236009
29.76935416,-102.4222121
29.76941521,-102.4194967
29.7692016,-102.4148426
29.76746034,-102.4116601
29.7642076,-102.4070983
29.76603931,-102.4029173
29.76956589,-102.3988127
29.76927645,-102.3954554
29.76868564,-102.393663
29.76581465,-102.3914113
29.76297662,-102.3904503
29.76112513,-102.3879178
29.76365993,-102.3874748
29.76550913,-102.3871614
29.77234854,-102.3851711
29.77527702,-102.386003
29.77734046,-102.3865895
29.77973507,-102.3882067
29.78100281,-102.3897262
29.78292283,-102.3899389
29.78421869,-102.3871922
29.78575676,-102.3849501
29.78735518,-102.3799986
29.78800708,-102.3788234
29.78966859,-102.3777392
29.79452027,-102.3773585
29.8001636,-102.3777322
29.80628492,-102.3740703
29.81031796,-102.3728107
29.8210833,-102.3686605
29.82218422,-102.3682178
29.83211355,-102.3627939
29.83480995,-102.3624579
29.83797369,-102.3627785
29.84215512,-102.3635637
29.8452191,-102.3641284
29.84799941,-102.3625039
29.84988768,-102.3606491
29.85097382,-102.3586808
29.8513677,-102.3558121
29.85211088,-102.3539888
29.85343107,-102.3521426
29.8547673,-102.3512117
29.85813155,-102.3504636
29.86081984,-102.3496165
29.86308219,-102.3498155
29.86385041,-102.3488997
29.86501233,-102.3451083
29.86599852,-102.343407
29.8695724,-102.3414994
29.87020696,-102.3397984
29.86978299,-102.3355409
29.86929108,-102.3336183
29.86826517,-102.3327325
29.86701255,-102.3325119
29.86520997,-102.3323055
29.86384094,-102.3316877
29.86391722,-102.3296206