3138,CAMPECHE
20.71620355,-90.44815597
20.72373004,-90.44121305
20.72919753,-90.43520075
20.73860655,-90.43111776
20.74361911,-90.43169073
20.74592877,-90.42771669
20.7475174,-90.41749891
20.75159754,-90.41251826
20.76039958,-90.4036981
20.76875156,-90.40378167
20.78150687,-90.39703827
20.80497963,-90.38654741
20.82326812,-90.38036572
20.75190626,-90.38315128
20.55548023,-90.3866695
20.55366628,-90.3286766
20.54311872,-90.2291177
20.5201129,-90.231933
20.51764193,-90.2166114
20.50518537,-90.21827477
20.50583586,-90.22290722
20.48413408,-90.22410491
20.47064729,-90.18473603
20.437046,-90.18830688
20.44187356,-90.16348032
20.43981835,-90.132144
20.44303294,-90.13007744
20.42820458,-90.10142927
20.42341794,-90.09864413
20.38768792,-90.1053353
20.38520625,-90.09121307
20.39953402,-90.08871771
20.40074644,-90.09651556
20.41232412,-90.09364545
20.41316259,-90.06782009
20.43343043,-90.06494335
20.43204094,-90.05607091
20.44520644,-90.0538646
20.46070635,-90.04680148
20.4765883,-90.02233115
20.47744649,-90.00438073
20.49679926,-90.00304516
20.49840321,-90.00007706
20.49331012,-89.96160169
20.46972106,-89.96449235
20.46789747,-89.95205699
20.46123629,-89.95287183
20.45726645,-89.91711967
20.49666066,-89.91200708
20.49566732,-89.90524742
20.49250094,-89.8844809
20.47394631,-89.88749546
20.46762684,-89.82725884
20.43836645,-89.82876047
20.41700017,-89.83539989
20.41162546,-89.8345451
20.37850201,-89.85677006
20.37793234,-89.87126729
20.35062797,-89.87067939
20.34172443,-89.82134551
20.339323,-89.81818748
20.33419775,-89.81885033
20.30711111,-89.82528127
20.28693057,-89.82658766
20.2875348,-89.87240325
20.25300696,-89.87568273
20.25060284,-89.84066489
20.20552023,-89.84632587
20.20618494,-89.82365668
20.20337484,-89.81292354
20.19967163,-89.80320161
20.19035613,-89.80301142
20.16113496,-89.80265248
20.15296283,-89.77115073
20.17673212,-89.75290147
20.18436109,-89.74168463
20.18458926,-89.71607119
20.19168113,-89.69692142
20.19950537,-89.69442775
20.21084095,-89.66583215
20.19443045,-89.64079028
20.18664668,-89.65035848
20.17645835,-89.65197665
20.1739612,-89.65695897
20.16159876,-89.66216262
20.15984858,-89.65296715
20.14856619,-89.63068274
20.14890492,-89.62402176
20.14891911,-89.61261549
20.14423795,-89.61001404
20.14239182,-89.6048015
20.05889411,-89.59788176
20.05875148,-89.59580746
20.0481211,-89.60223076
20.04235135,-89.59178498
20.00140773,-89.5997291
19.94000039,-89.61165259
19.93789021,-89.5972256
19.92136771,-89.59912498
19.91966968,-89.58984771
19.87420921,-89.58958011
19.77230562,-89.51649043
19.76966685,-89.47766964
19.73737429,-89.48025619
19.73850593,-89.49205147
19.69883092,-89.46965194
19.69837166,-89.45480334
19.67832454,-89.43941486
19.67825303,-89.42849655
19.67010764,-89.42878643
19.56424738,-89.33338557
19.53800375,-89.31433652
19.31399546,-89.14521689
19.24797015,-89.14431836
18.89175209,-89.13806776
18.7525429,-89.14809405
18.74933488,-89.15564043
18.71903462,-89.15067194
18.69755324,-89.15326676
18.60420299,-89.15220722
18.45075069,-89.15048122
18.4501683,-89.12294712
18.40977094,-89.1167662
18.38839509,-89.1135016
18.38706812,-89.12998192
18.31364279,-89.13011057
18.14500225,-89.14199039
18.14479195,-89.20298155
18.08428908,-89.2015085
18.08473846,-89.14185333
18.06055789,-89.14175258
18.0598933,-89.16403298
18.01861402,-89.16548238
18.02446544,-89.20758952
17.97272553,-89.20505587
17.97050135,-89.20495071
17.97004303,-89.18868416
17.95195444,-89.18852961
17.95195744,-89.15239764
17.94027307,-89.15218284
17.94026407,-89.15218369
17.93339111,-89.15217659
17.92482044,-89.15216758
17.91044773,-89.15193251
17.90603917,-89.15218257
17.90306867,-89.15205354
17.90212465,-89.1520544
17.814999,-89.15222872
17.81522777,-89.22970656
17.8152333,-89.23401737
17.81527668,-89.24836145
17.8153863,-89.2965967
17.81535091,-89.41957706
17.81533213,-89.4523763
17.81519304,-89.46779632
17.8153748,-89.46800233
17.81515472,-89.52129662
17.8151306,-89.52774333
17.81502179,-89.55428651
17.8150868,-89.58101241
17.81529832,-89.68514077
17.81531182,-89.69577751
17.81536811,-89.73177333
17.8154868,-89.82346658
17.81560108,-89.95546583
17.81561701,-90.00007618
17.81560893,-90.00007452
17.81549395,-90.01980561
17.81519441,-90.07581363
17.81511465,-90.1516526
17.81509543,-90.16056334
17.81527133,-90.22647589
17.8143119,-90.28303498
17.81293997,-90.33343614
17.81225925,-90.37764997
17.81381142,-90.42978119
17.81394715,-90.43434545
17.81605242,-90.50593241
17.81518166,-90.66677958
17.81520046,-90.6667733
17.81529172,-90.71677698
17.81535039,-90.77806423
17.8153567,-90.78580288
17.81538111,-90.82995378
17.81521121,-90.9148552
17.81503035,-90.98772004
17.88029897,-90.98649089
17.91517103,-90.97708313
17.93899519,-90.98766542
17.96005502,-90.98647469
17.96256693,-91.11742284
17.98025012,-91.12814082
17.95467093,-91.12991242
17.96139763,-91.15450906
17.9826271,-91.14301288
17.97663292,-91.17039531
17.97005501,-91.17926089
17.97315748,-91.184417
17.97787764,-91.19226004
17.97787832,-91.19226946
17.97422155,-91.20052467
17.97579299,-91.20194298
17.97641299,-91.20250767
17.97570739,-91.21018181
17.97563502,-91.21093847
17.97519203,-91.21575148
17.97504792,-91.21736896
17.98112657,-91.22472484
17.98254703,-91.22844147
17.9866475,-91.23918984
18.00466773,-91.24879654
18.00490428,-91.24891777
18.00655369,-91.24980241
18.00750177,-91.25151219
18.00991964,-91.25588369
18.02206707,-91.27781938
18.0230575,-91.27961862
18.02320177,-91.27974951
18.02806569,-91.28433579
18.03373492,-91.28967462
18.04232172,-91.29776962
18.04275694,-91.29903674
18.04962994,-91.31895119
18.0512365,-91.31998723
18.05659845,-91.32345142
18.06177994,-91.32680194
18.06288242,-91.32751005
18.06291425,-91.32808356
18.06392549,-91.34737014
18.06994375,-91.36134708
18.0659078,-91.3665743
18.06719056,-91.37365439
18.06639174,-91.37632609
18.06426683,-91.38344292
18.06387026,-91.38475597
18.06711141,-91.3901792
18.06749306,-91.39031792
18.0758549,-91.39314031
18.07593457,-91.39324081
18.07982937,-91.39855008
18.08019026,-91.40428722
18.08083867,-91.41486167
18.08115297,-91.41982017
18.08161522,-91.42738904
18.08189747,-91.43189965
18.08334577,-91.43443099
18.08577733,-91.43868816
18.08588204,-91.43875831
18.09528776,-91.44482248
18.09457373,-91.4487157
18.09696109,-91.45093564
18.09878475,-91.45262061
18.09862186,-91.4531405
18.09769034,-91.45613776
18.10056996,-91.45723652
18.10394585,-91.46796304
18.10523013,-91.47203932
18.10532302,-91.47232853
18.10556046,-91.47248098
18.11302383,-91.47737926
18.11741385,-91.48926696
18.11742552,-91.489304
18.11730771,-91.49150152
18.11679501,-91.50061005
18.11661589,-91.50374642
18.11714131,-91.50360892
18.11868248,-91.50321333
18.11994782,-91.50289343
18.12268151,-91.50217401
18.1227857,-91.50223715
18.12285132,-91.50226769
18.12567136,-91.50368516
18.12694972,-91.50432694
18.12979698,-91.50574478
18.1297997,-91.50591293
18.13012438,-91.51637366
18.15344466,-91.51564983
18.15260476,-91.50262515
18.16129421,-91.50535741
18.16171779,-91.50518974
18.16532716,-91.5037626
18.17067435,-91.50733261
18.1706616,-91.50740949
18.17023089,-91.50993542
18.17008845,-91.51075042
18.16995469,-91.51156001
18.16959308,-91.51364892
18.16919597,-91.51600857
18.16713719,-91.51717433
18.16493886,-91.51841953
18.15996679,-91.52124084
18.15962016,-91.52691685
18.15423523,-91.53044998
18.1568511,-91.55596343
18.15695332,-91.55690904
18.1582676,-91.56978175
18.15909208,-91.57784661
18.15889674,-91.57803698
18.15619593,-91.5806688
18.15521988,-91.58163007
18.15414455,-91.58142497
18.14846775,-91.58038677
18.14810017,-91.58031752
18.1468831,-91.57937859
18.13800374,-91.5724593
18.12295458,-91.58412354
18.12242978,-91.59483539
18.12195388,-91.60443376
18.11226518,-91.60451038
18.11044246,-91.58963217
18.11042278,-91.58947956
18.11024466,-91.58965669
18.10722484,-91.59265535
18.10753867,-91.59482207
18.10831884,-91.60030797
18.09855668,-91.60924932
18.09301363,-91.60999711
18.09192691,-91.61014832
18.09131374,-91.60980609
18.08760061,-91.60778384
18.08511235,-91.60642486
18.08455674,-91.60612808
18.07294974,-91.60769169
18.06033027,-91.61935896
18.05421358,-91.6148555
18.05167306,-91.61600791
18.05038212,-91.61659632
18.04315982,-91.61363685
18.03947119,-91.61433125
18.0359085,-91.61499474
18.02580304,-91.61688634
18.02414573,-91.61719204
18.018472,-91.61825231
18.01253903,-91.6193653
18.0068583,-91.61854259
17.99795766,-91.61724385
17.98943942,-91.61601579
17.97658049,-91.61963356
17.97161999,-91.61987674
17.97025683,-91.61994449
17.95305327,-91.6208001
17.95268336,-91.62147933
17.95054654,-91.62543944
17.94491847,-91.62193718
17.93573551,-91.61619941
17.92123564,-91.61784013
17.91402593,-91.61427649
17.91301566,-91.6148715
17.87343767,-91.63827972
17.8899285,-91.66447055
17.9193726,-91.7122091
17.92317319,-91.7129347
17.92081436,-91.71473577
17.93253049,-91.73458694
17.95965361,-91.76143526
17.94421841,-91.76238954
17.94019917,-91.75906253
17.94007046,-91.76271124
17.94926735,-91.76809762
17.9460682,-91.77170579
17.97301633,-91.80431476
17.98439473,-91.86611525
18.00927077,-91.88930766
18.01498285,-91.90529943
18.01107675,-91.93790809
18.01731554,-91.96654304
18.01748354,-91.96729111
18.04317211,-91.97890203
18.03864251,-91.98721254
18.03941383,-91.9914087
18.05266667,-92.01419743
18.06220558,-92.019255
18.07259038,-92.02476351
18.07606774,-92.02660978
18.07814384,-92.04242577
18.07928138,-92.04165584
18.08307206,-92.03908385
18.08737541,-92.03617818
18.09740845,-92.03817606
18.09399304,-92.05198557
18.09511209,-92.05409178
18.09565191,-92.05512145
18.09846302,-92.06045609
18.09229456,-92.06900898
18.09478067,-92.07628697
18.08784923,-92.07785095
18.08611233,-92.08093431
18.08641171,-92.08160461
18.08880478,-92.08693882
18.09180418,-92.09362993
18.09357798,-92.1089416
18.10161989,-92.11938612
18.09663688,-92.12713039
18.09802342,-92.12767268
18.10415717,-92.13009113
18.12175988,-92.12784087
18.13663116,-92.14908784
18.14919802,-92.14882841
18.15532537,-92.16094385
18.19180242,-92.16056258
18.19554479,-92.16301376
18.19770462,-92.1644238
18.19777104,-92.16446883
18.19803158,-92.16415602
18.21030871,-92.14898074
18.21567411,-92.1519793
18.27213851,-92.18350588
18.27180672,-92.17069462
18.27805343,-92.17206113
18.27797602,-92.18084211
18.31733138,-92.17502087
18.4599553,-92.17708105
18.46014088,-92.22506352
18.46042797,-92.31060077
18.46743171,-92.32159282
18.47298293,-92.32258498
18.460334,-92.3316423
18.45980662,-92.33246607
18.45440966,-92.34076671
18.45413745,-92.34118748
18.45224937,-92.34243044
18.45222366,-92.34245364
18.44726467,-92.34572625
18.44337551,-92.34828877
18.44236182,-92.35466776
18.44728289,-92.36096304
18.45662809,-92.35975031
18.45882944,-92.36112276
18.46164636,-92.3629009
18.4634989,-92.36406756
18.47855881,-92.38633816
18.47997038,-92.4040015
18.48766157,-92.41450682
18.51484538,-92.42647078
18.52965341,-92.4245701
18.53470039,-92.42392155
18.54200471,-92.42296966
18.54582999,-92.42378554
18.55284698,-92.42529543
18.55875957,-92.42655478
18.56454707,-92.43026253
18.56788559,-92.43240636
18.56790515,-92.43242877
18.57755079,-92.43860857
18.5839822,-92.44274549
18.58921139,-92.44609413
18.60474345,-92.45255634
18.61769014,-92.46616046
18.6295448,-92.46699777
18.64152728,-92.46784535
18.65043254,-92.4684797
18.65166129,-92.4648632
18.65314093,-92.456021
18.65490876,-92.44758191
18.65937318,-92.42636455
18.65960718,-92.42519653
18.65971439,-92.4246013
18.65983124,-92.42401492
18.65993845,-92.42341969
18.66004566,-92.42282447
18.66035868,-92.42104652
18.66046633,-92.4204584
18.66057443,-92.41987738
18.66068223,-92.41929162
18.66078084,-92.41870413
18.66088894,-92.41812311
18.66098755,-92.41753561
18.66109533,-92.41694985
18.66118521,-92.41636773
18.66129299,-92.41578196
18.66149018,-92.41460697
18.66158923,-92.41402657
18.66168782,-92.41343907
18.66179544,-92.41285094
18.66189403,-92.41226343
18.66198449,-92.41169078
18.66207314,-92.4110897
18.66236887,-92.40932718
18.66246835,-92.40875388
18.66256692,-92.40816638
18.66265646,-92.4075795
18.66284456,-92.40640512
18.66293454,-92.40582535
18.66303265,-92.40523073
18.66312202,-92.40464148
18.66322058,-92.40405397
18.6633101,-92.40346709
18.66349817,-92.40229269
18.66359671,-92.40170517
18.663855,-92.39992621
18.66394405,-92.39933221
18.66403356,-92.39874533
18.66412245,-92.39814897
18.66420232,-92.39755324
18.66428278,-92.39696699
18.66437076,-92.39635641
18.66453062,-92.39516732
18.66460189,-92.39457933
18.66476113,-92.39338076
18.66483194,-92.39278566
18.66491239,-92.3921994
18.6649832,-92.3916043
18.66506258,-92.39100146
18.66533614,-92.38861222
18.66540738,-92.38802422
18.66569008,-92.3856367
18.6659637,-92.3832498
18.66610418,-92.38204301
18.66617601,-92.38146448
18.66659904,-92.37787012
18.66667883,-92.37727437
18.66682138,-92.37610073
18.66709622,-92.37373511
18.66717508,-92.37312514
18.6674589,-92.37075888
18.66753008,-92.37017086
18.66795497,-92.3666096
18.6680171,-92.36602222
18.66815039,-92.36484682
18.66843317,-92.36246631
18.66850386,-92.36187118
18.66863666,-92.36068866
18.66870734,-92.36009353
18.66884012,-92.35891101
18.66898147,-92.35772074
18.66904311,-92.35712625
18.66911378,-92.35653111
18.66923735,-92.35534686
18.66930847,-92.35475883
18.66936964,-92.35415722
18.66950238,-92.35297469
18.66957349,-92.35238666
18.66983801,-92.35000737
18.66989947,-92.3494105
18.66997011,-92.34881536
18.670395,-92.34469709
18.67044786,-92.34410796
18.67050991,-92.34352056
18.67056246,-92.34292669
18.6706245,-92.34233929
18.67073035,-92.34116339
18.67079193,-92.34056888
18.67104665,-92.33761673
18.67108999,-92.33702113
18.67119642,-92.33585469
18.6712393,-92.33525198
18.67129273,-92.33467232
18.67133607,-92.33407671
18.67138843,-92.33348047
18.67147615,-92.33230583
18.67152912,-92.33171906
18.67170301,-92.3293461
18.67178151,-92.32816973
18.67182436,-92.32756702
18.67186828,-92.32698088
18.67190301,-92.32639302
18.67194631,-92.32579741
18.67203398,-92.32462276
18.67206778,-92.32402068
18.67211153,-92.32343218
18.67214533,-92.3228301
18.67218969,-92.32225107
18.67222394,-92.32165609
18.67226723,-92.32106048
18.67230239,-92.32047972
18.67234567,-92.3198841
18.67238053,-92.3192986
18.67241477,-92.31870363
18.67244947,-92.31811576
18.67248309,-92.31751131
18.6725612,-92.31633019
18.67259543,-92.31573521
18.67269613,-92.31391948
18.67277207,-92.3127052
18.67280583,-92.31210311
18.67283101,-92.31150877
18.6728637,-92.31089011
18.67288933,-92.31030287
18.67291344,-92.30969195
18.67294719,-92.30908987
18.67299646,-92.30788461
18.67306935,-92.30606132
18.67308487,-92.30545814
18.67310987,-92.30486143
18.67312493,-92.30425115
18.67314916,-92.3036426
18.67316513,-92.30304653
18.6731892,-92.30243561
18.67325135,-92.30002527
18.67325735,-92.29941563
18.6732969,-92.29820153
18.67330336,-92.297599
18.67331838,-92.29698872
18.67332437,-92.29637908
18.67334031,-92.29578301
18.67337787,-92.29215122
18.6750614,-92.25942821
18.67521729,-92.2576346
18.67533013,-92.25643663
18.67538188,-92.2558356
18.67544296,-92.25523866
18.67549517,-92.25464473
18.6757208,-92.25224879
18.67577284,-92.25165249
18.67583452,-92.25106502
18.67588578,-92.25045688
18.67594746,-92.24986941
18.6760076,-92.24925826
18.67623314,-92.24686229
18.67629434,-92.24626771
18.6764071,-92.24506973
18.67665125,-92.24268193
18.67670279,-92.24207852
18.67730364,-92.2361049
18.67737383,-92.23550967
18.67761783,-92.23312184
18.67768755,-92.23251949
18.67780969,-92.23132794
18.6778794,-92.2307256
18.67800306,-92.22955774
18.67807322,-92.2289625
18.67819641,-92.22778752
18.67826657,-92.22719228
18.67833672,-92.22659704
18.67839831,-92.22600955
18.67867187,-92.22366002
18.67873298,-92.22306542
18.67887434,-92.22189151
18.67895396,-92.22130272
18.67923602,-92.21894541
18.67931579,-92.21835899
18.67938591,-92.21776374
18.67946599,-92.21718205
18.67952754,-92.21659456
18.6796073,-92.21600813
18.67967741,-92.21541288
18.67975717,-92.21482645
18.67982727,-92.2142312
18.68006575,-92.21246007
18.68013631,-92.21187192
18.68021652,-92.21129259
18.68029672,-92.21071327
18.68038503,-92.21011908
18.68053516,-92.20894213
18.68062392,-92.20835505
18.68070365,-92.20776861
18.68088055,-92.20658497
18.68096027,-92.20599853
18.68104902,-92.20541145
18.6811387,-92.20483858
18.68148402,-92.2024814
18.68219355,-92.19777992
18.68226514,-92.19720834
18.68253128,-92.19544704
18.68261081,-92.19485823
18.68278775,-92.19367692
18.68294694,-92.19250165
18.68303611,-92.19192165
18.68334542,-92.18957174
18.68341589,-92.18898356
18.68349508,-92.18839
18.68357411,-92.18779407
18.68364458,-92.18720589
18.6837841,-92.18600821
18.68386313,-92.18541227
18.68393327,-92.18481935
18.68399408,-92.18422234
18.68413312,-92.18301755
18.68419407,-92.18242291
18.68426498,-92.18184184
18.6845072,-92.17943958
18.68456767,-92.17883783
18.68462845,-92.17824081
18.68473163,-92.17704335
18.68479256,-92.1764487
18.684947,-92.17464776
18.6849897,-92.17405204
18.68504205,-92.17346515
18.68509238,-92.17284747
18.68513461,-92.17224464
18.68517591,-92.1716276
18.68522623,-92.17100991
18.68526784,-92.17039761
18.68535134,-92.16917775
18.68541023,-92.1685523
18.68545244,-92.16794947
18.68548453,-92.16733071
18.68556693,-92.16609426
18.68560913,-92.16549143
18.68567345,-92.16425628
18.68572375,-92.16363859
18.68582106,-92.16179888
18.6858441,-92.16118077
18.68587678,-92.16057149
18.68589935,-92.15994627
18.68593188,-92.15933461
18.68591162,-92.15874818
18.68592654,-92.15814494
18.68593197,-92.15753523
18.68596991,-92.15631387
18.68599401,-92.15571234
18.68600846,-92.15510199
18.68604051,-92.15448322
18.68606445,-92.15387932
18.6860971,-92.15327003
18.68612104,-92.15266613
18.68615322,-92.15204974
18.68619537,-92.1514469
18.68626098,-92.15023306
18.68637634,-92.1483944
18.68640944,-92.14779222
18.68645048,-92.1471728
18.68651574,-92.14595421
18.68654821,-92.14534255
18.68657227,-92.14474101
18.68677293,-92.14116105
18.68681565,-92.14056769
18.68684857,-92.13996313
18.68689175,-92.13937687
18.68692482,-92.13877468
18.68696785,-92.13818605
18.68700091,-92.13758386
18.68725589,-92.13400469
18.68730715,-92.13340356
18.68739176,-92.13220498
18.68744332,-92.13160859
18.68748601,-92.13101521
18.68753757,-92.13041882
18.6875801,-92.12982308
18.68763134,-92.12922195
18.68767433,-92.12863331
18.68787989,-92.12623825
18.68793206,-92.12565133
18.68824078,-92.12206583
18.68829278,-92.12147653
18.68835348,-92.12088185
18.68845621,-92.11968431
18.68851691,-92.11908962
18.68856795,-92.11848611
18.68862009,-92.11789918
18.68868078,-92.11730449
18.68873182,-92.11670098
18.68879251,-92.11610629
18.68884417,-92.11551225
18.68890423,-92.11490809
18.68901703,-92.11372646
18.6891894,-92.11193356
18.68935256,-92.11013894
18.68975894,-92.105975
18.68981087,-92.1053857
18.68986248,-92.10479165
18.68991394,-92.10419524
18.69003631,-92.10302242
18.69009679,-92.10242535
18.69014886,-92.10183841
18.69020949,-92.10124371
18.69027012,-92.100649
18.6903923,-92.09947381
18.69045292,-92.0988791
18.69057463,-92.0976968
18.69063508,-92.09709972
18.6907574,-92.09592689
18.69081785,-92.09532982
18.69087892,-92.09474221
18.69094871,-92.09414922
18.69100978,-92.09356161
18.69113144,-92.0923793
18.69125294,-92.09119462
18.69137458,-92.0900123
18.69156583,-92.08823461
18.69169648,-92.08705163
18.69227161,-92.08174221
18.69239271,-92.08055276
18.69251474,-92.07937753
18.69257528,-92.07878281
18.69263582,-92.07818809
18.69276686,-92.07701219
18.69282739,-92.07641747
18.69294892,-92.07523512
18.69307044,-92.07405278
18.69320051,-92.07286266
18.69332295,-92.07169453
18.69338299,-92.07109269
18.69350494,-92.06991744
18.69356482,-92.06931324
18.69361723,-92.06873337
18.6936782,-92.06814575
18.69373823,-92.06754391
18.69379017,-92.06695694
18.69385066,-92.06636221
18.6942552,-92.06218852
18.69460011,-92.05862377
18.6947215,-92.05744139
18.6948932,-92.05564835
18.69511723,-92.05327542
18.69528888,-92.05148237
18.69534994,-92.0508971
18.69552157,-92.04910403
18.69569364,-92.04731807
18.69580528,-92.04612686
18.69586569,-92.04553211
18.69597748,-92.04434326
18.69602917,-92.04375391
18.69620133,-92.0419703
18.69636366,-92.04017551
18.69647541,-92.03898665
18.6965266,-92.03839018
18.69663833,-92.03720132
18.69669871,-92.03660656
18.70025527,-92.00012944
18.70023928,-91.99648122
18.70016952,-91.99393438
18.70043893,-91.99239344
18.70054556,-91.99113344
18.70087707,-91.98889043
18.70084805,-91.98491461
18.70067563,-91.98219198
18.70042682,-91.97846083
18.70033471,-91.97395163
18.70003671,-91.96921475
18.69976788,-91.96613975
18.69967277,-91.9651231
18.69925894,-91.96150886
18.69879978,-91.95979768
18.69827474,-91.95737243
18.69775218,-91.95512079
18.6967244,-91.95264213
18.69592028,-91.95133729
18.69501412,-91.94986383
18.69455249,-91.94933841
18.69308425,-91.94773737
18.69058548,-91.94551719
18.68780551,-91.94357015
18.68541904,-91.94180841
18.68281297,-91.93974871
18.67906686,-91.93692579
18.67220725,-91.93246188
18.66778654,-91.92959394
18.66342495,-91.92706693
18.66024933,-91.92531168
18.65662553,-91.92336827
18.65362958,-91.92185694
18.65091256,-91.92098667
18.64904528,-91.92033924
18.6469402,-91.91952854
18.64557976,-91.91859146
18.64360316,-91.91712643
18.64211875,-91.91582972
18.6398503,-91.91353204
18.63735149,-91.9106423
18.63569717,-91.90857303
18.63473757,-91.90698545
18.63336329,-91.90503356
18.63160241,-91.90232508
18.62999972,-91.90008085
18.62851565,-91.89784693
18.62709534,-91.89548222
18.62583878,-91.89312448
18.6242468,-91.89023246
18.62247363,-91.88680669
18.61949802,-91.8814263
18.61836026,-91.87948826
18.61721077,-91.87629963
18.61675158,-91.87446836
18.61628097,-91.8723334
18.61587594,-91.86996042
18.61535452,-91.86801484
18.61506573,-91.86628992
18.61488343,-91.86493302
18.6146499,-91.86375837
18.61413,-91.86156765
18.61365586,-91.85992076
18.61303012,-91.85777599
18.61246073,-91.85660015
18.6113875,-91.85548793
18.61053394,-91.85507553
18.6098554,-91.85537338
18.60844991,-91.85632717
18.6078309,-91.85710355
18.6063674,-91.85800452
18.60400474,-91.85902698
18.60062895,-91.86076698
18.59696489,-91.862269
18.59278782,-91.86383281
18.59031684,-91.86486311
18.58721124,-91.86630442
18.5831005,-91.86804385
18.5799461,-91.86943393
18.57685486,-91.87135681
18.57460314,-91.87308177
18.57106366,-91.87535407
18.56662084,-91.87822358
18.56386888,-91.88060373
18.56123415,-91.88593604
18.56308489,-91.88660758
18.56600899,-91.8839532
18.56925002,-91.88236692
18.57175924,-91.88136518
18.57249943,-91.88077042
18.57680522,-91.87963547
18.58014574,-91.87939025
18.58338733,-91.88158096
18.58620518,-91.88515903
18.58664922,-91.887845
18.58578226,-91.89033072
18.58356237,-91.89185805
18.57984306,-91.89402436
18.57842606,-91.89602257
18.5749958,-91.8987096
18.57185428,-91.90191266
18.56751207,-91.90250728
18.56862348,-91.90756714
18.56919258,-91.91212011
18.57081827,-91.91714211
18.57082708,-91.92119186
18.56998783,-91.92396278
18.57100788,-91.92767153
18.57225441,-91.93083562
18.57536825,-91.93113402
18.57920572,-91.9268004
18.58558845,-91.9257848
18.58993134,-91.92519794
18.5944816,-91.92377981
18.60111755,-91.92275003
18.60859316,-91.92652569
18.61326056,-91.93077537
18.61642932,-91.93568065
18.61504751,-91.94200636
18.61140928,-91.94553136
18.60460068,-91.95171133
18.59988709,-91.95448944
18.59832441,-91.95812033
18.59802551,-91.96138465
18.59599453,-91.9618123
18.59064025,-91.96274353
18.58726332,-91.96624574
18.58470686,-91.9704867
18.5806884,-91.9721281
18.57568639,-91.97439342
18.57307635,-91.9778339
18.57028467,-91.98236019
18.56875753,-91.98653195
18.56762679,-91.99284115
18.56661319,-91.99696318
18.56466102,-92.00252371
18.56119301,-92.00466821
18.55749031,-92.00710325
18.55916861,-92.00914688
18.56624523,-92.01078617
18.5716242,-92.01418132
18.5761193,-92.01574578
18.57868797,-92.02340673
18.57994933,-92.02682513
18.57941421,-92.03037952
18.57422083,-92.03373634
18.57141263,-92.03421004
18.56844388,-92.0322649
18.56463824,-92.0255057
18.56008141,-92.02287306
18.55680565,-92.0201327
18.55270007,-92.016647
18.54858283,-92.01666975
18.54504373,-92.01774643
18.54611506,-92.02226213
18.54850442,-92.02722855
18.5460476,-92.02902963
18.54107161,-92.0318301
18.53509554,-92.03118204
18.53261485,-92.02866214
18.53160562,-92.02521461
18.53048107,-92.01989726
18.52281352,-92.00936906
18.51548982,-91.99611616
18.51547153,-91.99584173
18.51362307,-91.99138413
18.51426966,-91.97782636
18.51439708,-91.97212801
18.51330674,-91.96735116
18.51495121,-91.96101117
18.51813806,-91.95860873
18.52062102,-91.95707579
18.52140714,-91.95350406
18.52447683,-91.94921741
18.52949696,-91.94723358
18.53676368,-91.94777346
18.54130457,-91.95014761
18.54588108,-91.95305432
18.55108076,-91.95754671
18.55479991,-91.95916616
18.55975548,-91.95987434
18.56671513,-91.96368872
18.57102119,-91.96635229
18.57637488,-91.96541423
18.57875921,-91.96253706
18.57968037,-91.96084483
18.57918508,-91.95737296
18.57752424,-91.95560185
18.57560141,-91.95384768
18.57442774,-91.95176491
18.57030215,-91.95180212
18.56757594,-91.94956735
18.56638432,-91.94721731
18.56515684,-91.94433246
18.56609605,-91.93912144
18.56646648,-91.93693228
18.56672898,-91.93313381
18.56484162,-91.93191257
18.56273813,-91.93125668
18.56048108,-91.93223406
18.55800774,-91.93377433
18.55455885,-91.93240194
18.55261771,-91.93037862
18.55119177,-91.92832688
18.54967466,-91.92491692
18.54848252,-91.92256504
18.54773392,-91.91911749
18.54836492,-91.91311401
18.54962881,-91.90897086
18.54866212,-91.90606262
18.54626907,-91.90110305
18.54010089,-91.88993365
18.53720176,-91.88528081
18.53746231,-91.88147359
18.53728062,-91.87877867
18.53563746,-91.87728351
18.5337317,-91.87579597
18.53244895,-91.87211276
18.52708154,-91.86141406
18.52585296,-91.8585379
18.52056047,-91.85271821
18.51634324,-91.85139814
18.51095424,-91.85180091
18.50905673,-91.85084114
18.50792577,-91.85061849
18.50642126,-91.85117722
18.50562944,-91.85127409
18.50499134,-91.85055837
18.5042317,-91.8485822
18.50353637,-91.84621615
18.50314526,-91.84432436
18.50297849,-91.84212825
18.50327918,-91.84053924
18.50416883,-91.83934146
18.50491623,-91.83832067
18.50468497,-91.83745112
18.50339528,-91.83635841
18.50203476,-91.83502375
18.50104518,-91.83313851
18.50088921,-91.83297895
18.49989667,-91.83078254
18.49921009,-91.82841598
18.49957491,-91.82603532
18.49857619,-91.82415085
18.49743173,-91.82132161
18.49771543,-91.81761337
18.49859111,-91.81380629
18.49917344,-91.81089112
18.49999272,-91.8090613
18.49982429,-91.80764987
18.49883951,-91.80584055
18.49830773,-91.80442297
18.49694313,-91.80356678
18.49535752,-91.80199493
18.49428336,-91.80033976
18.49296421,-91.80028612
18.48796482,-91.80054528
18.47864817,-91.80322319
18.47722185,-91.80559721
18.47558725,-91.80797721
18.47393732,-91.80892981
18.47062683,-91.81014409
18.46904572,-91.80983895
18.46761545,-91.80961764
18.4663368,-91.80962506
18.46538762,-91.81087707
18.46348073,-91.81325571
18.45871022,-91.81755172
18.45651445,-91.81928386
18.45487918,-91.81965048
18.45351997,-91.81913862
18.45154212,-91.81819995
18.44944597,-91.81672118
18.44722909,-91.81520154
18.4456443,-91.8167122
18.44436079,-91.82065748
18.44301789,-91.82359481
18.44052388,-91.826815
18.43829124,-91.83001086
18.43709186,-91.83065139
18.43648985,-91.83073659
18.43513654,-91.83097986
18.43476563,-91.83153021
18.43355273,-91.83130206
18.43189922,-91.83139897
18.43062122,-91.83195026
18.42957967,-91.83291165
18.42906193,-91.8346419
18.42899575,-91.83567327
18.42892379,-91.83661953
18.42832486,-91.83741964
18.4267474,-91.83796938
18.42455929,-91.83807506
18.42358017,-91.83808371
18.42084038,-91.83821378
18.41772036,-91.83915851
18.41533892,-91.83989149
18.41383743,-91.8403571
18.41096985,-91.84087672
18.40787704,-91.8408833
18.40641068,-91.84066208
18.40346727,-91.83925833
18.40368805,-91.83783082
18.40389645,-91.83511666
18.40274641,-91.83263656
18.4012716,-91.8313542
18.40013694,-91.83147662
18.39900901,-91.83089539
18.39821534,-91.83029404
18.39674198,-91.82983593
18.39549491,-91.82937048
18.39368734,-91.82879948
18.39278015,-91.8287981
18.39188108,-91.82905028
18.39108705,-91.82857728
18.389842,-91.82787418
18.38882113,-91.82847034
18.38769747,-91.82942333
18.38647384,-91.83050724
18.38579936,-91.83179732
18.38312424,-91.83461857
18.37785393,-91.8362218
18.37604985,-91.8436
18.37459744,-91.85055049
18.36847472,-91.85296201
18.36629922,-91.85392146
18.36285299,-91.85607473
18.36006258,-91.85719607
18.35743363,-91.85721774
18.35509277,-91.85707319
18.35501939,-91.85746334
18.35510055,-91.85785865
18.35464435,-91.85808722
18.35344825,-91.8581047
18.35201486,-91.85796644
18.3511057,-91.85726449
18.35004463,-91.85646221
18.3486147,-91.85530263
18.3476252,-91.85475391
18.34626219,-91.85351103
18.34497791,-91.85209138
18.34397801,-91.85045117
18.343066,-91.84863588
18.34224299,-91.84800125
18.34139912,-91.84652285
18.34071113,-91.84493555
18.34025472,-91.84328594
18.33933853,-91.84234722
18.33859003,-91.8418757
18.33760145,-91.84134129
18.33624696,-91.84102877
18.33533911,-91.84088252
18.33458875,-91.8402497
18.33338384,-91.8398691
18.33255283,-91.83978602
18.3318072,-91.84082914
18.33067934,-91.84185317
18.32933134,-91.84217174
18.32781986,-91.84195163
18.32646383,-91.84188379
18.32563158,-91.84205008
18.32469935,-91.84167773
18.32335934,-91.83930336
18.32266575,-91.83709943
18.32190718,-91.83607793
18.3210677,-91.83466597
18.32609251,-91.8295843
18.32735953,-91.82940933
18.32917294,-91.82940029
18.33044932,-91.82963064
18.33225743,-91.82914237
18.33353724,-91.82795259
18.33488615,-91.82684549
18.33607974,-91.82652399
18.33675543,-91.82565454
18.33816789,-91.82481573
18.34009512,-91.82474591
18.34133007,-91.82463264
18.34245866,-91.8240215
18.34425293,-91.82306161
18.34583547,-91.82299131
18.34872433,-91.82292351
18.35098678,-91.82338202
18.35279606,-91.82384578
18.35442645,-91.82341096
18.35594854,-91.82298419
18.35718742,-91.82226027
18.35869161,-91.81983284
18.35969735,-91.81727861
18.36205366,-91.81431023
18.36547852,-91.81144974
18.36778475,-91.81054873
18.37055071,-91.8105397
18.3740453,-91.81177554
18.37684338,-91.81290658
18.37826229,-91.81389818
18.3808611,-91.81530067
18.38483485,-91.81811622
18.38608431,-91.81928444
18.38743999,-91.81987944
18.38886437,-91.82081851
18.39147121,-91.82274086
18.39260734,-91.82344253
18.39453188,-91.8231971
18.39757925,-91.82345719
18.40046594,-91.82375538
18.40358213,-91.8250295
18.40635335,-91.82696841
18.40880748,-91.82864591
18.41038851,-91.83042406
18.41284816,-91.83151445
18.41688102,-91.83252823
18.41944252,-91.83324762
18.42233078,-91.83303276
18.42544009,-91.83179641
18.42750078,-91.82940963
18.42825509,-91.82621952
18.42756853,-91.82331961
18.42838448,-91.82103964
18.42895979,-91.81815503
18.42657049,-91.81569805
18.42439484,-91.81211327
18.4231691,-91.80835797
18.42447587,-91.80622905
18.42538118,-91.80393283
18.42340049,-91.80175216
18.42165151,-91.79884384
18.41966353,-91.79655692
18.41830277,-91.79655635
18.41765201,-91.79832507
18.41657323,-91.79966955
18.41714333,-91.800316
18.41709185,-91.80156004
18.41642943,-91.80329158
18.41592774,-91.80471887
18.41486021,-91.80596266
18.4131199,-91.80745141
18.41086991,-91.80918245
18.40878796,-91.81044952
18.40726553,-91.81127335
18.40535715,-91.81189074
18.40456794,-91.81242469
18.40378089,-91.81272329
18.40135082,-91.81273812
18.39852967,-91.81193641
18.39682414,-91.81099931
18.39602718,-91.81035083
18.39596128,-91.80964784
18.39488806,-91.80840472
18.39323107,-91.80658041
18.39204451,-91.80540517
18.3920414,-91.80562631
18.39078956,-91.80375759
18.39083572,-91.80256882
18.39134149,-91.80066877
18.39133776,-91.79901338
18.39108038,-91.79709662
18.3905578,-91.79554886
18.38949345,-91.79350471
18.38880878,-91.79264131
18.38798591,-91.79241297
18.38677112,-91.79202386
18.38556429,-91.79108547
18.3845023,-91.79054245
18.38285057,-91.79039741
18.37757808,-91.78996463
18.37597591,-91.78921498
18.37508223,-91.78807991
18.37415139,-91.78413546
18.3734984,-91.77721563
18.37355502,-91.77405484
18.37426285,-91.76647977
18.37453775,-91.76293206
18.37579718,-91.75865978
18.37742758,-91.75517193
18.37914848,-91.75287672
18.37995299,-91.75164065
18.37975747,-91.75037266
18.37909518,-91.74984038
18.37784177,-91.74941894
18.37663241,-91.74831489
18.37572264,-91.74721451
18.37494952,-91.7461229
18.37420117,-91.74565887
18.37261227,-91.74550492
18.37188994,-91.74542134
18.37080507,-91.74481156
18.37027116,-91.74403457
18.36980929,-91.74245415
18.36957612,-91.7410347
18.36896566,-91.74033236
18.36798822,-91.74026559
18.36633977,-91.74040118
18.36505061,-91.7401203
18.36421661,-91.73933263
18.36383949,-91.73859381
18.36328567,-91.73752625
18.36260853,-91.73571746
18.36140139,-91.73477973
18.35981227,-91.73369495
18.35830371,-91.73378686
18.35732283,-91.73284168
18.35641671,-91.7324585
18.35506196,-91.73214702
18.35444944,-91.73168005
18.35802963,-91.72660668
18.35924017,-91.72746094
18.36079664,-91.72753873
18.36392011,-91.72837754
18.36595755,-91.72978249
18.36784824,-91.7314289
18.36997442,-91.73267289
18.37207913,-91.73320598
18.37370978,-91.73396945
18.37575278,-91.73449534
18.37826051,-91.73419063
18.380522,-91.73449585
18.38294368,-91.73541852
18.38611644,-91.73657938
18.38664334,-91.73751848
18.38891716,-91.74025769
18.38908585,-91.74153015
18.39084055,-91.74450558
18.39189474,-91.74639101
18.39205724,-91.7475737
18.39281518,-91.74844329
18.39305297,-91.74993153
18.3941924,-91.75213609
18.39496517,-91.75441805
18.39559351,-91.75843788
18.39596131,-91.75864313
18.39703504,-91.75922308
18.3973331,-91.76000132
18.39794866,-91.76077953
18.39944865,-91.76109239
18.40079674,-91.76037611
18.40230049,-91.75941535
18.40335612,-91.7593315
18.40516672,-91.75994181
18.40667023,-91.75977452
18.40855604,-91.75975914
18.40998723,-91.75999402
18.41141242,-91.75974232
18.41337093,-91.75972862
18.41601596,-91.76073501
18.4180626,-91.76214503
18.42025169,-91.76338286
18.42214408,-91.76479263
18.42342188,-91.76557131
18.42554829,-91.76722023
18.42668911,-91.7687838
18.42790002,-91.76964596
18.42948904,-91.77153006
18.42972388,-91.77271243
18.43018564,-91.77389682
18.43041981,-91.77506974
18.43075032,-91.77765637
18.43165995,-91.7783582
18.43597058,-91.78104405
18.43978666,-91.77806872
18.43763374,-91.77642857
18.43524421,-91.77371312
18.43410471,-91.77230139
18.43267653,-91.77024834
18.43202767,-91.7659224
18.4318732,-91.75847519
18.43255107,-91.7552498
18.4332722,-91.75186193
18.43453403,-91.74868771
18.43603346,-91.74607065
18.43887297,-91.7440801
18.44128314,-91.74390396
18.44619202,-91.74537724
18.44718689,-91.74586342
18.44950594,-91.74700834
18.45231837,-91.74926653
18.45390422,-91.75043565
18.45641262,-91.75382189
18.45773927,-91.7563771
18.45861284,-91.75774471
18.45946364,-91.76050677
18.4591913,-91.76342906
18.45874571,-91.76461035
18.45912037,-91.76611284
18.45973388,-91.76752615
18.46013851,-91.77013392
18.46074377,-91.77249141
18.46189651,-91.77516206
18.46302925,-91.77674097
18.4638101,-91.77901409
18.46524197,-91.78019041
18.46577043,-91.78128933
18.46706785,-91.7826231
18.46865233,-91.78404238
18.46957603,-91.78441777
18.47038892,-91.78369862
18.47061678,-91.78198216
18.47159788,-91.78213458
18.47331835,-91.78195362
18.47489475,-91.78138886
18.47751355,-91.78014475
18.48044992,-91.77770261
18.48219367,-91.77493363
18.48356326,-91.7723994
18.48458111,-91.77029556
18.48582219,-91.76853866
18.48502903,-91.76528916
18.48422105,-91.76315328
18.48392916,-91.76126874
18.48427369,-91.76020176
18.48380775,-91.75895782
18.48271859,-91.75695717
18.48175694,-91.75536297
18.48003886,-91.75265603
18.47860024,-91.74899403
18.47796482,-91.74686439
18.47607591,-91.74338605
18.47469971,-91.74090565
18.47327543,-91.73772295
18.47218171,-91.73406862
18.47222095,-91.73252069
18.47175186,-91.73004119
18.47140335,-91.72826333
18.47162811,-91.72743828
18.47116491,-91.72597329
18.47007637,-91.72372344
18.46837642,-91.72049519
18.46686426,-91.71616906
18.46496017,-91.70996633
18.46350674,-91.7046496
18.46245866,-91.69968983
18.46175434,-91.69590684
18.46136958,-91.69070223
18.46157514,-91.68762069
18.46172664,-91.68454559
18.46171634,-91.68241678
18.46205111,-91.68187573
18.4625054,-91.68122584
18.46237651,-91.6797477
18.46150609,-91.67685436
18.4604725,-91.67396387
18.45886131,-91.67006419
18.45788256,-91.66718154
18.45695472,-91.66345847
18.45612783,-91.65949013
18.45564913,-91.65531009
18.45558155,-91.65340909
18.45500161,-91.65157779
18.45351273,-91.64814456
18.45217961,-91.64355166
18.4507867,-91.63822662
18.4487356,-91.62889473
18.44721109,-91.62062582
18.44605182,-91.61554243
18.44544992,-91.61182843
18.44504346,-91.60887436
18.44459868,-91.60543363
18.4438415,-91.59935257
18.44363435,-91.59793527
18.44306402,-91.59402885
18.44280487,-91.58977078
18.44237659,-91.58516912
18.44194818,-91.58095962
18.44184575,-91.57752618
18.44165171,-91.57107911
18.44143984,-91.56581456
18.44159206,-91.56135162
18.44162388,-91.56037479
18.4420896,-91.55504179
18.44258247,-91.55172916
18.4430415,-91.54568597
18.44401515,-91.54052072
18.44478296,-91.53708946
18.4456054,-91.53431232
18.44671393,-91.53056492
18.44696068,-91.52630121
18.4471627,-91.52399695
18.44702875,-91.52272854
18.44811989,-91.52107385
18.44828337,-91.5189983
18.44801994,-91.5174356
18.44875769,-91.51500937
18.44979255,-91.51255081
18.45038722,-91.51028524
18.451333,-91.50862967
18.45244098,-91.50501262
18.45268064,-91.50312127
18.45303014,-91.50163266
18.45352006,-91.49955804
18.45378732,-91.49754332
18.45399858,-91.49576582
18.45410839,-91.49422429
18.45437359,-91.49321749
18.45460771,-91.49008339
18.45577696,-91.48527528
18.45554145,-91.48450427
18.45521056,-91.483926
18.45452683,-91.48375045
18.45390131,-91.48375819
18.45019856,-91.47934659
18.44991295,-91.47876725
18.44912082,-91.47846935
18.44810145,-91.47842426
18.44726158,-91.47925664
18.44323747,-91.47466335
18.44112234,-91.4703819
18.43946093,-91.46829965
18.43516745,-91.46736862
18.4267478,-91.4680176
18.42395191,-91.46696411
18.4222771,-91.46456238
18.42153949,-91.4627158
18.4253581,-91.46114995
18.43001352,-91.45858075
18.43681495,-91.45646606
18.44234037,-91.45762495
18.44759302,-91.46355382
18.45041571,-91.46472897
18.45183759,-91.46494971
18.45342285,-91.46530047
18.45533948,-91.46533095
18.45618291,-91.46532534
18.45646687,-91.46562196
18.45636078,-91.46592012
18.45630644,-91.46669682
18.45580111,-91.46699487
18.45495102,-91.46729335
18.45490737,-91.46770554
18.45541389,-91.46807057
18.45603746,-91.46829347
18.45672285,-91.46888004
18.45739911,-91.46933658
18.45790876,-91.4691
18.45852507,-91.46844399
18.45786632,-91.46771988
18.4579499,-91.46697182
18.45845039,-91.46595867
18.46002286,-91.46470597
18.4603092,-91.46529478
18.46133305,-91.46617853
18.46202302,-91.46734713
18.46283796,-91.46719397
18.46475993,-91.46730014
18.46701609,-91.46751366
18.46961663,-91.46785041
18.47199876,-91.46817785
18.4740277,-91.46864427
18.47639237,-91.46743022
18.47886995,-91.467049
18.4812456,-91.46702511
18.47666596,-91.47663064
18.4762788,-91.47835547
18.47628543,-91.47935579
18.47691218,-91.47988283
18.47748978,-91.48100322
18.47777976,-91.48242153
18.47796779,-91.48355054
18.47875525,-91.48442896
18.47904782,-91.48536687
18.47865771,-91.486015
18.47793152,-91.48691721
18.47715442,-91.48799925
18.47625045,-91.48882478
18.4749065,-91.4898458
18.47395865,-91.49056295
18.47355999,-91.49121883
18.47379215,-91.49168355
18.47441786,-91.4916782
18.47509671,-91.49191363
18.47565767,-91.49279761
18.47629024,-91.49379733
18.47720631,-91.49444005
18.4772683,-91.49597338
18.47773152,-91.49727617
18.47927051,-91.49904068
18.48044626,-91.50041235
18.48059315,-91.50186311
18.48008659,-91.50305266
18.47858205,-91.50437356
18.47768204,-91.50538648
18.47566513,-91.50664684
18.47318538,-91.50803542
18.47177358,-91.50821754
18.46957619,-91.5085836
18.46787679,-91.50854534
18.46709226,-91.50796615
18.46720123,-91.50705924
18.466177,-91.50655553
18.46487418,-91.50673879
18.46374366,-91.50692071
18.46295597,-91.50746374
18.46256735,-91.50800464
18.46121485,-91.50825588
18.45991633,-91.5085006
18.45874364,-91.5089876
18.45825163,-91.50856901
18.45755357,-91.50893399
18.45636275,-91.50919419
18.45661725,-91.51075766
18.45580287,-91.51208707
18.4553064,-91.5135513
18.4539645,-91.51603114
18.45292941,-91.51848739
18.45202728,-91.52076941
18.45212152,-91.52198861
18.45302725,-91.52222576
18.45392604,-91.52197382
18.45477151,-91.52173784
18.45594946,-91.52119589
18.45815537,-91.52082229
18.46080163,-91.52025801
18.46350766,-91.51976995
18.46502393,-91.51874561
18.46665451,-91.51831862
18.46857599,-91.51776947
18.46980843,-91.517228
18.47127407,-91.51638813
18.47228132,-91.51574032
18.47347161,-91.51524485
18.4750398,-91.51405474
18.47559602,-91.51357464
18.47627284,-91.51274295
18.47734025,-91.51230679
18.47824021,-91.5114223
18.4797539,-91.51023153
18.48076589,-91.50926233
18.48188681,-91.50855338
18.48339999,-91.50735546
18.48609059,-91.50495919
18.48967426,-91.50067304
18.4926903,-91.49709363
18.49549926,-91.49392705
18.49705657,-91.49154615
18.4981149,-91.48981464
18.49844897,-91.48875466
18.49955794,-91.48696928
18.50043773,-91.48411492
18.50254974,-91.47877599
18.50453927,-91.47402174
18.50698929,-91.46884901
18.50848163,-91.46593522
18.50986834,-91.46177635
18.51129607,-91.45755716
18.51336395,-91.45069885
18.51445458,-91.44659345
18.51584679,-91.44239094
18.51686531,-91.43894016
18.51819741,-91.43440207
18.51847712,-91.43334835
18.51907614,-91.43115935
18.52076647,-91.42758741
18.52292809,-91.42362216
18.52365767,-91.42148476
18.52801346,-91.41479265
18.52878988,-91.41409272
18.53004637,-91.41132211
18.53100266,-91.40815616
18.53314117,-91.40245585
18.53504447,-91.39651199
18.53738186,-91.38875277
18.53835868,-91.38716653
18.53900023,-91.38353468
18.53980206,-91.38075847
18.54047148,-91.37957424
18.54216107,-91.37434084
18.54428243,-91.3667498
18.54513408,-91.36160751
18.54603798,-91.35259816
18.54600085,-91.34913299
18.54602927,-91.3486384
18.54620227,-91.34557784
18.54608139,-91.34068011
18.54605837,-91.3376729
18.54700478,-91.33451622
18.54840032,-91.33078444
18.54914469,-91.32912777
18.54982202,-91.32857054
18.55077967,-91.32697805
18.55134323,-91.32600152
18.55248561,-91.3240401
18.55344961,-91.32253744
18.55350725,-91.3207964
18.55423901,-91.31756105
18.55503655,-91.31525064
18.55585191,-91.31319097
18.55740746,-91.31018361
18.55867573,-91.30874974
18.56032776,-91.30849905
18.5640135,-91.30813191
18.56635624,-91.30827674
18.56793332,-91.30786537
18.56941907,-91.30706382
18.57288354,-91.30639277
18.57483269,-91.30598076
18.5758121,-91.30533302
18.57744957,-91.30334893
18.57864954,-91.30286708
18.58120399,-91.3022886
18.58443719,-91.30193767
18.58675734,-91.30112768
18.58810654,-91.30032
18.5894468,-91.29887769
18.59132833,-91.29777125
18.59342967,-91.29694736
18.59470353,-91.29622879
18.59560752,-91.29630544
18.59717897,-91.29517802
18.59875675,-91.29452125
18.59994998,-91.29419921
18.60153789,-91.29419365
18.60289428,-91.29488685
18.60357728,-91.29542821
18.60374338,-91.29661218
18.60427311,-91.29716795
18.60479533,-91.29723647
18.60562459,-91.2965194
18.60712606,-91.29619223
18.60719656,-91.28789078
18.60693555,-91.28410599
18.60721522,-91.28103075
18.60779546,-91.27936929
18.60787015,-91.27825443
18.6074016,-91.27652305
18.60759756,-91.27367567
18.60847512,-91.27074615
18.60905155,-91.26836621
18.60926302,-91.26662658
18.60924567,-91.26473358
18.60998492,-91.26314042
18.61070504,-91.2616606
18.61183148,-91.26129353
18.61273709,-91.2616459
18.61330362,-91.26246048
18.61455887,-91.26351362
18.61557572,-91.26339079
18.615796,-91.26279037
18.61487017,-91.26114012
18.61396143,-91.25972892
18.61338737,-91.25855556
18.61314971,-91.25713679
18.61357291,-91.25404526
18.61422907,-91.25167314
18.61522348,-91.25047624
18.6161252,-91.24988638
18.61702479,-91.2495204
18.61554628,-91.24775906
18.61141113,-91.24033581
18.61241195,-91.23960957
18.61421109,-91.23887749
18.616023,-91.23933677
18.61795364,-91.2396796
18.61918147,-91.23895446
18.62120063,-91.23761948
18.6216084,-91.23533099
18.62627349,-91.22570883
18.62831492,-91.22670921
18.6332089,-91.22698459
18.63473896,-91.22870142
18.63346632,-91.23044667
18.63259134,-91.23267465
18.63170504,-91.23512487
18.63128748,-91.23892339
18.63250576,-91.24009126
18.63334934,-91.24198374
18.63502862,-91.24464586
18.63588604,-91.2472395
18.63568677,-91.24978074
18.6351838,-91.25239111
18.63422315,-91.25469472
18.63415595,-91.25540458
18.63521741,-91.25577803
18.6362805,-91.25718918
18.63727515,-91.25853195
18.63864669,-91.26057585
18.63964809,-91.26277507
18.6400476,-91.26506213
18.6399779,-91.26662677
18.64105819,-91.26891506
18.64084487,-91.27088376
18.63973819,-91.2727989
18.63905679,-91.2805434
18.64017833,-91.27997922
18.64236229,-91.2798029
18.64597453,-91.27992618
18.64816615,-91.28100139
18.64921974,-91.28075675
18.65056831,-91.27955814
18.65205622,-91.27827714
18.65369908,-91.27636974
18.65653666,-91.27428743
18.65826416,-91.27331126
18.65961961,-91.27322613
18.66045294,-91.27345582
18.66211207,-91.27431817
18.66566888,-91.27607894
18.66770356,-91.27622615
18.66851687,-91.275667
18.6705444,-91.27418861
18.67419073,-91.26944953
18.67544581,-91.26706982
18.67713022,-91.26231572
18.67756102,-91.26008887
18.67837334,-91.25812008
18.67887259,-91.25532825
18.67976535,-91.25258159
18.68146509,-91.24994988
18.68310334,-91.24874213
18.68490269,-91.24800979
18.6879343,-91.2474994
18.68949697,-91.24764532
18.69018938,-91.24730023
18.69173748,-91.24572084
18.69330567,-91.24467564
18.6975107,-91.24369159
18.70059319,-91.24287698
18.70554335,-91.24076236
18.7066751,-91.2405945
18.70726473,-91.23995498
18.70880542,-91.23915945
18.70960139,-91.23937293
18.70997835,-91.2403268
18.7110448,-91.24102148
18.71201918,-91.24093748
18.71510103,-91.24011325
18.72230652,-91.23805378
18.72769789,-91.23715436
18.73058317,-91.23726016
18.73262349,-91.23748265
18.73405419,-91.23793907
18.7375211,-91.23932106
18.73914893,-91.24012166
18.74167725,-91.2396792
18.74415045,-91.23846685
18.74561586,-91.23788667
18.74638574,-91.23583433
18.7480531,-91.23794685
18.74975431,-91.24243432
18.75158718,-91.24495798
18.75248872,-91.24537765
18.75369298,-91.24508017
18.75490221,-91.24523257
18.75597218,-91.24572236
18.75771182,-91.24630943
18.75944031,-91.24762882
18.7616391,-91.24879681
18.76415004,-91.25153655
18.76498804,-91.25335273
18.76637221,-91.25696765
18.76684039,-91.2583103
18.77062834,-91.26088301
18.77192086,-91.26182007
18.77365246,-91.26242234
18.77502251,-91.26368215
18.7760209,-91.26533104
18.77662472,-91.26603169
18.78025101,-91.26774064
18.78170109,-91.26897758
18.78344695,-91.27105148
18.78474367,-91.27306546
18.78537325,-91.27527255
18.78591776,-91.27756021
18.78691469,-91.27944534
18.79117768,-91.28422883
18.79361172,-91.28704491
18.79543167,-91.2887607
18.79643777,-91.29128637
18.79668304,-91.29396475
18.79588135,-91.29698509
18.7940343,-91.30024233
18.79292067,-91.30270797
18.79031791,-91.3064461
18.78548192,-91.31171742
18.78210162,-91.31499187
18.78077092,-91.31555603
18.7798358,-91.31644898
18.778579,-91.31766972
18.77691454,-91.31877464
18.7754629,-91.31955312
18.77486124,-91.32066769
18.77352814,-91.32247568
18.77232392,-91.32290355
18.77127145,-91.32355063
18.76970758,-91.32530514
18.76836207,-91.32642782
18.76701919,-91.32707615
18.7671023,-91.32786302
18.76815508,-91.32824284
18.76938551,-91.3288232
18.77102077,-91.32845697
18.77230149,-91.328595
18.77358042,-91.32921923
18.77532336,-91.32960225
18.77645101,-91.32950209
18.77754052,-91.33014356
18.77894824,-91.33146304
18.77948751,-91.33225004
18.77904254,-91.3332713
18.77838222,-91.33509569
18.77698879,-91.33874297
18.77639467,-91.34073368
18.77596194,-91.34295241
18.7752294,-91.3441438
18.77485297,-91.34485227
18.77546486,-91.3458004
18.77630341,-91.34610419
18.77792736,-91.34673024
18.77887252,-91.34789778
18.7796395,-91.34924129
18.78063096,-91.35042193
18.78123656,-91.35166607
18.78177619,-91.35261992
18.78194121,-91.35443699
18.78221966,-91.36067712
18.78217454,-91.36375915
18.783671,-91.36271313
18.78472268,-91.36295038
18.78623169,-91.36426234
18.78870468,-91.36624022
18.79012137,-91.3684292
18.79118182,-91.36904709
18.79224056,-91.3695126
18.79239991,-91.37061062
18.79179934,-91.37148907
18.79183282,-91.37286139
18.79220371,-91.37322805
18.79400538,-91.37328779
18.79716468,-91.37341806
18.79972706,-91.37435028
18.80178122,-91.37567007
18.80403057,-91.37756809
18.80829921,-91.3804218
18.80667457,-91.38415405
18.80556772,-91.38622062
18.80424406,-91.39010326
18.80447952,-91.3917674
18.80544357,-91.39192117
18.80663734,-91.3915995
18.80815862,-91.39038725
18.81063525,-91.38933418
18.81288854,-91.38884659
18.81423911,-91.38804555
18.81610495,-91.38644173
18.81850448,-91.385068
18.82007369,-91.38363495
18.8341729,-91.37772906
18.83528555,-91.37574496
18.83639068,-91.37288423
18.83706623,-91.37216651
18.84006298,-91.37102226
18.84156198,-91.37013779
18.84304012,-91.36767447
18.84517874,-91.36235616
18.84591534,-91.3604488
18.84667021,-91.36021109
18.84803091,-91.36019545
18.84983213,-91.35986174
18.85193647,-91.35944953
18.85431689,-91.35908966
18.85491203,-91.35928874
18.85532458,-91.35989069
18.85601127,-91.36083837
18.85662492,-91.36232579
18.85784202,-91.36310336
18.85920221,-91.36372197
18.86016077,-91.36430994
18.86087667,-91.36557487
18.86065215,-91.36663663
18.86087929,-91.36702421
18.86260899,-91.36670568
18.86335711,-91.3659869
18.86432645,-91.36454513
18.86552023,-91.36178405
18.86624519,-91.36009666
18.87143833,-91.35996778
18.87250018,-91.36098882
18.87340713,-91.36097524
18.87453466,-91.36112803
18.87574081,-91.36213545
18.87665659,-91.36276021
18.8775568,-91.36252303
18.87888762,-91.36028746
18.8806057,-91.35813606
18.88268129,-91.35487888
18.88656837,-91.35040697
18.88931512,-91.34650089
18.89258432,-91.34164044
18.89377073,-91.33942047
18.89514699,-91.33744553
18.89591587,-91.33497199
18.89725959,-91.33369111
18.89911624,-91.33106555
18.90406137,-91.32104087
18.90665459,-91.31587688
18.90783633,-91.31372357
18.90977097,-91.31117725
18.91088371,-91.30894817
18.91237018,-91.3064846
18.91451924,-91.30337983
18.91628843,-91.2994032
18.9178529,-91.29701677
18.91927296,-91.29604653
18.92031234,-91.29470307
18.92111589,-91.29208771
18.9225925,-91.28834124
18.92399347,-91.28531862
18.92672723,-91.28023029
18.92843149,-91.27713352
18.92917595,-91.27585835
18.92968939,-91.27427218
18.930797,-91.27172318
18.93189866,-91.26870945
18.93359429,-91.26536736
18.93529244,-91.26155265
18.94037263,-91.24978936
18.94224806,-91.24553797
18.94317874,-91.24344142
18.94678598,-91.23509503
18.94944266,-91.22920441
18.95276459,-91.22220872
18.95504589,-91.21704159
18.95615388,-91.21489001
18.95629691,-91.21409847
18.95568905,-91.21410604
18.95472148,-91.2146694
18.95411606,-91.21420436
18.95470093,-91.21260957
18.95642516,-91.21132774
18.95806113,-91.20995504
18.96023259,-91.20819868
18.96245509,-91.2046224
18.96525475,-91.19896724
18.97029222,-91.18957637
18.97169503,-91.1864774
18.97227556,-91.18520475
18.97418509,-91.18170272
18.9744992,-91.18114562
18.97480238,-91.18043665
18.97699357,-91.17542299
18.97951153,-91.17040942
18.98490452,-91.16005017
18.98696639,-91.15599114
18.9892721,-91.15273356
18.98993553,-91.15097665
18.9914209,-91.1495361
18.99260865,-91.14762041
18.99423873,-91.14491284
18.99497311,-91.14363706
18.99657262,-91.1413877
18.99773385,-91.14036424
18.99854956,-91.13933492
18.99914598,-91.13916801
19.00066277,-91.13904463
19.00173602,-91.13831219
19.00262302,-91.13663506
19.00418799,-91.1355435
19.00519326,-91.13399533
19.00608757,-91.13279732
19.00663093,-91.13088974
19.00786149,-91.12956937
19.00897557,-91.12801958
19.0094092,-91.12622812
19.00961566,-91.12468633
19.01061166,-91.12288572
19.01059273,-91.12111605
19.01023711,-91.11933748
19.00942713,-91.11768117
19.00976077,-91.11614113
19.01176252,-91.11267741
19.01308746,-91.11040398
19.01408852,-91.10967939
19.01533956,-91.1098992
19.01669272,-91.10964773
19.01838685,-91.11034296
19.01952088,-91.11032626
19.01985182,-91.1092518
19.01994869,-91.10795495
19.02050536,-91.10686242
19.02037395,-91.10592521
19.01969461,-91.10557374
19.01891252,-91.10606125
19.01812351,-91.10607664
19.01732654,-91.10560568
19.01719548,-91.10442258
19.01740866,-91.10310212
19.01830353,-91.10178916
19.01919542,-91.1011878
19.0199794,-91.10022506
19.0207691,-91.10021912
19.02451178,-91.10148555
19.02653745,-91.10098915
19.02754725,-91.10038548
19.02866662,-91.09953906
19.03046535,-91.09904408
19.03182574,-91.09914285
19.03239554,-91.09973706
19.03229308,-91.10045434
19.0318515,-91.10188157
19.03164459,-91.10341415
19.03154186,-91.10425319
19.03132157,-91.10484858
19.03088074,-91.10616113
19.03044777,-91.10783353
19.0301226,-91.10974082
19.02947656,-91.11223479
19.02869871,-91.11366018
19.02623276,-91.11547836
19.0239944,-91.11692735
19.02163107,-91.11790406
19.01949337,-91.11898683
19.01713056,-91.11997059
19.01568904,-91.12176394
19.01480139,-91.12355597
19.01402981,-91.12582328
19.01404257,-91.1272569
19.01350011,-91.12879931
19.01307277,-91.13105579
19.01263735,-91.13320071
19.01220409,-91.13487281
19.01177557,-91.13736565
19.01089474,-91.13963199
19.00736334,-91.14053189
19.00275678,-91.15372392
18.99629023,-91.1610269
18.9928947,-91.161796
18.99605941,-91.16942507
18.99686784,-91.17472853
18.99636898,-91.17726231
18.99533165,-91.17925412
18.99339697,-91.18164893
18.99196682,-91.18297735
18.98905991,-91.18485978
18.98522611,-91.18597567
18.98275765,-91.1866299
18.98260602,-91.18666819
18.98073474,-91.1877976
18.97986445,-91.19059914
18.97667473,-91.19613093
18.97248118,-91.20514009
18.97019462,-91.20833035
18.96639075,-91.21277651
18.95916183,-91.22201745
18.95754446,-91.22441211
18.95495975,-91.22838876
18.9524748,-91.23629883
18.94947784,-91.24200634
18.94857333,-91.2443419
18.94596065,-91.24793359
18.94243667,-91.25631113
18.94131795,-91.26073649
18.94013224,-91.26422472
18.93845297,-91.26830522
18.93803438,-91.27249388
18.93745702,-91.28082679
18.93488388,-91.28498444
18.93151328,-91.28789025
18.92825128,-91.29002644
18.92440716,-91.29635872
18.92332711,-91.30134296
18.92458475,-91.30651571
18.9233181,-91.30887877
18.9199908,-91.31252688
18.91837174,-91.31491504
18.91541787,-91.31627965
18.91241185,-91.3193393
18.91333595,-91.32228399
18.9165711,-91.32484967
18.9152535,-91.33417851
18.91374071,-91.33807012
18.90998689,-91.34326745
18.9099036,-91.34721874
18.90985927,-91.353261
18.90979048,-91.35485478
18.90830655,-91.35723642
18.90657508,-91.35881455
18.90504044,-91.36125014
18.90286561,-91.36349238
18.89482204,-91.37146516
18.8893841,-91.37057301
18.88578637,-91.36784197
18.87895171,-91.3676122
18.87769797,-91.37260997
18.87422878,-91.37683612
18.87515412,-91.37978257
18.87851726,-91.38176658
18.88061859,-91.38349609
18.88081677,-91.38630382
18.88245476,-91.38918782
18.88160526,-91.39246105
18.87975091,-91.3941028
18.875066,-91.39371396
18.87132798,-91.39156101
18.87039853,-91.38353644
18.87030101,-91.37958378
18.86766855,-91.38036114
18.86017457,-91.38339113
18.8553051,-91.39054813
18.85317398,-91.39598731
18.84980919,-91.40170102
18.8474273,-91.4060341
18.84560421,-91.41069786
18.84173819,-91.41174907
18.84009624,-91.40622487
18.83489207,-91.40361644
18.83002286,-91.39816244
18.82441332,-91.39482811
18.81752741,-91.39630758
18.81606618,-91.40094711
18.81809497,-91.40435721
18.8201075,-91.40740878
18.81628912,-91.41184046
18.8136692,-91.41279466
18.808157,-91.41341337
18.80680976,-91.41464996
18.80412792,-91.4173032
18.80245456,-91.41893678
18.79893364,-91.42372813
18.79761184,-91.42777919
18.79386815,-91.43314975
18.78903723,-91.43842312
18.78774176,-91.44039868
18.78489166,-91.44570169
18.78288643,-91.45036964
18.78278774,-91.45659598
18.78118834,-91.46265472
18.7818785,-91.46486011
18.78660605,-91.4625029
18.79093596,-91.45784115
18.79337483,-91.45935153
18.80148393,-91.46003761
18.80407647,-91.46115023
18.80410623,-91.46416481
18.80342248,-91.46723213
18.79938882,-91.4684826
18.79670301,-91.46849943
18.79347273,-91.46592769
18.7907074,-91.46727076
18.78519754,-91.47051268
18.78219316,-91.4737563
18.78200684,-91.47887422
18.78169232,-91.4830704
18.78176019,-91.48507845
18.78186527,-91.48826778
18.7818256,-91.48860917
18.78142707,-91.49173724
18.78189846,-91.49445517
18.7818062,-91.49742144
18.78184949,-91.498171
18.78419289,-91.4985814
18.78813896,-91.49854435
18.79039278,-91.49793234
18.79241736,-91.49637773
18.79643482,-91.49099757
18.79697265,-91.49025079
18.7987888,-91.48766358
18.80090253,-91.48478884
18.80582799,-91.47941655
18.81042553,-91.47415974
18.81579822,-91.46817777
18.81904098,-91.46470746
18.82777183,-91.45561208
18.83180121,-91.45119363
18.83639759,-91.44593012
18.8423309,-91.44018605
18.84456724,-91.43790319
18.85208394,-91.43131095
18.85645236,-91.42758937
18.86362376,-91.42112527
18.87080126,-91.41500811
18.88043546,-91.40613373
18.88580992,-91.40097551
18.88827705,-91.39810815
18.8912936,-91.39427746
18.89553179,-91.3880741
18.89909457,-91.38233791
18.90110018,-91.37923878
18.90610395,-91.37064232
18.91099487,-91.36122641
18.91967189,-91.34630228
18.92222914,-91.34177076
18.925001,-91.33604155
18.92800103,-91.33020357
18.92921368,-91.32745847
18.93099243,-91.32424673
18.93364655,-91.31840194
18.93598467,-91.31399152
18.9377501,-91.3095734
18.9417409,-91.30146405
18.94472597,-91.29466664
18.94693727,-91.29014131
18.94816041,-91.28691506
18.94970478,-91.28310042
18.95190452,-91.27727059
18.95322814,-91.27392881
18.95576509,-91.2676116
18.95830488,-91.26082865
18.96017215,-91.25569472
18.96149542,-91.25248136
18.96359905,-91.24735475
18.96580413,-91.24199806
18.96833856,-91.23578953
18.96966355,-91.23222485
18.97176987,-91.22815923
18.97664502,-91.2183787
18.98241376,-91.20739067
18.98584741,-91.20082295
18.9883947,-91.19557338
18.99116791,-91.19043693
18.99350078,-91.1863782
18.9949519,-91.18470924
18.99582765,-91.18514327
18.99653057,-91.18456237
18.99707725,-91.18206062
18.99839918,-91.17884805
19.00065623,-91.17437006
19.00101766,-91.1737136
19.00293569,-91.1702052
19.00523031,-91.16574778
19.00701154,-91.16311649
19.00878694,-91.15977427
19.01048195,-91.15682984
19.01211884,-91.15396156
19.01373856,-91.15085588
19.01543688,-91.14758153
19.01684435,-91.1454379
19.01861886,-91.1420881
19.0203263,-91.13906821
19.02210078,-91.13597127
19.02408977,-91.13182106
19.02475366,-91.1300731
19.02585697,-91.12799639
19.02770593,-91.12505317
19.02919173,-91.12274049
19.03059784,-91.12058216
19.03208952,-91.11923104
19.03379421,-91.11730898
19.03513419,-91.11524174
19.03617163,-91.11363796
19.03743987,-91.11196077
19.03893188,-91.11099147
19.0405917,-91.11121206
19.0420184,-91.11134863
19.04367026,-91.11133349
19.04457647,-91.11092912
19.04509836,-91.10973175
19.04583477,-91.10886341
19.04680068,-91.10806027
19.04776986,-91.10661218
19.04880646,-91.10487214
19.05043144,-91.10159979
19.05168197,-91.0993029
19.05316794,-91.09674594
19.05568587,-91.09338989
19.0574694,-91.09130561
19.06186782,-91.08682906
19.06417413,-91.08418925
19.06551265,-91.0829834
19.06618617,-91.08250191
19.06745311,-91.08106057
19.06908163,-91.07834359
19.0719797,-91.07459803
19.07294165,-91.07283475
19.07486592,-91.06981438
19.07775199,-91.06503053
19.07893643,-91.06295545
19.08049212,-91.06048986
19.0824096,-91.05737892
19.08751551,-91.04852749
19.0895808,-91.04470447
19.09083545,-91.04222448
19.09313343,-91.03848044
19.0950561,-91.03631912
19.09625883,-91.03512344
19.09743154,-91.03264267
19.09891162,-91.03001763
19.09949278,-91.02827002
19.10067622,-91.02618717
19.10193047,-91.02420367
19.10356906,-91.02188576
19.10525403,-91.0184604
19.10718374,-91.01527798
19.1100629,-91.00992131
19.11249547,-91.00554175
19.11538258,-91.00091981
19.11886353,-90.99485442
19.1208591,-90.99183321
19.12308264,-90.98894876
19.12523875,-90.98638504
19.12745312,-90.98263145
19.13189471,-90.97592327
19.1357407,-90.96914824
19.13899446,-90.96483184
19.14019569,-90.96386939
19.14233696,-90.96011614
19.14515019,-90.95549335
19.14712509,-90.95257058
19.14840504,-90.95070066
19.14985627,-90.94844161
19.15239897,-90.94446879
19.15720741,-90.93696104
19.16216964,-90.92969594
19.16484278,-90.92602006
19.16817537,-90.92105945
19.17032019,-90.91810745
19.17240531,-90.91570278
19.17409731,-90.91314126
19.1760923,-90.90988331
19.17846702,-90.90660146
19.18158228,-90.90252047
19.18514763,-90.89850771
19.1862053,-90.89794329
19.18657297,-90.89824794
19.1869538,-90.89848457
19.18756542,-90.89840118
19.18822962,-90.89767525
19.19074458,-90.89432644
19.19876354,-90.88430744
19.20373994,-90.87886099
19.21265012,-90.86812632
19.22111839,-90.85867216
19.22350281,-90.85626978
19.2264031,-90.85298094
19.23011628,-90.84889118
19.23687221,-90.84135427
19.23960431,-90.83776052
19.24207466,-90.83541732
19.24356132,-90.83365467
19.24526395,-90.83149637
19.24705052,-90.82924502
19.24928239,-90.82699528
19.25083948,-90.82508076
19.25283969,-90.82228071
19.25527785,-90.81852614
19.25741863,-90.81603004
19.26141532,-90.81050614
19.26379483,-90.80731085
19.26645698,-90.80364008
19.26852457,-90.80028366
19.27179379,-90.79634729
19.27386784,-90.79393496
19.27668939,-90.79057821
19.27913949,-90.78784761
19.28084612,-90.785994
19.28523099,-90.78118014
19.28878824,-90.77708982
19.29199107,-90.77348791
19.29704124,-90.76858236
19.30120136,-90.76432425
19.30999015,-90.75627572
19.31400773,-90.75312453
19.31781391,-90.7496676
19.32102518,-90.74755434
19.32392926,-90.74506919
19.32713186,-90.74256637
19.3292901,-90.74055921
19.3321282,-90.73877324
19.33445142,-90.73739364
19.33616906,-90.73630113
19.33713155,-90.73568285
19.33982401,-90.73438023
19.34266836,-90.73292136
19.34588423,-90.73144837
19.34880957,-90.730222
19.35141994,-90.72867225
19.35433372,-90.72729115
19.35657454,-90.72590361
19.35828922,-90.72452857
19.35833511,-90.72404842
19.35828604,-90.72360489
19.35814285,-90.72317873
19.35838021,-90.72282871
19.35856801,-90.72254503
19.35924558,-90.72261325
19.36180597,-90.7225826
19.36368483,-90.72230932
19.36684739,-90.72243215
19.3694033,-90.7227059
19.37212058,-90.72307159
19.37582639,-90.72389626
19.37702597,-90.7242611
19.37748853,-90.72473501
19.37839394,-90.72505486
19.3799815,-90.72526064
19.38186056,-90.72547573
19.38411721,-90.72575765
19.38885983,-90.72562014
19.39142546,-90.72565855
19.39495714,-90.72561198
19.39864572,-90.72547576
19.40127208,-90.7253535
19.40294013,-90.72517671
19.40480245,-90.72443784
19.40698503,-90.72384955
19.40959577,-90.72254564
19.41184354,-90.72149213
19.41520162,-90.7196088
19.41789181,-90.71815205
19.4213418,-90.71628247
19.42388262,-90.71513735
19.42695848,-90.71397646
19.42965402,-90.71307704
19.43182134,-90.71240591
19.43460896,-90.71188677
19.43700363,-90.71146015
19.43947071,-90.71054369
19.44164998,-90.71003195
19.44360908,-90.70985707
19.4454154,-90.70982662
19.44669248,-90.71013239
19.44812714,-90.70987177
19.45067634,-90.70920228
19.4530776,-90.70837739
19.4564474,-90.70737849
19.45938038,-90.7066147
19.46095213,-90.70636417
19.46165577,-90.70629366
19.46219159,-90.70640958
19.46242613,-90.70650745
19.46381971,-90.70703352
19.46554951,-90.70731602
19.46743264,-90.70746121
19.46900887,-90.7072702
19.47126795,-90.70685228
19.47336315,-90.70594489
19.47583707,-90.70511856
19.47838966,-90.7043719
19.48101102,-90.70369376
19.48196912,-90.70350141
19.48311478,-90.70326471
19.48544203,-90.70315009
19.4896589,-90.70326633
19.49289971,-90.70345663
19.49674157,-90.70378382
19.49930888,-90.70408292
19.5005091,-90.70421066
19.50126873,-90.70452364
19.50278081,-90.70529638
19.50376892,-90.70599052
19.50445533,-90.70653965
19.505071,-90.70772249
19.50560848,-90.70834633
19.50696469,-90.70873671
19.50779877,-90.7091945
19.50818574,-90.70950738
19.50954113,-90.70964383
19.51096405,-90.70946794
19.51239224,-90.70960554
19.51368083,-90.71006388
19.51466366,-90.71044463
19.51645915,-90.71002446
19.51803424,-90.70945247
19.51976271,-90.70886531
19.52201164,-90.70843134
19.5247178,-90.70815584
19.52563104,-90.70894262
19.5261681,-90.70980386
19.5270837,-90.71074386
19.52806698,-90.71088734
19.52933372,-90.71032419
19.53113473,-90.70949128
19.53225648,-90.70869091
19.53397856,-90.70801793
19.53532422,-90.70729477
19.53651756,-90.70696536
19.53764978,-90.70703411
19.5384867,-90.70740787
19.53931862,-90.70771494
19.54021541,-90.70730954
19.54088793,-90.70682213
19.54193294,-90.70633247
19.5433564,-90.70567708
19.54493324,-90.70500651
19.54718382,-90.70459383
19.55025014,-90.70390709
19.55341897,-90.7038614
19.55606072,-90.70430306
19.55862021,-90.70498172
19.56051678,-90.70542553
19.56104634,-90.70606466
19.56108904,-90.70930936
19.5613216,-90.71010987
19.56170516,-90.71025535
19.56193998,-90.71096457
19.56269957,-90.71151986
19.56337212,-90.71103239
19.56499988,-90.70958321
19.56701097,-90.70779045
19.56948284,-90.7065682
19.5716487,-90.70550804
19.57405092,-90.7042052
19.57471817,-90.70340402
19.57748035,-90.70217423
19.58637937,-90.69768065
19.59049811,-90.69587242
19.59453851,-90.69398909
19.59745181,-90.69283505
19.59992914,-90.69192833
19.60366959,-90.69028797
19.60831398,-90.68894385
19.61146045,-90.68786846
19.61582056,-90.68685486
19.61919614,-90.68616796
19.6230989,-90.68548022
19.6273209,-90.68541338
19.6303303,-90.68554125
19.6327419,-90.686062
19.63425689,-90.68674871
19.63561277,-90.68737435
19.63849213,-90.68867886
19.64122606,-90.68998356
19.64564771,-90.69367584
19.64640444,-90.69492007
19.64740604,-90.69664285
19.64878701,-90.69894092
19.64964556,-90.70130416
19.65065375,-90.70360219
19.65119612,-90.70502029
19.65240586,-90.70539449
19.65413472,-90.70553834
19.65519102,-90.70544076
19.65669535,-90.70501318
19.65857057,-90.70443954
19.66001369,-90.70416578
19.66006094,-90.70415945
19.6624645,-90.70326588
19.66480415,-90.70331084
19.66638997,-90.70360815
19.6681151,-90.70406659
19.66940392,-90.70452541
19.67031317,-90.70513582
19.67139001,-90.70616413
19.67252084,-90.70669852
19.67364989,-90.7068444
19.67515097,-90.70698087
19.67583219,-90.70672979
19.67702098,-90.70536394
19.67790984,-90.70399906
19.680497,-90.70103142
19.68391663,-90.69716167
19.68717805,-90.69409434
19.68942594,-90.69303344
19.69069455,-90.69237093
19.69106008,-90.69118145
19.69179722,-90.69022012
19.69410621,-90.68851811
19.69620849,-90.68721245
19.69762877,-90.68663318
19.69948954,-90.68525882
19.70188177,-90.68418322
19.70293335,-90.68353628
19.7037438,-90.6825831
19.70573573,-90.67992576
19.70767779,-90.67830204
19.70916631,-90.67669217
19.71043539,-90.67627896
19.71132658,-90.67531173
19.71332739,-90.67338058
19.71639542,-90.67149696
19.7190862,-90.67003841
19.72199748,-90.66848936
19.72507101,-90.66740672
19.72769584,-90.66664478
19.72920143,-90.66647567
19.73078358,-90.66684261
19.73274891,-90.66762159
19.73373604,-90.66814633
19.73442919,-90.66902451
19.73503628,-90.66972506
19.73610748,-90.66982513
19.73616312,-90.66983968
19.73646485,-90.66986246
19.73659394,-90.66976526
19.73736469,-90.66913192
19.7387066,-90.66871966
19.73975208,-90.66774888
19.74132997,-90.66733127
19.74223221,-90.66723902
19.74253716,-90.66706228
19.74347403,-90.66658305
19.74394599,-90.66632993
19.74457495,-90.66610929
19.7457418,-90.66566601
19.74837329,-90.66547711
19.74890286,-90.66550723
19.75070985,-90.66559855
19.75182554,-90.66495788
19.75287101,-90.6637445
19.75376198,-90.6627745
19.75540626,-90.66227201
19.75706547,-90.66208997
19.75864078,-90.66151641
19.76011668,-90.65973874
19.76039541,-90.65933368
19.76233041,-90.65652598
19.76440159,-90.6534739
19.76818002,-90.64897258
19.7692242,-90.64831846
19.77010342,-90.64695065
19.77152501,-90.64566223
19.77240797,-90.64373942
19.77365934,-90.64212185
19.77551458,-90.64019189
19.77670279,-90.63930709
19.77909371,-90.63712562
19.78049427,-90.63519524
19.78197892,-90.63341625
19.78427862,-90.63171529
19.78599158,-90.62970813
19.78919423,-90.62719884
19.79194174,-90.62492457
19.79201115,-90.62488032
19.79351163,-90.62379614
19.79483065,-90.6216297
19.79570181,-90.61882842
19.79656359,-90.61626564
19.79765948,-90.61379362
19.79824766,-90.61242813
19.79928472,-90.61098646
19.80033765,-90.61096278
19.80144679,-90.60951261
19.8024725,-90.60743781
19.80402481,-90.60511212
19.80498757,-90.60461564
19.80559359,-90.60421161
19.8053489,-90.60325711
19.80675563,-90.60165449
19.80860388,-90.59867209
19.81428457,-90.59032541
19.81480312,-90.58951553
19.81612793,-90.58728064
19.81724185,-90.58613714
19.81767586,-90.58550248
19.81841837,-90.58461844
19.81944834,-90.58308564
19.82061926,-90.5805297
19.82167723,-90.5787663
19.82224047,-90.57779642
19.82356823,-90.5758733
19.82407463,-90.57427165
19.82547165,-90.57170126
19.82614392,-90.57121215
19.82750001,-90.57183036
19.82772739,-90.57134997
19.82628428,-90.57018181
19.82722992,-90.56849739
19.82878494,-90.56609369
19.83025141,-90.56336111
19.83215753,-90.55982982
19.8342159,-90.55638886
19.83568834,-90.55397746
19.83723049,-90.55140635
19.83922056,-90.54850663
19.84166869,-90.54601251
19.84442558,-90.54327356
19.8472388,-90.54019817
19.84968862,-90.53784776
19.85191289,-90.53552117
19.85354501,-90.53366029
19.85478985,-90.53172885
19.85602939,-90.52828894
19.85666903,-90.52557255
19.85769287,-90.52324645
19.85858407,-90.52204883
19.85886548,-90.52132338
19.85967556,-90.51980584
19.86115548,-90.51818822
19.862543,-90.51514393
19.86386977,-90.51297695
19.8648938,-90.51137387
19.86541738,-90.51024574
19.86592378,-90.50913108
19.86696195,-90.50783431
19.86814656,-90.50678941
19.86882406,-90.50684964
19.86994476,-90.50604083
19.87112247,-90.50490516
19.87239723,-90.50385014
19.87440198,-90.50199057
19.87834789,-90.49899039
19.8799829,-90.49777008
19.88146332,-90.4958323
19.88226057,-90.49423852
19.88337809,-90.49326877
19.88427095,-90.49221477
19.88485873,-90.49109536
19.8859025,-90.49059086
19.88739532,-90.49001213
19.88927901,-90.48943139
19.8904742,-90.48909424
19.89196825,-90.48820292
19.8932269,-90.48729556
19.8940479,-90.48649269
19.89516845,-90.48592151
19.89689709,-90.48533464
19.89944003,-90.48433478
19.90078209,-90.48368703
19.90145648,-90.48358639
19.90309509,-90.48253362
19.90436323,-90.48187048
19.90564066,-90.48097099
19.90689778,-90.47992418
19.90711271,-90.47928334
19.90853811,-90.47814767
19.90994425,-90.47717706
19.91121577,-90.47643904
19.91226001,-90.47617947
19.91383394,-90.47559115
19.91592982,-90.47469156
19.91682942,-90.47396592
19.91839723,-90.47305836
19.92094039,-90.47253888
19.92146397,-90.47260727
19.92282688,-90.47283015
19.92417081,-90.47232625
19.92544269,-90.47159288
19.92595437,-90.47102763
19.92655082,-90.47014262
19.92715014,-90.46989203
19.92760379,-90.46963943
19.92848925,-90.46884758
19.92922114,-90.4674726
19.93003272,-90.46642739
19.93070807,-90.46610058
19.93151647,-90.46489454
19.93514367,-90.46046221
19.93588794,-90.45996599
19.93678458,-90.45979818
19.9373116,-90.45955369
19.93843449,-90.45937138
19.94008127,-90.45854573
19.94098079,-90.45805788
19.94419908,-90.45744679
19.94526132,-90.45766154
19.94624037,-90.45750109
19.94705751,-90.45676778
19.94793869,-90.45556254
19.94860417,-90.45451033
19.94934653,-90.45386993
19.95009111,-90.45385449
19.95062395,-90.4536864
19.95414509,-90.45299161
19.95467211,-90.45274706
19.95519274,-90.45241889
19.95578918,-90.45248822
19.95684297,-90.45247284
19.95706681,-90.452069
19.95758479,-90.45182522
19.95842027,-90.45180922
19.96044863,-90.45193188
19.96325566,-90.4533203
19.96379202,-90.45355588
19.9643124,-90.45393951
19.96522499,-90.45409971
19.96664831,-90.45383156
19.96769182,-90.45341306
19.96859434,-90.45308354
19.96934466,-90.45242793
19.97256937,-90.45213828
19.97362021,-90.45172634
19.97429194,-90.45194798
19.97461348,-90.45282477
19.97447372,-90.45385397
19.97444989,-90.45735752
19.97376581,-90.46150656
19.9738453,-90.46207214
19.97452848,-90.46244436
19.97520789,-90.46252831
19.97559478,-90.46307009
19.97604551,-90.46337556
19.97937392,-90.46516242
19.98143339,-90.46688679
19.98449376,-90.46969234
19.98586315,-90.47071564
19.98645328,-90.47046332
19.98750418,-90.47005148
19.98946265,-90.4698533
19.99073426,-90.46983151
19.99164584,-90.47045613
19.99173118,-90.47086014
19.99264215,-90.47171572
19.99378369,-90.47249394
19.99506725,-90.47286802
19.99528903,-90.47255569
19.99527051,-90.47135705
19.995779,-90.47015199
19.99658189,-90.46863319
19.99724488,-90.46742695
19.99775916,-90.46629833
19.99864457,-90.46517653
20.00005197,-90.46380335
20.00143061,-90.46196355
20.00168683,-90.46186472
20.00259464,-90.46184262
20.00519286,-90.46216222
20.00859079,-90.46271192
20.01163257,-90.4627652
20.01388624,-90.46262109
20.01973535,-90.46836492
20.02154411,-90.46894686
20.02416011,-90.47069415
20.0282752,-90.47433222
20.03010995,-90.47633151
20.03012794,-90.47764357
20.03116402,-90.47858983
20.0344428,-90.47900824
20.03772154,-90.47930638
20.04054711,-90.47986448
20.04157343,-90.48044354
20.04362679,-90.48196974
20.04636036,-90.48370995
20.04853195,-90.48535612
20.05068499,-90.48592112
20.05477183,-90.48787596
20.05784203,-90.48949875
20.06091291,-90.49101085
20.06227556,-90.49110905
20.08635903,-90.48654628
20.0884939,-90.48627302
20.09051947,-90.48527977
20.0924273,-90.48453239
20.0938722,-90.48331897
20.09475338,-90.48139053
20.09597962,-90.48029196
20.09823252,-90.48001574
20.10217584,-90.479841
20.11199661,-90.4792087
20.11334952,-90.47917765
20.11754707,-90.4810299
20.11947284,-90.48111617
20.12263446,-90.48166529
20.12636803,-90.48231979
20.12886682,-90.48324325
20.13035584,-90.48440446
20.13296276,-90.48543434
20.13977624,-90.48867502
20.14430925,-90.49003464
20.1451091,-90.49050588
20.15135009,-90.49279654
20.15283067,-90.49372759
20.15531951,-90.49416105
20.15645588,-90.4945122
20.15950729,-90.4950471
20.16143376,-90.49490235
20.16377807,-90.49355165
20.16555894,-90.4917287
20.17055667,-90.48615167
20.17142761,-90.48351739
20.17263762,-90.48169469
20.17340117,-90.47977274
20.17463697,-90.47963607
20.17700772,-90.47899321
20.18398487,-90.47768054
20.18533884,-90.47742297
20.19268019,-90.47814819
20.19438838,-90.47884077
20.19596878,-90.47916849
20.19744072,-90.47950547
20.19936673,-90.48019156
20.20245091,-90.48127516
20.20373709,-90.47976591
20.20625336,-90.4790021
20.20905184,-90.47907903
20.21184242,-90.48000945
20.21307382,-90.48161008
20.21354579,-90.48399098
20.21319392,-90.48714316
20.21323285,-90.4886142
20.21574695,-90.48901912
20.26792496,-90.49116301
20.27132386,-90.4919579
20.28496118,-90.49053051
20.28654222,-90.49038611
20.28924023,-90.49009587
20.29184842,-90.4903002
20.31612688,-90.49123192
20.31815305,-90.49107848
20.32039654,-90.4900723
20.32185971,-90.48981254
20.32378588,-90.49049941
20.32548548,-90.49059802
20.33305458,-90.49143797
20.33509869,-90.49224026
20.3369154,-90.49316322
20.34086314,-90.49627492
20.34109288,-90.49666527
20.34218239,-90.49639639
20.34842885,-90.4931101
20.34955465,-90.49271992
20.35101786,-90.49198024
20.353144,-90.491225
20.35640681,-90.49010271
20.35943179,-90.48920323
20.36088656,-90.48775271
20.36380364,-90.48651023
20.36571217,-90.48588435
20.3681925,-90.48560038
20.37245404,-90.48373174
20.37500055,-90.48384005
20.37754263,-90.48412964
20.3800325,-90.48493023
20.38682877,-90.4867311
20.3888733,-90.48741781
20.3913627,-90.48749248
20.39407998,-90.4881725
20.39645084,-90.4888435
20.39849561,-90.48965331
20.40711917,-90.49263535
20.40903569,-90.49235367
20.41309752,-90.49240772
20.41762276,-90.49293375
20.41876789,-90.49375775
20.42068493,-90.4943229
20.42143305,-90.49423015
20.42465612,-90.49558152
20.42658249,-90.49590948
20.42951726,-90.49645789
20.4317708,-90.49606062
20.43336101,-90.49675508
20.43448813,-90.49674101
20.43515967,-90.49587779
20.43604268,-90.49480349
20.43804979,-90.49295521
20.43961354,-90.49197964
20.44108581,-90.4919578
20.44188563,-90.49278726
20.44336685,-90.4934838
20.44528426,-90.49345296
20.44641088,-90.49355233
20.44759379,-90.49331387
20.44902785,-90.49458882
20.45219881,-90.49513164
20.45332488,-90.49618435
20.45370627,-90.49845658
20.45371548,-90.49893846
20.45599541,-90.50105126
20.45780417,-90.50102739
20.46006724,-90.50135576
20.4619936,-90.5015632
20.46312893,-90.50225805
20.46471926,-90.5027138
20.46560971,-90.50209725
20.46650953,-90.50136405
20.46796407,-90.50122797
20.47170775,-90.50200459
20.47296104,-90.50293563
20.47435543,-90.50296641
20.47678726,-90.50227876
20.47984036,-90.50222604
20.48469299,-90.50250751
20.48887328,-90.50244078
20.49451622,-90.50258488
20.49677016,-90.50243133
20.49867857,-90.50228068
20.50126869,-90.50115932
20.51731914,-90.49515459
20.52115368,-90.49520647
20.52307148,-90.49493899
20.52542504,-90.49417794
20.52789745,-90.49306384
20.53013339,-90.49159077
20.53181467,-90.49036302
20.53384169,-90.49009578
20.53596557,-90.48945563
20.54044817,-90.48698155
20.54326622,-90.48658631
20.54506527,-90.48595207
20.54741908,-90.48495405
20.54858054,-90.48467128
20.55011842,-90.48431289
20.55214468,-90.48391517
20.55338134,-90.48318399
20.55376179,-90.48280129
20.55448999,-90.48208455
20.55524083,-90.48226674
20.55614032,-90.48248937
20.55832513,-90.48202251
20.56056975,-90.48066411
20.56167043,-90.47993965
20.56245983,-90.47943017
20.56413306,-90.4777365
20.56614084,-90.47577504
20.56758833,-90.47455467
20.56972197,-90.47356304
20.57063186,-90.47320261
20.57352966,-90.47205861
20.57555658,-90.47118955
20.57779216,-90.46995235
20.58384478,-90.46685451
20.58496259,-90.46611626
20.58708013,-90.46500253
20.58843435,-90.46474167
20.59216078,-90.46444443
20.59350565,-90.46394034
20.59451384,-90.46379605
20.59552358,-90.4631926
20.59675059,-90.46245457
20.60391168,-90.45825592
20.60515625,-90.45786905
20.60638317,-90.45760932
20.61178171,-90.45608371
20.62527804,-90.45274762
20.62864972,-90.45209132
20.63012178,-90.45170415
20.63213007,-90.45058952
20.63323467,-90.44991724
20.64121798,-90.44695858
20.6441542,-90.4467986
20.64843464,-90.44648466
20.65126091,-90.44655403
20.65406921,-90.44650652
20.65690445,-90.44645428
20.66051359,-90.44628732
20.66264914,-90.44588901
20.66602991,-90.44547088
20.67076511,-90.44527255
20.67404568,-90.44533195
20.67651827,-90.44457832
20.68326201,-90.44302784
20.68460626,-90.44239512
20.68516081,-90.44202841
20.69193055,-90.44369342
20.69691414,-90.44376865
20.69646541,-90.44732501
20.69123016,-90.45004674
20.6848553,-90.45034445
20.68868493,-90.45403894
20.69342627,-90.45715744
20.69835316,-90.45648608
20.7038903,-90.45450265
20.70654343,-90.45312906