1749,DURANGO
26.6368607,-106.2213131
26.63741798,-106.2201233
26.64974396,-106.2199016
26.65389796,-106.2198257
26.65673666,-106.21978
26.66746052,-106.2122497
26.66853351,-106.2062823
26.67765807,-106.2081595
26.68081472,-106.2032688
26.67559843,-106.1985918
26.68218177,-106.1988594
26.68242976,-106.1935645
26.67943306,-106.1923822
26.68320251,-106.1879562
26.68598955,-106.1846914
26.6950447,-106.1892156
26.69916528,-106.1859118
26.69935334,-106.177695
26.70449328,-106.1724911
26.70598133,-106.1675786
26.70196565,-106.1595826
26.70638301,-106.1528608
26.70735165,-106.1434915
26.700565,-106.1363888
26.69748476,-106.1331688
26.71388933,-106.132223
26.71865562,-106.1375402
26.72514248,-106.15164
26.72777584,-106.1757958
26.7278782,-106.1767342
26.73197758,-106.1773442
26.73838848,-106.178298
26.74168426,-106.1787861
26.7440679,-106.1791449
26.7432061,-106.1739718
26.7502833,-106.1705842
26.75146614,-106.1714542
26.76302916,-106.1798931
26.77314988,-106.1772756
26.77386069,-106.1705391
26.77455799,-106.1639624
26.77056734,-106.1570953
26.77932993,-106.1246698
26.7647653,-106.1137206
26.75903096,-106.1051378
26.75922519,-106.1003996
26.78032918,-106.0886203
26.80710478,-106.0736736
26.83532004,-106.0615431
26.84469571,-106.047084
26.82589577,-106.0224178
26.82511447,-106.0214109
26.82388631,-106.0197928
26.82165768,-106.0168707
26.80918848,-106.0005284
26.79032173,-105.9705895
26.76024298,-105.970429
26.75937819,-105.965836
26.74995834,-105.956429
26.76663163,-105.9353257
26.76597242,-105.9282298
26.75261272,-105.9078897
26.76955026,-105.8942713
26.73174036,-105.8870078
26.74869416,-105.8573055
26.73670815,-105.8480579
26.72247023,-105.8370642
26.69150793,-105.813183
26.65802339,-105.772762
26.6978149,-105.7923311
26.70622044,-105.7845653
26.70776801,-105.7697257
26.71377332,-105.7660624
26.71187313,-105.7539928
26.71398541,-105.7466462
26.70584899,-105.7449675
26.70137231,-105.7395114
26.69116243,-105.7350183
26.68239277,-105.7336604
26.68990805,-105.7281895
26.68158252,-105.7213911
26.65550976,-105.7000971
26.65781289,-105.6891026
26.64904766,-105.6812443
26.63597892,-105.6760256
26.63543923,-105.6711195
26.63018024,-105.6723641
26.61677281,-105.675537
26.60844857,-105.6364973
26.62032468,-105.6388318
26.61456577,-105.6010036
26.6457208,-105.6094347
26.68350447,-105.6196819
26.64546265,-105.5999972
26.57740545,-105.5648241
26.5471763,-105.5492296
26.54281379,-105.4968144
26.52718621,-105.4963479
26.51774132,-105.4892521
26.51700236,-105.4832476
26.51192891,-105.4806078
26.50786726,-105.4723075
26.51180637,-105.4683477
26.51833835,-105.4693773
26.51926071,-105.4732302
26.52568272,-105.473063
26.52620886,-105.4730469
26.52979903,-105.4638694
26.52725546,-105.4532484
26.52813527,-105.4368679
26.52391452,-105.4303827
26.5205872,-105.4071508
26.51778618,-105.4037476
26.52315822,-105.3903115
26.52376347,-105.3861465
26.52984847,-105.3813467
26.52971902,-105.3733365
26.53432259,-105.3691246
26.53214054,-105.3634177
26.51284078,-105.3483339
26.50624027,-105.3488074
26.50470233,-105.3434739
26.49389054,-105.3545293
26.48589305,-105.3576195
26.48176046,-105.3558334
26.4775304,-105.3466092
26.48006356,-105.3421077
26.47864556,-105.3388272
26.47129991,-105.3359124
26.46247957,-105.3219959
26.46264476,-105.3171138
26.46267051,-105.3163124
26.47137866,-105.3138932
26.46980595,-105.3084311
26.47291108,-105.3012139
26.47507853,-105.3020525
26.47606769,-105.3024417
26.47836715,-105.3008472
26.48222094,-105.2981767
26.48076123,-105.2916078
26.48834775,-105.2894792
26.48710598,-105.2771493
26.48153778,-105.2701841
26.46797809,-105.2705041
26.46254254,-105.2627982
26.47898929,-105.2176927
26.47999694,-105.2149299
26.48262602,-105.2077284
26.51902813,-105.1077265
26.52124103,-105.1016229
26.47134783,-105.0795731
26.42366924,-105.0585306
26.41944402,-105.0566698
26.4296734,-105.0527243
26.43566703,-105.037488
26.43444497,-105.031683
26.44798304,-105.0157592
26.44604436,-105.0123339
26.44836131,-105.0053371
26.44902827,-105.0045822
26.4557731,-104.9968759
26.45616366,-104.9910473
26.45206319,-104.9854019
26.4524376,-104.9799306
26.45297393,-104.9720874
26.44835392,-104.9665567
26.44878088,-104.9660227
26.45414486,-104.9593466
26.45580001,-104.959552
26.4651016,-104.9609865
26.46283983,-104.9646411
26.46677132,-104.9696617
26.47355337,-104.9622909
26.47321996,-104.961208
26.46817929,-104.9445989
26.47752766,-104.9390819
26.47885646,-104.9383038
26.48954257,-104.931994
26.4926546,-104.9214805
26.49673734,-104.9207947
26.51133499,-104.9052447
26.50673422,-104.8860561
26.50838967,-104.879228
26.50460893,-104.8772596
26.50352903,-104.8712938
26.50510211,-104.8604364
26.5022595,-104.8587123
26.50508051,-104.8515245
26.50603998,-104.8490685
26.50561679,-104.8468792
26.50087084,-104.8221896
26.50922008,-104.8077844
26.50467841,-104.8036795
26.50649895,-104.8011852
26.50394054,-104.789939
26.49118891,-104.7757789
26.48575704,-104.7607635
26.48837791,-104.7554604
26.49218167,-104.7477859
26.48249348,-104.7397666
26.47990151,-104.7376227
26.47890041,-104.7367982
26.47886413,-104.7288713
26.46704326,-104.7188076
26.46517544,-104.7119182
26.45511153,-104.7093551
26.43297417,-104.6863519
26.4292799,-104.6774785
26.42085461,-104.6739158
26.4187695,-104.6695975
26.41853294,-104.6691081
26.41503081,-104.670902
26.41403438,-104.6713974
26.41329962,-104.6698028
26.41231996,-104.6676746
26.41012461,-104.6628901
26.40321562,-104.6597011
26.39998517,-104.6582592
26.39095067,-104.6542231
26.39151332,-104.6454722
26.38148008,-104.6360345
26.37695288,-104.6274663
26.37661859,-104.6268481
26.37312676,-104.6263908
26.37131752,-104.626154
26.36874019,-104.6202632
26.37237526,-104.6125584
26.38042423,-104.5954597
26.36127973,-104.5852895
26.35865506,-104.5839011
26.35351371,-104.5811694
26.33990478,-104.5739523
26.34928159,-104.5648036
26.41489972,-104.5008764
26.42916915,-104.4956188
26.46384359,-104.5030585
26.47796732,-104.4908513
26.49909261,-104.4800706
26.52698681,-104.4658262
26.54975566,-104.4558396
26.57161932,-104.4510094
26.58286979,-104.4455315
26.60433812,-104.4350638
26.63145813,-104.3874939
26.64076274,-104.376163
26.65491187,-104.3355057
26.65668132,-104.3303938
26.70057471,-104.305796
26.70706674,-104.3068102
26.72551664,-104.2866838
26.75205948,-104.2998909
26.75656942,-104.3088782
26.75798742,-104.3117086
26.76084988,-104.3174078
26.7615063,-104.3165086
26.77193091,-104.3018284
26.78880383,-104.3068188
26.79330479,-104.3051098
26.79871078,-104.3147613
26.80248689,-104.313052
26.81147026,-104.2939319
26.81690756,-104.2907278
26.81804612,-104.2953671
26.81852803,-104.2946195
26.82478488,-104.2847996
26.83596016,-104.2814049
26.84228191,-104.2733253
26.8304966,-104.2616286
26.80897612,-104.2514047
26.79665742,-104.2414176
26.7797683,-104.2277302
26.7751739,-104.2296988
26.77444445,-104.2183074
26.77200254,-104.1804489
26.74412127,-104.0489536
26.7433437,-104.0452839
26.77470136,-104.0328086
26.77786428,-103.9946613
26.75360705,-103.9691098
26.75391406,-103.952218
26.75546711,-103.8670254
26.75323089,-103.8544142
26.72551657,-103.6992506
26.71920721,-103.6685565
26.71831004,-103.6642224
26.68884921,-103.6451182
26.67444258,-103.6201393
26.67952528,-103.6130815
26.66393495,-103.5753534
26.60529618,-103.4337471
26.579578,-103.3717489
26.5252473,-103.3662709
26.4425133,-103.3579546
26.43256255,-103.3417262
26.42071905,-103.3337761
26.40563065,-103.3257501
26.36760917,-103.3055161
26.30365021,-103.2715336
26.28395306,-103.2610661
26.25031245,-103.2733868
26.17371391,-103.3211257
26.10852812,-103.3304944
25.9617657,-103.3683283
25.92705233,-103.3704266
25.89273072,-103.351071
25.88359161,-103.3379856
25.87662493,-103.3285018
25.8718087,-103.3285853
25.87141214,-103.3433571
25.86670345,-103.3425177
25.86134141,-103.348133
25.83146645,-103.3322322
25.82491481,-103.3229321
25.80537302,-103.3182857
25.77159344,-103.3275637
25.76683993,-103.3363144
25.7620409,-103.3386037
25.75264876,-103.3295083
25.72660048,-103.338092
25.71726026,-103.3528167
25.70601833,-103.3383669
25.70091276,-103.3531983
25.69413387,-103.3482926
25.69359305,-103.3478953
25.68956271,-103.3588749
25.67686068,-103.362468
25.65688566,-103.3804965
25.64041171,-103.3827932
25.64542829,-103.4043552
25.6399852,-103.4085204
25.63344442,-103.4035153
25.6282745,-103.403477
25.62491364,-103.4091075
25.6228621,-103.4244732
25.61858593,-103.4228869
25.61688223,-103.4156311
25.61659402,-103.4143874
25.61357836,-103.4128239
25.61348691,-103.4139221
25.61331489,-103.4159136
25.6123961,-103.4263044
25.60090591,-103.4290357
25.59875156,-103.4295397
25.59838533,-103.4319202
25.5980672,-103.4339949
25.5973633,-103.4385886
25.59728622,-103.4390842
25.59677133,-103.4388484
25.59200152,-103.4366888
25.58656317,-103.4342244
25.58485581,-103.4334466
25.57815917,-103.4515898
25.56398446,-103.4522067
25.55532762,-103.4574563
25.55239769,-103.4613784
25.54923785,-103.4656277
25.54619765,-103.4696794
25.54361692,-103.4769734
25.54218225,-103.4810017
25.54200504,-103.4815196
25.53815667,-103.4923544
25.53712228,-103.4952609
25.52967601,-103.4845337
25.52923374,-103.4842974
25.51692935,-103.4778964
25.51712151,-103.4748057
25.42127614,-103.3650461
25.41887234,-103.369204
25.4082112,-103.36413
25.41456114,-103.3578746
25.39777149,-103.3394868
25.39781349,-103.3366719
25.37141218,-103.3378689
25.37276742,-103.3470624
25.37343625,-103.351603
25.39308902,-103.366099
25.39357575,-103.3664649
25.39377016,-103.3702035
25.39050248,-103.372485
25.39084818,-103.3765435
25.39105321,-103.3790387
25.39727812,-103.3902623
25.39497653,-103.3971442
25.39887401,-103.406742
25.39439137,-103.4200246
25.38967509,-103.4249157
25.38877323,-103.4273339
25.38760195,-103.4304471
25.38567758,-103.4355593
25.38369709,-103.440838
25.38324147,-103.4420513
25.38157696,-103.4464844
25.38044236,-103.4495128
25.37573621,-103.4620406
25.37018359,-103.4610945
25.35144178,-103.4667564
25.35112339,-103.4668477
25.34857292,-103.4689157
25.34272237,-103.4736457
25.33410169,-103.4806112
25.33246704,-103.4884929
25.32386615,-103.4788416
25.3157824,-103.4846316
25.31433013,-103.4856619
25.31428369,-103.4857761
25.31194509,-103.4913154
25.31007993,-103.495702
25.30760008,-103.4960154
25.29469227,-103.497625
25.2942109,-103.4976781
25.29346534,-103.4997541
25.2922534,-103.5031645
25.2904264,-103.5082681
25.28998836,-103.5094818
25.28944639,-103.5092297
25.2828976,-103.5061851
25.28191147,-103.5077879
25.27939591,-103.5118239
25.27829351,-103.5094586
25.27638234,-103.5053228
25.27408349,-103.5037745
25.27183877,-103.5022557
25.2659788,-103.4983117
25.26533875,-103.4978766
25.26472568,-103.4974655
25.25599463,-103.49584
25.2551342,-103.4956792
25.24918103,-103.4726685
25.23815664,-103.4659015
25.2345623,-103.4601788
25.23397209,-103.4592483
25.22781105,-103.4494438
25.21876287,-103.4496725
25.20167024,-103.4386021
25.19879519,-103.431491
25.2011471,-103.4252738
25.19620031,-103.4184298
25.19168524,-103.4180404
25.1821487,-103.4089688
25.18155473,-103.4023164
25.17483501,-103.3978072
25.15727652,-103.393832
25.13396487,-103.3701877
25.12580253,-103.3718052
25.12014354,-103.3641374
25.1080565,-103.3579109
25.1064965,-103.3525556
25.10985485,-103.3418286
25.10059764,-103.3377773
25.09261751,-103.3178176
25.08345578,-103.309845
25.08396548,-103.3041907
25.07929742,-103.2936775
25.07879985,-103.2934944
25.07618567,-103.2924946
25.07097528,-103.2905115
25.06936517,-103.2898929
25.06549658,-103.2802572
25.06415341,-103.2769303
25.05794441,-103.2614574
25.05527699,-103.2614117
25.05398858,-103.2613968
25.05414244,-103.2625787
25.05432203,-103.2639452
25.05456097,-103.265829
25.05497067,-103.2690418
25.04914036,-103.2684996
25.04824761,-103.2700561
25.04580848,-103.2743218
25.04365122,-103.2717807
25.04076579,-103.2683859
25.03490982,-103.2766258
25.03407447,-103.2778079
25.02844856,-103.2676912
25.02720437,-103.2689427
25.02228222,-103.2739168
25.01340835,-103.2681951
25.0120723,-103.2673319
25.00831837,-103.2613282
25.00711761,-103.2594283
25.00142776,-103.2503495
24.99580006,-103.2413766
24.9647753,-103.2458391
24.95769804,-103.2249189
24.94075625,-103.1748765
24.91766578,-103.1595634
24.9171307,-103.1595176
24.87878257,-103.1567329
24.87771391,-103.1340122
24.84498793,-103.1341948
24.83771966,-103.1163191
24.82953764,-103.1157856
24.82579068,-103.1079339
24.82566712,-103.1074382
24.82604242,-103.0966272
24.82383346,-103.0945515
24.82221962,-103.0930253
24.81924443,-103.0743874
24.81854824,-103.0700152
24.81841798,-103.0691528
24.80964193,-103.0530695
24.81064339,-103.033454
24.8091204,-103.0318213
24.80310038,-103.0253661
24.80127093,-103.0233981
24.80116759,-103.0225435
24.80069541,-103.0183927
24.80024019,-103.0144099
24.79857459,-103.0123427
24.79496413,-103.0078721
24.7934154,-103.0059651
24.79373349,-103.0044763
24.79414532,-103.002516
24.79430457,-103.001738
24.79800328,-103.0009436
24.79436646,-102.9905455
24.79738393,-102.986952
24.79777449,-102.9840059
24.79909852,-102.9739658
24.79648781,-102.9734853
24.79347831,-102.9729211
24.79262618,-102.9727682
24.79286184,-102.9713495
24.79329532,-102.9687555
24.79386092,-102.9653299
24.79210514,-102.964544
24.78718188,-102.9623082
24.78666599,-102.9620795
24.78606546,-102.9608511
24.78473852,-102.9581959
24.78185162,-102.9523818
24.77855213,-102.9457214
24.77903498,-102.9363212
24.77921904,-102.9328422
24.77946482,-102.9281197
24.77970053,-102.9235413
24.77664653,-102.9227941
24.77475251,-102.9223285
24.77281316,-102.9218551
24.77389666,-102.9197045
24.77587096,-102.9157523
24.76762397,-102.9074969
24.76697535,-102.9035142
24.7663354,-102.8995849
24.76567773,-102.8955636
24.76555484,-102.8948322
24.76165034,-102.8904063
24.75949509,-102.8879727
24.75806131,-102.8863405
24.75197842,-102.8320248
24.79587207,-102.8310251
24.80119991,-102.8308961
24.80544391,-102.8501528
24.83263216,-102.8160795
24.84767071,-102.8070532
24.88136314,-102.7897113
24.94655477,-102.7641299
24.9675565,-102.7558895
24.97696776,-102.7834781
24.97971309,-102.7915661
25.03918127,-102.7685474
25.02802651,-102.7051756
25.04337991,-102.6949295
25.07691426,-102.6725517
25.06457071,-102.6647551
25.0377006,-102.6434683
25.03158629,-102.6386303
25.03739204,-102.6456954
25.05817433,-102.6710108
25.03798379,-102.6712619
24.98945297,-102.6718502
24.99412669,-102.6545073
24.97832205,-102.6538595
24.97445706,-102.655881
24.97316384,-102.6634876
24.96139074,-102.6707741
24.95516851,-102.655034
24.92022965,-102.5667973
24.88239281,-102.5655614
24.8311819,-102.5295036
24.73521737,-102.5196233
24.73581512,-102.5440993
24.71882784,-102.5539111
24.71256394,-102.549256
24.70465689,-102.5498971
24.66380905,-102.5747545
24.59199702,-102.4873196
24.53327894,-102.4828935
24.51935912,-102.4818489
24.46082219,-102.4915837
24.4560773,-102.4966577
24.44661907,-102.4967942
24.4441984,-102.4813673
24.44576779,-102.4727073
24.43984123,-102.4725546
24.42870141,-102.4794443
24.4260238,-102.4882563
24.42418184,-102.5299601
24.42143036,-102.535659
24.42538263,-102.5450521
24.42622104,-102.5696189
24.41940648,-102.5789647
24.41879061,-102.5859234
24.40928925,-102.6045087
24.40470655,-102.6089195
24.39835627,-102.6149992
24.39177304,-102.6449616
24.38053396,-102.6670866
24.38021411,-102.6697185
24.37721076,-102.6944694
24.37685261,-102.6974454
24.37658897,-102.6995734
24.37932403,-102.7189683
24.37941189,-102.7196018
24.3788878,-102.7210582
24.37688336,-102.7266129
24.37774609,-102.726521
24.38403059,-102.7258125
24.37735551,-102.736295
24.37671898,-102.7555897
24.38358243,-102.7628081
24.39195361,-102.7716044
24.39524693,-102.7792567
24.39694228,-102.779662
24.40240016,-102.7809433
24.40692811,-102.7884663
24.38621207,-102.820777
24.38562248,-102.8310246
24.38193501,-102.8382569
24.38843412,-102.8517077
24.39999273,-102.8609857
24.40594086,-102.8505104
24.43554456,-102.8413169
24.42867541,-102.8560346
24.42004386,-102.8625645
24.42629605,-102.8678065
24.42075129,-102.8692333
24.46055544,-102.8913747
24.46125218,-102.8917562
24.45740209,-102.8936253
24.45154278,-102.8912899
24.45101754,-102.8910769
24.45050855,-102.8927938
24.44986095,-102.8949373
24.44177137,-102.8953259
24.43962598,-102.897485
24.43609304,-102.9010103
24.43517097,-102.9019334
24.43204317,-102.9012923
24.42822641,-102.900499
24.42845034,-102.9010185
24.45760644,-102.9677159
24.43323741,-102.9834177
24.43483538,-102.986233
24.46491871,-103.0391363
24.46692853,-103.0426541
24.42270687,-103.0748131
24.43562995,-103.0869972
24.40263105,-103.09803
24.39940869,-103.1057739
24.40576978,-103.1175462
24.40638416,-103.1293334
24.41024169,-103.1306156
24.41409911,-103.1319127
24.41639913,-103.132676
24.42873205,-103.1367951
24.42853868,-103.1557775
24.43589324,-103.1664905
24.43152918,-103.1783612
24.42308174,-103.1875558
24.42431244,-103.2011438
24.41878431,-103.2234601
24.41810021,-103.2262071
24.41526458,-103.2289835
24.44556254,-103.2554201
24.43509096,-103.2651787
24.43250109,-103.2722661
24.43169154,-103.2747083
24.42895589,-103.2829179
24.42992306,-103.2878386
24.43021092,-103.2892579
24.4311083,-103.2938124
24.43292061,-103.3029453
24.43433164,-103.3100718
24.42689685,-103.3241932
24.42855154,-103.3303045
24.42585495,-103.3589383
24.4200132,-103.4208992
24.4188061,-103.4218824
24.41514794,-103.4248887
24.4143614,-103.4255381
24.41205673,-103.42743
24.41006303,-103.4290625
24.40918509,-103.4297791
24.40223357,-103.4286118
24.39104036,-103.4267358
24.38723371,-103.4261022
24.38256611,-103.4253157
24.37959329,-103.4248201
24.37399802,-103.4292078
24.35918101,-103.4325036
24.35828752,-103.4329311
24.35483241,-103.4345481
24.34895212,-103.4373176
24.34312659,-103.4400491
24.34188666,-103.4406362
24.3414855,-103.4408275
24.33873813,-103.4473808
24.33682503,-103.4481214
24.33278012,-103.4496929
24.32038896,-103.4624266
24.32042164,-103.4628158
24.32129646,-103.4711702
24.32134676,-103.4716128
24.32114882,-103.4723907
24.32024476,-103.4758538
24.31944371,-103.4789751
24.31829438,-103.4834
24.31013163,-103.48649
24.30114733,-103.4852766
24.29876601,-103.4941736
24.29615826,-103.5039082
24.29437063,-103.5047853
24.29101429,-103.5064256
24.2905126,-103.5066774
24.28969179,-103.5070753
24.28851527,-103.5076473
24.28863077,-103.5097903
24.28935518,-103.5240204
24.29452557,-103.5364791
24.29363268,-103.540507
24.29148551,-103.5501889
24.29117173,-103.5516238
24.28982199,-103.5577346
24.28755031,-103.5679592
24.28678419,-103.5683177
24.28476878,-103.5692407
24.28247064,-103.5702939
24.27062106,-103.5688057
24.26162717,-103.5658764
24.26046903,-103.565495
24.25847835,-103.5648537
24.25740161,-103.564503
24.25421778,-103.56335
24.24843826,-103.560321
24.24334493,-103.5576592
24.241313,-103.5565981
24.22989054,-103.5623208
24.2278086,-103.5626327
24.21087093,-103.5651967
24.21041917,-103.5649834
24.19957618,-103.5599319
24.19868615,-103.5599708
24.19307395,-103.5601764
24.18464982,-103.5674168
24.18136345,-103.5737566
24.17827084,-103.579762
24.15114549,-103.605618
24.11791837,-103.6215562
24.11057724,-103.6360602
24.12452869,-103.6448726
24.14916552,-103.6604446
24.13767761,-103.6828903
24.13369932,-103.6906493
24.09209894,-103.7462923
24.09150898,-103.7470929
24.0743324,-103.7696995
24.06292263,-103.7846991
24.05799149,-103.7911772
24.05194453,-103.7991348
24.05139138,-103.7998675
24.04814151,-103.8029952
24.041164,-103.8097242
24.02228829,-103.8129749
24.02372898,-103.8202385
24.02948821,-103.8493067
24.00498849,-103.8482463
24.00984328,-103.8720583
24.0008112,-103.8605677
24.00082036,-103.8605605
23.9924583,-103.8499171
23.96634617,-103.8385409
23.96433194,-103.8376644
23.96997848,-103.8338418
23.96522141,-103.8183078
23.9617448,-103.8190403
23.90820993,-103.8304459
23.90383537,-103.8334143
23.87487799,-103.8530216
23.86162609,-103.8481462
23.85793965,-103.8435759
23.84909903,-103.832598
23.82471276,-103.8310564
23.80680154,-103.8161629
23.79301676,-103.8195129
23.7849901,-103.8342914
23.75904855,-103.8567296
23.73092248,-103.8558594
23.70124585,-103.8410358
23.67956646,-103.8477724
23.67703683,-103.7852098
23.63324643,-103.7939839
23.61746479,-103.8082581
23.61266815,-103.8084943
23.6168098,-103.8192753
23.64009621,-103.8495044
23.62912749,-103.8776346
23.62044221,-103.8735598
23.6185994,-103.878054
23.61274789,-103.8791681
23.59284161,-103.8825167
23.60691084,-103.9029943
23.60393135,-103.905337
23.60185041,-103.9069622
23.59874186,-103.9035294
23.59667958,-103.9051155
23.58978728,-103.8947852
23.58693372,-103.8905205
23.5856198,-103.888811
23.58040791,-103.8888338
23.5764901,-103.9122494
23.58821902,-103.9123945
23.58920824,-103.9212752
23.58281393,-103.919994
23.58175418,-103.9197877
23.57485254,-103.9184143
23.56663765,-103.9167733
23.56567474,-103.9168123
23.55662714,-103.9259898
23.55463003,-103.9296221
23.55275353,-103.9330406
23.55024501,-103.9376254
23.54820117,-103.9413416
23.54721645,-103.9431269
23.53978918,-103.9496725
23.53888036,-103.9504654
23.53833209,-103.9572487
23.52976527,-103.9633908
23.52415887,-103.9759177
23.52261717,-103.9793434
23.52006588,-103.9850359
23.51488791,-103.9965865
23.5075137,-104.0065816
23.49235734,-104.027067
23.46401473,-104.0653748
23.39283345,-104.0861272
23.38318926,-104.0889348
23.37702079,-104.0992808
23.3544178,-104.1068944
23.35204892,-104.1115033
23.32948539,-104.1141732
23.32418004,-104.1103658
23.31689017,-104.1109391
23.25045351,-104.1248319
23.1830608,-104.1295613
23.15493279,-104.1518026
23.1308231,-104.1708605
22.98295823,-104.1738895
22.9756808,-104.1631771
22.97515191,-104.1633376
22.95997061,-104.1678544
22.9495393,-104.1644965
22.94300944,-104.1658937
22.9390073,-104.1546781
22.93098138,-104.1559289
22.92232983,-104.1505883
22.92229014,-104.1416614
22.91844571,-104.1360086
22.91208973,-104.1373276
22.90506769,-104.1329561
22.90398721,-104.1237087
22.90825926,-104.1167506
22.90621271,-104.1143547
22.90538161,-104.1133785
22.90444879,-104.1138672
22.89798323,-104.1172387
22.88785223,-104.110433
22.8837223,-104.1076639
22.88135052,-104.1084727
22.87801201,-104.1095944
22.86699336,-104.1079461
22.85804054,-104.1066186
22.85747354,-104.1069158
22.85553437,-104.1079615
22.85496728,-104.1082661
22.85530522,-104.1107844
22.85600583,-104.1159956
22.85076509,-104.1167816
22.8358351,-104.1063365
22.83403627,-104.1050774
22.83359763,-104.1052835
22.82244758,-104.1106166
22.82100407,-104.1099374
22.81466142,-104.1069694
22.81182365,-104.1099913
22.81028495,-104.1116306
22.80851384,-104.1083423
22.80604408,-104.1130042
22.80614006,-104.0992859
22.80616569,-104.0953871
22.80183081,-104.0949981
22.80114158,-104.094937
22.79681376,-104.0993859
22.79596682,-104.1002404
22.79355754,-104.0991337
22.79215876,-104.0985008
22.7892081,-104.0971421
22.78984872,-104.0934188
22.78690006,-104.0912376
22.78076852,-104.0941216
22.78002935,-104.0937244
22.77733381,-104.0922977
22.77590808,-104.0855913
22.77552124,-104.0853245
22.76903671,-104.0807239
22.76875792,-104.0805249
22.76818076,-104.0809063
22.76544168,-104.0827066
22.76301152,-104.0892
22.76249347,-104.0905809
22.76045871,-104.0960132
22.76846361,-104.1062902
22.76208291,-104.1200696
22.76851374,-104.1409891
22.75999957,-104.1584307
22.75822935,-104.1823417
22.77654834,-104.1999356
22.77996163,-104.2095417
22.77779046,-104.212158
22.77919226,-104.2226794
22.77701613,-104.2275169
22.7665077,-104.2245712
22.75343019,-104.2316754
22.74823709,-104.2504285
22.73909666,-104.2583179
22.73707727,-104.2666335
22.72140042,-104.2694483
22.71808019,-104.2686246
22.71818076,-104.2630022
22.70247425,-104.2777265
22.69390805,-104.2792226
22.68501807,-104.2743466
22.68091946,-104.2752086
22.66964492,-104.2811907
22.66378148,-104.2884156
22.6524452,-104.2807479
22.64961768,-104.2889803
22.6433592,-104.2909868
22.64587717,-104.2803591
22.63635003,-104.2700439
22.62717652,-104.2733316
22.62104802,-104.2831588
22.615527,-104.2758111
22.58665992,-104.2636346
22.58863152,-104.2715845
22.58292983,-104.2789549
22.57728737,-104.277993
22.56108372,-104.2894153
22.55480376,-104.289201
22.55350615,-104.2891482
22.55778045,-104.3057731
22.53378689,-104.3236718
22.52044568,-104.3196582
22.51654756,-104.3156226
22.50048368,-104.323008
22.45439151,-104.3081679
22.43456117,-104.3227334
22.43280757,-104.3240226
22.39380342,-104.3746062
22.38589986,-104.4662838
22.37610229,-104.4934294
22.37535155,-104.4954972
22.37190298,-104.4948335
22.37201538,-104.4934982
22.37229145,-104.4904612
22.36917644,-104.4882566
22.36860699,-104.4886608
22.36045764,-104.494589
22.36021792,-104.4942538
22.35443889,-104.4860978
22.35150022,-104.4819618
22.35116848,-104.4940785
22.34555886,-104.5057434
22.35984681,-104.5170886
22.3660066,-104.5351412
22.37914663,-104.5476995
22.38873725,-104.5491947
22.38565537,-104.5571064
22.39331356,-104.5590522
22.39434294,-104.573037
22.39868609,-104.5799192
22.39988335,-104.5805368
22.41220741,-104.5868689
22.41523999,-104.59282
22.41723163,-104.5931713
22.43033026,-104.5955369
22.4371412,-104.596551
22.44650066,-104.6036624
22.45681612,-104.6025402
22.45863542,-104.6023425
22.46106398,-104.6020908
22.46107365,-104.6025941
22.46275956,-104.6555207
22.52378225,-104.6541555
22.55932177,-104.6667895
22.56047689,-104.6672025
22.56436655,-104.6685831
22.5590852,-104.6809738
22.5537055,-104.7087903
22.5633766,-104.7195946
22.57093179,-104.7200825
22.56091167,-104.7270403
22.55844038,-104.7373868
22.57089643,-104.761465
22.57879246,-104.7631981
22.58540179,-104.7759162
22.59175062,-104.7727873
22.60319021,-104.779441
22.6328037,-104.7742453
22.64358441,-104.7791668
22.64795096,-104.787796
22.64910605,-104.8037494
22.64180701,-104.8031616
22.6343841,-104.8133851
22.64027771,-104.8168491
22.64052165,-104.8293391
22.6465438,-104.8401268
22.65394209,-104.8437052
22.65298294,-104.8582851
22.60936594,-104.8619173
22.58191708,-104.888193
22.50573209,-104.9610789
22.59050598,-104.9786042
22.62303596,-105.0270065
22.62327413,-105.0273641
22.66300435,-105.0864556
22.68678349,-105.0555557
22.71876854,-104.959752
22.7303832,-104.9248991
22.73683208,-104.905551
22.74105655,-104.8928552
22.74859428,-104.9145692
22.75683478,-104.938328
22.80747457,-104.9284476
22.8264198,-104.9297368
22.82656504,-104.9350092
22.82658818,-104.935704
22.82587367,-104.9360311
22.81818841,-104.9395335
22.81645722,-104.9403193
22.82187141,-104.9507027
22.817823,-104.9548997
22.81511821,-104.9576839
22.81389504,-104.9589656
22.81519735,-104.9606672
22.82273595,-104.9705331
22.82607526,-104.974912
22.82876815,-104.9784292
22.83607546,-104.9879895
22.83800414,-104.9878063
22.84626441,-104.9870355
22.84864565,-104.9883395
22.84940926,-104.9887669
22.85170917,-104.9900496
22.85331719,-104.9890728
22.85621169,-104.9873105
22.87871123,-104.987455
22.88518498,-104.9875013
22.88889862,-104.9875236
22.88952937,-104.9882483
22.89251407,-104.9916895
22.90272059,-105.0034318
22.90392878,-105.004813
22.90438184,-105.0053317
22.90463267,-105.0050409
22.90675955,-105.0026004
22.90873786,-105.0003269
22.90929499,-104.9996937
22.91905972,-105.0070399
22.92250841,-105.0094818
22.93239583,-105.0039582
22.94058977,-105.0038052
22.94569697,-105.0003345
22.94808027,-104.9987166
22.95057414,-104.9970152
22.95501077,-104.9986255
22.95503972,-104.9990061
22.96178784,-105.0767221
22.95841751,-105.2406128
22.95606317,-105.2550098
22.9445832,-105.3251564
22.94406044,-105.3283534
22.95001453,-105.3285063
22.95212935,-105.3285593
22.95259233,-105.3285672
22.95297901,-105.3295894
22.95439022,-105.3332212
22.96144657,-105.3315277
22.96296196,-105.3311612
22.96321755,-105.3311002
22.96320684,-105.3311759
22.96299505,-105.3329996
22.96277153,-105.3349456
22.9627039,-105.3355556
22.96320968,-105.3356847
22.9680878,-105.3368836
22.96932279,-105.3423615
22.96952116,-105.3432687
22.96982326,-105.3423152
22.9704382,-105.3403312
22.97140519,-105.3371803
22.97639088,-105.3392868
22.97702703,-105.3388443
22.9804667,-105.3364175
22.9813495,-105.3375933
22.9828607,-105.3399498
22.98308047,-105.3402863
22.98341415,-105.3399735
22.98760298,-105.3360745
22.98870586,-105.3350441
22.98937791,-105.3354643
22.98965567,-105.3356393
22.99413669,-105.338409
22.99588876,-105.3338009
22.99771221,-105.3359987
22.99978385,-105.3384774
23.00571989,-105.3398897
23.00815028,-105.3404696
23.00842676,-105.3436502
23.01100207,-105.343406
23.01146685,-105.3433307
23.01312527,-105.3430708
23.01758782,-105.3500521
23.02005601,-105.3539199
23.02727591,-105.3526539
23.03131418,-105.3519513
23.0355532,-105.3512047
23.036091,-105.3511128
23.03671664,-105.3515775
23.03750294,-105.3521726
23.04266695,-105.3561019
23.04619592,-105.3587879
23.05140991,-105.3511807
23.05217308,-105.3511656
23.05790625,-105.3510369
23.06047746,-105.3509828
23.06296644,-105.3555689
23.06360395,-105.3567431
23.06418034,-105.3578041
23.06871529,-105.358071
23.07395774,-105.3583767
23.0767387,-105.3716672
23.07818628,-105.3790067
23.08249916,-105.3827914
23.08311414,-105.3833248
23.08412976,-105.3842256
23.08150905,-105.3857133
23.08196204,-105.3870095
23.08419161,-105.3934419
23.08663209,-105.3952123
23.09254067,-105.3995147
23.09326456,-105.4000487
23.09716311,-105.3991031
23.09802113,-105.3989042
23.10167297,-105.3980271
23.10306419,-105.4082888
23.11680698,-105.4156056
23.12029266,-105.4235025
23.12057322,-105.4342219
23.11678579,-105.441203
23.11996011,-105.4471164
23.11788794,-105.4557532
23.12888973,-105.5037279
23.12467508,-105.5193984
23.11826353,-105.5305763
23.10478689,-105.5373207
23.10479671,-105.5492078
23.09998041,-105.5501306
23.09899444,-105.5535255
23.09975081,-105.5546012
23.10156266,-105.5571728
23.10425408,-105.560988
23.10992723,-105.5690145
23.10843234,-105.5708299
23.1050122,-105.5750036
23.10943512,-105.5746062
23.11019047,-105.5745382
23.10965118,-105.5774445
23.10920589,-105.5798171
23.11204797,-105.5829841
23.11282725,-105.5838459
23.10955142,-105.5892249
23.10941932,-105.5894385
23.11121607,-105.5945963
23.10984501,-105.5965412
23.10927191,-105.5973652
23.11261967,-105.5998602
23.11408374,-105.6009518
23.11631507,-105.6073221
23.11687735,-105.608917
23.11780141,-105.606674
23.11816693,-105.6057966
23.11904897,-105.6061396
23.12164146,-105.6071319
23.12216942,-105.6129297
23.12219827,-105.6132509
23.12259066,-105.6174544
23.12510402,-105.6179427
23.12615269,-105.6181493
23.12367168,-105.623276
23.12319494,-105.6242449
23.12491688,-105.6255648
23.13392868,-105.6324385
23.14153776,-105.6445016
23.15067746,-105.6470645
23.15144131,-105.6454785
23.15545973,-105.6371768
23.16760429,-105.6390238
23.17298971,-105.633607
23.1731573,-105.6334311
23.18010331,-105.6373752
23.18554334,-105.6404729
23.18568668,-105.6405567
23.18582775,-105.6403506
23.18961497,-105.634926
23.19045867,-105.6349651
23.19666461,-105.6352237
23.20128943,-105.6304786
23.20193145,-105.6298219
23.20722347,-105.6303255
23.20737751,-105.6303407
23.20984764,-105.6322863
23.21256757,-105.6344231
23.21474315,-105.636147
23.21674445,-105.6332934
23.21751487,-105.6321955
23.21931894,-105.6296164
23.21996306,-105.6296464
23.23197423,-105.6302112
23.23622914,-105.6304027
23.23642858,-105.630418
23.23646454,-105.6308219
23.23765528,-105.6424034
23.23957525,-105.6414721
23.24471019,-105.6389928
23.24718061,-105.6405349
23.25156683,-105.6432576
23.25491417,-105.645356
23.25842281,-105.6475462
23.26340338,-105.6466156
23.26527775,-105.643373
23.26554263,-105.6429219
23.2688919,-105.6453253
23.27630194,-105.6430372
23.27652535,-105.6435791
23.28238291,-105.6578761
23.28755764,-105.6629655
23.28481273,-105.6638272
23.28309253,-105.6643695
23.28271749,-105.6644832
23.28259237,-105.6655514
23.28245509,-105.6667494
23.28177855,-105.6727006
23.28219118,-105.6736853
23.28287909,-105.675318
23.28620697,-105.6831993
23.28777223,-105.6868915
23.28809868,-105.6876773
23.30092565,-105.6936513
23.3057695,-105.6900806
23.3079418,-105.6884793
23.30590123,-105.6917977
23.30557028,-105.6923477
23.30603441,-105.6934533
23.30770169,-105.6974281
23.30846634,-105.69926
23.30882148,-105.6976954
23.30985427,-105.6932243
23.31869588,-105.6930185
23.31881413,-105.6930107
23.32446325,-105.7006325
23.32523684,-105.7001833
23.32823864,-105.6984589
23.33244731,-105.7017322
23.33264349,-105.701884
23.33308941,-105.7014649
23.34067559,-105.6941024
23.34065635,-105.6949109
23.34045479,-105.7033724
23.34114083,-105.7035477
23.34392096,-105.7042648
23.34889489,-105.7055314
23.34948177,-105.7056757
23.34960323,-105.706675
23.35055064,-105.7149161
23.35294319,-105.7132299
23.35555715,-105.7113986
23.36498887,-105.711963
23.36805082,-105.7179822
23.36872492,-105.7190353
23.376218,-105.7307553
23.37836557,-105.7203552
23.37911567,-105.7167164
23.3847617,-105.7221485
23.38507188,-105.7224696
23.39155495,-105.7172194
23.39293498,-105.7160984
23.39274921,-105.7139924
23.39252655,-105.7115288
23.39458435,-105.7113073
23.40872464,-105.709796
23.41180988,-105.7038145
23.42090671,-105.7009001
23.4214469,-105.7007172
23.42170989,-105.7011145
23.42615362,-105.7078587
23.42911166,-105.7273293
23.43326344,-105.7299229
23.4337823,-105.7302512
23.43565002,-105.729626
23.43957819,-105.728291
23.4420215,-105.7324411
23.44570369,-105.7386971
23.45271098,-105.7320598
23.45514612,-105.72974
23.46068498,-105.724483
23.46719031,-105.7277796
23.47406458,-105.7243995
23.47499281,-105.7239419
23.47547055,-105.7237129
23.48257512,-105.7300459
23.48556144,-105.7391863
23.48568831,-105.7395751
23.48777326,-105.7412464
23.50043502,-105.7513548
23.50316283,-105.7602434
23.50332685,-105.760221
23.51100332,-105.7590002
23.5231194,-105.7570856
23.52475134,-105.7568254
23.5250709,-105.7571312
23.52799264,-105.7598699
23.53188968,-105.7598317
23.53450581,-105.7598089
23.54139542,-105.7678348
23.54250829,-105.7691323
23.55629158,-105.76888
23.56916701,-105.7854449
23.57403936,-105.7845142
23.57932935,-105.7944021
23.58297744,-105.7948899
23.58895209,-105.806464
23.60729462,-105.8151084
23.60146832,-105.8440855
23.58798855,-105.8449092
23.60163429,-105.8535304
23.59445963,-105.8736428
23.55278163,-105.8925864
23.5892592,-105.9087233
23.64944396,-105.9199849
23.68413669,-105.9264854
23.72637387,-105.9157735
23.73901179,-105.905443
23.74799039,-105.9229228
23.75749696,-105.9204809
23.76194032,-105.9247152
23.76442461,-105.9274015
23.77185586,-105.9244255
23.778058,-105.9280577
23.78898612,-105.928309
23.79469036,-105.9311548
23.79451572,-105.9315975
23.79128567,-105.939387
23.84348787,-105.9612312
23.89353767,-105.9551197
23.9084232,-105.9532968
23.88552665,-105.8989053
23.87912185,-105.8837142
23.87518556,-105.8656023
23.87684043,-105.8629548
23.88943698,-105.8625658
23.89243995,-105.8586512
23.90015912,-105.857919
23.91407607,-105.864351
23.9261451,-105.8789918
23.93331819,-105.8819607
23.93659257,-105.8875914
23.9440121,-105.9003244
23.94788293,-105.9457431
23.96478667,-105.9279815
23.98315275,-105.9086712
23.99745915,-105.9125245
23.99970463,-105.9160498
23.99960067,-105.9176592
23.99890748,-105.9282563
24.00063094,-105.9304998
24.00062146,-105.9305155
24.00698089,-105.9387016
24.00726245,-105.9390597
24.00955372,-105.9400291
24.01328221,-105.9416235
24.01320649,-105.9421045
24.0121611,-105.9486128
24.01761849,-105.960461
24.01880639,-105.9605301
24.0222795,-105.9607285
24.0245102,-105.9608586
24.02608138,-105.9626435
24.02923214,-105.9662372
24.03135927,-105.9686558
24.03915186,-105.977544
24.04007857,-105.9785967
24.0383332,-105.985075
24.04371627,-105.999365
24.05175579,-105.998556
24.05391373,-105.9983347
24.05501452,-105.9989677
24.0567325,-105.999968
24.05913072,-106.0013562
24.06048187,-106.0021415
24.06679025,-106.0058047
24.06974324,-106.0075129
24.07289032,-106.0041334
24.07515985,-106.0016839
24.07761617,-106.0018674
24.08558311,-106.0024707
24.08612977,-106.0016922
24.09042768,-105.9955649
24.09159875,-105.9955807
24.09591965,-105.9956488
24.09720859,-105.9956718
24.09818524,-105.9951228
24.10578603,-105.9908657
24.10627434,-105.9905911
24.10824597,-105.9894847
24.11381878,-105.9899579
24.11377223,-105.9963973
24.12049398,-106.0034236
24.12080313,-106.0034083
24.12454747,-106.0032946
24.1290643,-106.0031574
24.14661376,-106.0026152
24.16479153,-106.0168679
24.18500331,-106.0268473
24.18709263,-106.0278777
24.201547,-106.0350181
24.20223757,-106.0353536
24.22005386,-106.0441585
24.21994562,-106.0679322
24.25038007,-106.0695115
24.26978481,-106.0754787
24.28664609,-106.0943233
24.3021375,-106.1116499
24.33858201,-106.1524383
24.33529574,-106.1629972
24.33374693,-106.1679642
24.35169593,-106.192578
24.37502955,-106.2686528
24.36151556,-106.3282322
24.34632545,-106.3455126
24.31631396,-106.3532951
24.30186797,-106.3662502
24.28125965,-106.4523654
24.27832301,-106.4645879
24.27735307,-106.4692955
24.29147727,-106.5093962
24.28715562,-106.5172238
24.29522647,-106.5283103
24.30981539,-106.5341321
24.32034711,-106.5420585
24.3482258,-106.5630249
24.37919315,-106.5863415
24.39033544,-106.5835713
24.40840961,-106.5965034
24.41486683,-106.601128
24.43906398,-106.5674662
24.45089742,-106.568999
24.45864078,-106.5628658
24.47279003,-106.5600265
24.47853011,-106.5743246
24.49288647,-106.5855327
24.4938015,-106.5936661
24.49160273,-106.5968019
24.48211033,-106.5996781
24.49816279,-106.610588
24.50037249,-106.6252754
24.5171595,-106.6395348
24.5223522,-106.6423501
24.57180065,-106.6691611
24.59834106,-106.6835665
24.62349743,-106.6889456
24.64993385,-106.6999317
24.65703925,-106.7028918
24.66645873,-106.706806
24.6986363,-106.7383088
24.7007795,-106.7404066
24.70334583,-106.7429248
24.72990751,-106.7689493
24.73183,-106.7708263
24.74129988,-106.7801113
24.75036382,-106.7889924
24.8230612,-106.8657697
24.82840258,-106.9030783
24.81395388,-106.9196947
24.82211715,-106.9309869
24.85902164,-106.9514117
24.86661494,-106.9270736
24.87123235,-106.9327118
24.87345758,-106.9306669
24.88052878,-106.934497
24.88881152,-106.9462845
24.88796866,-106.9511365
24.89157726,-106.9547611
24.89625102,-106.9594453
24.8980728,-106.9612765
24.91094883,-106.9741867
24.91471673,-106.9799318
24.92825458,-107.0005394
24.90995117,-107.0204214
24.92867369,-107.0247016
24.93362025,-107.0179422
25.00274854,-107.0606227
25.02071782,-107.0668094
25.02529821,-107.0638568
25.02996988,-107.0673751
25.05302237,-107.1298841
25.06274946,-107.1295174
25.18662219,-107.1248946
25.18864431,-107.1294341
25.2241024,-107.1476385
25.22571088,-107.1322807
25.24224654,-107.1226827
25.25862125,-107.1497977
25.25960187,-107.1522935
25.26160476,-107.1573969
25.33256452,-107.2086609
25.32852169,-107.1712304
25.3393687,-107.1759751
25.38786518,-107.1971708
25.41714536,-107.2099731
25.4369138,-107.184681
25.44126497,-107.1624254
25.4419727,-107.1588245
25.44389736,-107.1602054
25.44466031,-107.1607468
25.44590352,-107.1577031
25.44679197,-107.1555138
25.45468023,-107.156345
25.45537669,-107.1564213
25.45562914,-107.1559176
25.45766248,-107.1517451
25.45801294,-107.1510191
25.45974898,-107.1523401
25.46102452,-107.153308
25.47333308,-107.151363
25.47410837,-107.1512487
25.47638934,-107.1508902
25.48083405,-107.1473649
25.48300519,-107.1456407
25.48983527,-107.1402165
25.49684273,-107.1407734
25.50503617,-107.14867
25.50274783,-107.1651039
25.51349398,-107.1765024
25.51408162,-107.1771284
25.5170317,-107.1765719
25.5217895,-107.1756946
25.52190495,-107.1754954
25.52232705,-107.1748019
25.52387288,-107.1722225
25.52853447,-107.1742823
25.53148489,-107.1701091
25.53158946,-107.1699645
25.53182045,-107.1701175
25.53339994,-107.1712232
25.53703799,-107.1737715
25.54097811,-107.1765182
25.54446766,-107.1758392
25.54319124,-107.1721316
25.54946611,-107.1748162
25.5548791,-107.1733294
25.55597804,-107.1730316
25.55703607,-107.1687135
25.55931508,-107.1695221
25.56129304,-107.1106593
25.57582948,-107.0752892
25.58184474,-107.0606399
25.58268394,-107.0590913
25.6295319,-106.9733345
25.66175895,-106.9943703
25.65695908,-106.9727321
25.64587711,-106.9228579
25.64663079,-106.8947729
25.64254928,-106.8976266
25.59134859,-106.8810696
25.56814603,-106.873577
25.57019204,-106.8391829
25.5821049,-106.8324774
25.58359101,-106.8283946
25.57952864,-106.8259008
25.58194328,-106.8184463
25.57478375,-106.8064832
25.58003838,-106.7762475
25.5853867,-106.7454162
25.57971536,-106.6842266
25.58521489,-106.6900475
25.60236255,-106.7082211
25.59003292,-106.6864084
25.58987978,-106.6842263
25.58962478,-106.6805794
25.57499264,-106.6763754
25.56677492,-106.6703866
25.56463272,-106.6651756
25.56372693,-106.6629631
25.56073788,-106.6556835
25.56303628,-106.6549891
25.5850609,-106.6315519
25.58533281,-106.6312538
25.60311091,-106.6278513
25.60351789,-106.627279
25.6066884,-106.6228229
25.61716337,-106.6177728
25.62319258,-106.6148577
25.64763269,-106.5920453
25.65876445,-106.5698966
25.66799732,-106.5653574
25.67626929,-106.5377383
25.67838596,-106.5360748
25.68061476,-106.5342975
25.68792211,-106.5285074
25.69269182,-106.5283081
25.70751483,-106.5100283
25.7235576,-106.4758326
25.72926352,-106.4636786
25.7315748,-106.4637694
25.74331249,-106.464228
25.73301471,-106.4850559
25.70606416,-106.5395016
25.69448477,-106.5628706
25.75032896,-106.5624898
25.75514058,-106.5649234
25.78282394,-106.5640078
25.79542117,-106.5635888
25.83532842,-106.5622528
25.90776447,-106.5598344
25.95394434,-106.546544
25.95262879,-106.531331
25.94795249,-106.5248004
25.95382022,-106.5025603
25.96780958,-106.4929624
25.97224977,-106.4584225
25.98102854,-106.4549744
26.00421753,-106.4458721
26.00239475,-106.4739258
26.01723598,-106.4678145
26.01707517,-106.4645033
26.02707139,-106.4538758
26.04508243,-106.4556688
26.04846313,-106.4515711
26.05858638,-106.4486726
26.06136175,-106.4415619
26.08001029,-106.4519915
26.08386845,-106.4541508
26.090088,-106.4542656
26.09356936,-106.4543339
26.09419484,-106.4543491
26.10074683,-106.4574843
26.10191926,-106.4580496
26.10866747,-106.4612999
26.11549886,-106.4580338
26.12877767,-106.4262804
26.13335511,-106.4153165
26.15957913,-106.4198411
26.21026468,-106.4285915
26.21600553,-106.4295838
26.225164,-106.4244496
26.21940661,-106.4162245
26.23514837,-106.3980276
26.23852953,-106.3875903
26.25029747,-106.3880789
26.25402375,-106.3946942
26.26325369,-106.3862554
26.30468799,-106.3483831
26.32057393,-106.333863
26.34870247,-106.3135988
26.33672251,-106.3005452
26.33349341,-106.289147
26.3679044,-106.27716
26.36374744,-106.3032004
26.40689713,-106.305093
26.40699047,-106.2959299
26.4020797,-106.2873685
26.40610494,-106.2671511
26.42064532,-106.2683329
26.44075377,-106.2748953
26.44220274,-106.2597349
26.44223854,-106.2594138
26.43870348,-106.2597038
26.43754015,-106.2598039
26.43783197,-106.2560112
26.43790503,-106.2549737
26.43800151,-106.253738
26.43938887,-106.2530585
26.46594646,-106.2401721
26.4667952,-106.2426909
26.46739988,-106.244499
26.46741699,-106.2445374
26.476786,-106.2505645
26.47750079,-106.2502821
26.48188337,-106.2484654
26.4828774,-106.2489314
26.48414927,-106.2495187
26.48941621,-106.2519379
26.49869524,-106.2562254
26.50678157,-106.2556003
26.50782937,-106.2747196
26.51201983,-106.2814181
26.52715211,-106.2702789
26.53129078,-106.2809377
26.5452037,-106.2421027
26.56211017,-106.2404938
26.55951663,-106.2330086
26.56847091,-106.2348401
26.57291861,-106.2322538
26.57480636,-106.231155
26.57743857,-106.23275
26.58021342,-106.2344356
26.58309377,-106.233513
26.58658662,-106.2323988
26.58799588,-106.2366866
26.58822282,-106.2373583
26.59115516,-106.2351606
26.611132,-106.2367021
26.61231699,-106.2368015
26.61184529,-106.2361292
26.61034286,-106.2339858
26.60940825,-106.2326502
26.60870062,-106.2316437
26.6096731,-106.231552
26.61126327,-106.2314151
26.61573404,-106.2310248
26.61586116,-106.2310177
26.61583859,-106.2308429
26.61514244,-106.2259826
26.6279786,-106.2236245
26.63084895,-106.2244411
26.63490767,-106.2255703
26.63548493,-106.2243119
26.63660077,-106.2218858