3306,GUERRERO
18.88671872,-100.6129554
18.88508858,-100.6080137
18.87566905,-100.6047782
18.87591837,-100.5974992
18.85971127,-100.5868782
18.85786847,-100.5767544
18.8495567,-100.5681632
18.84603977,-100.5525994
18.83682012,-100.5410771
18.83614486,-100.5386666
18.8358824,-100.5377447
18.84420231,-100.5385899
18.82934264,-100.5134205
18.83095112,-100.5021376
18.82401044,-100.4934377
18.81046603,-100.489846
18.80566646,-100.4978872
18.78939305,-100.4902501
18.79874134,-100.4817359
18.79496194,-100.4679321
18.7967232,-100.4586485
18.7843701,-100.4556107
18.7788183,-100.4571824
18.77809205,-100.4534598
18.77991871,-100.4523698
18.78137633,-100.4514907
18.78257315,-100.4507809
18.78091934,-100.4484328
18.77684909,-100.4426644
18.77620586,-100.4417474
18.77746311,-100.4416332
18.781126,-100.4412683
18.78272111,-100.4361932
18.77944091,-100.4350497
18.78308821,-100.4305784
18.77554013,-100.4316917
18.77373335,-100.4259929
18.77234192,-100.4262609
18.76644241,-100.4274432
18.76457736,-100.4231094
18.76412454,-100.4222307
18.75960828,-100.4180442
18.75075159,-100.4368585
18.72319844,-100.4442497
18.71613666,-100.4503322
18.70371146,-100.4498509
18.70166433,-100.4470954
18.69450687,-100.4544294
18.69055631,-100.4744717
18.68186105,-100.4544656
18.68103658,-100.4456082
18.67793315,-100.4466313
18.66277894,-100.4659567
18.67215395,-100.4781414
18.65764963,-100.4868309
18.65028257,-100.4887547
18.63969944,-100.4868017
18.61910114,-100.4736859
18.61789219,-100.4651786
18.62481858,-100.4538785
18.62152795,-100.4446233
18.607022,-100.4345001
18.59793118,-100.4341865
18.57639482,-100.4434258
18.56722743,-100.4426713
18.55926302,-100.4479576
18.55865427,-100.4477297
18.51063313,-100.4295103
18.51938834,-100.4160519
18.53800299,-100.406431
18.54123554,-100.3997537
18.54178753,-100.387884
18.53638982,-100.3816569
18.53675113,-100.3773924
18.52061382,-100.3798797
18.49787023,-100.3631389
18.4793763,-100.3668551
18.46531826,-100.3773692
18.46121151,-100.3766972
18.45076502,-100.3831055
18.44717795,-100.3895223
18.4382502,-100.3831514
18.41923428,-100.3836628
18.42142875,-100.3590425
18.39379587,-100.3426917
18.38554128,-100.3311575
18.38055941,-100.3160044
18.37378206,-100.3097642
18.36799546,-100.3044386
18.36663179,-100.3031714
18.36693764,-100.3029118
18.36794029,-100.3020583
18.3701013,-100.300219
18.3742597,-100.2966775
18.37436818,-100.2958706
18.37475121,-100.2929468
18.37551791,-100.292833
18.3783103,-100.2924144
18.38002658,-100.2921536
18.38051077,-100.2918633
18.37788462,-100.2828546
18.37950011,-100.2801143
18.38042326,-100.2785508
18.37874524,-100.2781999
18.37268539,-100.2769564
18.37271684,-100.2764442
18.37287832,-100.2732698
18.37294737,-100.2719966
18.37344926,-100.2716751
18.38167839,-100.2665197
18.3834272,-100.2671207
18.38493074,-100.2676395
18.38822864,-100.2687849
18.39242596,-100.2702413
18.39243953,-100.2702411
18.40793505,-100.2662512
18.40815951,-100.2637481
18.41189737,-100.2653668
18.41274409,-100.2611162
18.41400459,-100.2636953
18.41483482,-100.2634975
18.4172351,-100.2629101
18.41685586,-100.2621992
18.41544088,-100.2595675
18.41978411,-100.2609035
18.42061729,-100.261156
18.42698877,-100.2588826
18.4268831,-100.2573789
18.42688302,-100.2573718
18.4265471,-100.2526025
18.42625192,-100.24843
18.4222112,-100.2468581
18.4180524,-100.2452476
18.4163325,-100.2421033
18.41711826,-100.2413941
18.41912644,-100.2395931
18.41655711,-100.2369456
18.41649757,-100.2368848
18.41687497,-100.2366571
18.41791289,-100.2360394
18.41971462,-100.2349639
18.42272444,-100.2360082
18.42538444,-100.2369315
18.42376588,-100.2339565
18.42510209,-100.2329248
18.4278879,-100.23127
18.42966025,-100.2319273
18.4340182,-100.2339095
18.4314763,-100.2278436
18.43522722,-100.227456
18.43487916,-100.2263346
18.43419268,-100.2241439
18.44150087,-100.2192394
18.44541569,-100.2166448
18.44706892,-100.2118371
18.44838978,-100.208008
18.44589046,-100.20787
18.44243125,-100.2076783
18.44152576,-100.2076332
18.45123615,-100.199325
18.45191825,-100.1988514
18.45554233,-100.1999582
18.45611455,-100.2001333
18.45601382,-100.1992787
18.45572138,-100.1967768
18.4555099,-100.194992
18.45519844,-100.1924192
18.45467412,-100.1879573
18.45440207,-100.1856614
18.45490284,-100.1859131
18.45887262,-100.1879112
18.45940292,-100.1861095
18.45965488,-100.1852408
18.46044576,-100.1825395
18.46463683,-100.1803809
18.46528427,-100.180038
18.46773742,-100.1815868
18.46810228,-100.1818237
18.47155499,-100.1717675
18.48629348,-100.1766569
18.49410425,-100.1744613
18.49985062,-100.1617944
18.49159348,-100.1570868
18.49150791,-100.1567512
18.49029831,-100.151847
18.48879349,-100.145766
18.48885629,-100.1449873
18.4960923,-100.1453849
18.50134372,-100.1426362
18.50220378,-100.1419273
18.50188239,-100.140089
18.5016776,-100.1388989
18.50224039,-100.1383031
18.50493822,-100.135449
18.50531342,-100.1350526
18.50609944,-100.1342142
18.50553538,-100.1339776
18.50366105,-100.1331755
18.50023098,-100.1317187
18.50010306,-100.1316209
18.50120986,-100.1296516
18.50274164,-100.1269272
18.5031229,-100.1270192
18.50732491,-100.1279577
18.50714966,-100.1269664
18.50670242,-100.1244871
18.50575808,-100.1191687
18.50716522,-100.1202379
18.50945868,-100.1219828
18.51015309,-100.1225092
18.5100965,-100.1216017
18.50992782,-100.1189691
18.50989534,-100.1185426
18.51290494,-100.1182071
18.51426551,-100.1198937
18.51651798,-100.1227018
18.51723837,-100.1209605
18.52411616,-100.104329
18.52267941,-100.0930611
18.53913836,-100.0884454
18.54963526,-100.0797535
18.56495909,-100.0720028
18.58370927,-100.072391
18.58906897,-100.0831105
18.5932836,-100.0729324
18.58962287,-100.0662801
18.58863019,-100.0658077
18.58376698,-100.0634964
18.59274997,-100.0525857
18.59618179,-100.0387534
18.60576035,-100.0347403
18.60645326,-100.026134
18.59961887,-100.0164739
18.59088329,-100.0123006
18.58316842,-100.0004672
18.56708772,-100.0048237
18.56326273,-100.0003311
18.56546497,-99.99510283
18.56916911,-99.99051899
18.55307404,-99.96078667
18.55695426,-99.96058647
18.56324061,-99.96027445
18.56360221,-99.95957387
18.56473081,-99.95736707
18.56584583,-99.95882622
18.56658295,-99.95978565
18.5719734,-99.95614844
18.57207142,-99.9553687
18.57247339,-99.95231603
18.57502578,-99.95297305
18.5758577,-99.95224874
18.57825459,-99.94880063
18.57923431,-99.94962357
18.58042441,-99.95060711
18.58608378,-99.9461227
18.58780301,-99.9447561
18.58862679,-99.94410061
18.58902971,-99.94377893
18.58967445,-99.94326852
18.5899701,-99.94238365
18.6018776,-99.90663807
18.61903522,-99.8868785
18.61417674,-99.86908563
18.61719785,-99.8638214
18.61453341,-99.86359957
18.60636415,-99.84741718
18.61984409,-99.84815915
18.62021865,-99.84081869
18.62931956,-99.82347672
18.62695493,-99.81522041
18.64388508,-99.81289389
18.63363257,-99.80011547
18.63294235,-99.78577172
18.63611178,-99.78461888
18.65008825,-99.78458942
18.6536018,-99.78037043
18.66271617,-99.78394786
18.67445111,-99.77370113
18.68725861,-99.77109867
18.69744287,-99.75523851
18.7106142,-99.7569912
18.71825598,-99.75279675
18.7282252,-99.73898764
18.73218385,-99.74034512
18.73838794,-99.73749142
18.73810612,-99.73079892
18.73786574,-99.7250703
18.73639454,-99.722377
18.73379634,-99.71760725
18.73572972,-99.71078049
18.73582409,-99.71043681
18.73399616,-99.70336422
18.73344666,-99.70295297
18.72348458,-99.69563531
18.72243163,-99.69486442
18.717944,-99.68384708
18.71130365,-99.67887181
18.71189574,-99.67675963
18.71231639,-99.67527267
18.71288278,-99.67325828
18.71321734,-99.67206018
18.71359983,-99.67220568
18.71851847,-99.67413385
18.72556865,-99.67690484
18.73174176,-99.68268668
18.73236646,-99.68327475
18.73347864,-99.68259546
18.73508422,-99.68162033
18.76302962,-99.70442534
18.76695353,-99.7076291
18.76909874,-99.7093753
18.77507354,-99.69685617
18.78637718,-99.69712186
18.78553728,-99.69607846
18.78141479,-99.6911645
18.78047017,-99.6856623
18.77978312,-99.68161257
18.77893755,-99.67668391
18.77861247,-99.67498078
18.77682717,-99.6719456
18.77400043,-99.66714599
18.77076438,-99.66165258
18.7545313,-99.65355019
18.7434354,-99.64801024
18.74289851,-99.64725684
18.73885356,-99.64160329
18.73591929,-99.63750596
18.73513801,-99.63733654
18.72830646,-99.63701044
18.72799828,-99.63698726
18.72693814,-99.63693195
18.72626898,-99.63640665
18.72282264,-99.63372021
18.7206594,-99.63202835
18.72095017,-99.63094485
18.72326661,-99.62225314
18.73548223,-99.62239928
18.73481975,-99.61486084
18.73934267,-99.61004696
18.73856147,-99.59001153
18.73562432,-99.58074814
18.73065285,-99.58012348
18.72915984,-99.58017606
18.71988568,-99.58053509
18.71449557,-99.5763929
18.71233141,-99.57468305
18.70920433,-99.57221127
18.70534346,-99.56915173
18.70460666,-99.56781573
18.70227483,-99.56358197
18.70176182,-99.56265056
18.69790919,-99.55564632
18.6922854,-99.53279749
18.68169736,-99.52533466
18.69725301,-99.51064815
18.69612056,-99.48772097
18.69602255,-99.48564697
18.69575122,-99.48025109
18.68577886,-99.48105242
18.66773356,-99.47388847
18.64591553,-99.4652436
18.63475329,-99.45878912
18.61901376,-99.4557442
18.61003165,-99.45401249
18.61289984,-99.44858756
18.61405789,-99.44641543
18.61271436,-99.44299639
18.61257249,-99.44263825
18.61184363,-99.44076724
18.61087477,-99.44075214
18.5971285,-99.44046356
18.59723645,-99.43564124
18.59226371,-99.4354592
18.58892246,-99.42956747
18.58991206,-99.41969519
18.57313952,-99.42185543
18.57259687,-99.42505252
18.56243093,-99.42395313
18.55473707,-99.40815874
18.5523588,-99.40671857
18.52491813,-99.39018325
18.52578274,-99.38524695
18.52082389,-99.38375958
18.5198462,-99.37907454
18.51314534,-99.37890643
18.50482566,-99.36122295
18.4850291,-99.36368686
18.47946055,-99.35788714
18.47657478,-99.35488153
18.46749408,-99.35729303
18.46623965,-99.34619911
18.48561091,-99.35610362
18.4871269,-99.35687351
18.4865224,-99.3554386
18.48223373,-99.34525337
18.483741,-99.33529736
18.48908748,-99.32852216
18.45882716,-99.32781121
18.45430016,-99.30945625
18.45980503,-99.30603808
18.45847992,-99.27770942
18.45411629,-99.27864027
18.45321852,-99.27055909
18.4503919,-99.24758013
18.4559899,-99.24586239
18.4557679,-99.20443414
18.44746362,-99.20660713
18.44180242,-99.19858157
18.42657379,-99.17699716
18.43524532,-99.18284918
18.44999144,-99.1805849
18.45048421,-99.17983503
18.45756575,-99.16897209
18.46641468,-99.1554061
18.46564143,-99.14708278
18.4655732,-99.14634915
18.46525353,-99.14286309
18.46594697,-99.14268026
18.46706334,-99.14236766
18.46789195,-99.14215355
18.46997197,-99.14158843
18.47454115,-99.14483892
18.4744901,-99.14072574
18.47074544,-99.13990291
18.4704367,-99.13985008
18.46403546,-99.13878171
18.45799671,-99.1339359
18.44992876,-99.13563884
18.44905476,-99.13584443
18.44153862,-99.13041149
18.44098751,-99.12430889
18.43480449,-99.1280161
18.43256736,-99.12935028
18.43189632,-99.1297555
18.43158628,-99.12963399
18.42792201,-99.1282743
18.42675528,-99.12784127
18.42341621,-99.1207763
18.41990656,-99.1133289
18.41840655,-99.11015581
18.41001387,-99.10764516
18.40077664,-99.10028933
18.3992783,-99.08926485
18.38672207,-99.07834626
18.38597377,-99.07849257
18.37292105,-99.08114067
18.37327765,-99.08033926
18.37492364,-99.07656253
18.37646425,-99.07301308
18.37658676,-99.07274032
18.3712629,-99.07127365
18.36976959,-99.07086249
18.3676531,-99.06669006
18.36746364,-99.066315
18.36701202,-99.06630098
18.35939823,-99.06614662
18.35930851,-99.06618645
18.35953878,-99.07056483
18.35886804,-99.07051047
18.35548781,-99.07026767
18.3506666,-99.06991594
18.34237432,-99.07579806
18.34234719,-99.07579864
18.33617753,-99.07212822
18.3351602,-99.07152694
18.33256859,-99.06624762
18.33226706,-99.0656358
18.33182279,-99.06605514
18.32759038,-99.06995485
18.32583997,-99.0696962
18.32211935,-99.06915994
18.31942345,-99.06734402
18.31932243,-99.06726802
18.31884932,-99.06667414
18.31885755,-99.06657448
18.3192544,-99.06280455
18.31395745,-99.06321659
18.31131012,-99.06342257
18.30804851,-99.06368198
18.30712801,-99.06375145
18.30412966,-99.05989128
18.30261746,-99.05983848
18.30038992,-99.05976078
18.29632448,-99.05963253
18.28938832,-99.05246621
18.28916669,-99.0522389
18.28783056,-99.05377852
18.28557436,-99.05638931
18.28157469,-99.06099816
18.28452047,-99.06541533
18.28318188,-99.06781914
18.28213269,-99.06969576
18.28008513,-99.0657424
18.27821392,-99.06491108
18.27430514,-99.06318576
18.27150408,-99.0619435
18.27109338,-99.05622216
18.27099465,-99.05487935
18.26689355,-99.05436611
18.26367456,-99.05396178
18.26302258,-99.05387872
18.2626579,-99.05564102
18.26261639,-99.05583133
18.26088982,-99.06423098
18.26083442,-99.06423217
18.25810378,-99.06190414
18.25714781,-99.06218034
18.2535142,-99.06324077
18.25165069,-99.06378263
18.25142779,-99.05517684
18.27227409,-99.03260821
18.26630099,-99.01697542
18.26177177,-99.01444827
18.24883377,-99.02321517
18.24447248,-99.02133079
18.24718025,-99.01052852
18.24397877,-99.00691946
18.25025559,-98.9982357
18.24918104,-98.98886037
18.23864731,-98.99058326
18.23007395,-98.98589049
18.22883635,-98.99269716
18.18975143,-98.99999146
18.18862369,-98.95747004
18.18385616,-98.94014525
18.16727244,-98.87997668
18.1267988,-98.85801238
18.11745064,-98.85232057
18.09345036,-98.85955211
18.05769969,-98.87039491
18.06465776,-98.83043719
18.06481467,-98.82198574
18.0648944,-98.81726936
18.06496909,-98.81354613
18.06497404,-98.81298093
18.05036655,-98.81130375
18.05438559,-98.80548191
18.05342821,-98.80046144
18.06216884,-98.796808
18.05726007,-98.77954078
18.05670456,-98.77905261
18.04911555,-98.77234655
18.04931555,-98.77150022
18.05070418,-98.7654721
18.04971219,-98.76430398
18.04872816,-98.76313805
18.0449864,-98.75873468
18.04673168,-98.7557289
18.04690487,-98.75542457
18.04714147,-98.75501945
18.04579963,-98.7361293
18.04494092,-98.73615919
18.04169629,-98.7362884
18.03425497,-98.74429217
18.02647062,-98.75537129
18.02490268,-98.76443531
18.02038143,-98.76576156
18.01959691,-98.77852691
18.0241246,-98.79394515
18.02306393,-98.79886031
18.01223142,-98.81214278
18.00233596,-98.81389701
18.00314851,-98.80029391
17.99994702,-98.78794971
17.99502984,-98.78225616
17.99462012,-98.77539843
17.98903547,-98.76886818
17.99104957,-98.75998747
17.98374664,-98.749328
17.98564953,-98.74584
17.9853086,-98.74466658
17.98157836,-98.7319786
17.9735045,-98.71728277
17.96619357,-98.7134458
17.97025787,-98.71111801
17.96494517,-98.70720516
17.95896363,-98.70912769
17.95549361,-98.70561752
17.95405429,-98.70104048
17.9607272,-98.68946631
17.96142415,-98.6882611
17.95791817,-98.68636824
17.95567541,-98.68515608
17.95050329,-98.6745579
17.94981055,-98.67314541
17.94410194,-98.67307826
17.94276302,-98.67306347
17.94368881,-98.66624226
17.94402248,-98.66376079
17.93653032,-98.65150117
17.93477708,-98.65156284
17.93320437,-98.65160829
17.93340207,-98.64467999
17.93346188,-98.64250534
17.93292721,-98.63882874
17.93678366,-98.63984218
17.94328227,-98.63350322
17.94501991,-98.62711765
17.9425711,-98.62240122
17.96035352,-98.60646468
17.96337869,-98.59707851
17.9593789,-98.59579792
17.96210119,-98.5934008
17.96557781,-98.59514088
17.97474788,-98.58597926
17.97606086,-98.57761732
17.97248198,-98.56949092
17.97274976,-98.55553622
17.97388227,-98.55522425
17.97900516,-98.553796
17.97470194,-98.54407675
17.9838267,-98.53811886
17.97491171,-98.53558388
17.97659663,-98.5293906
17.9852644,-98.52520136
17.99612134,-98.52642945
17.99230411,-98.5117276
17.99523928,-98.50100642
17.98927943,-98.49568292
17.99106544,-98.48769455
17.98857077,-98.48468865
17.98101381,-98.47638003
17.99235473,-98.4701925
17.99182754,-98.44864625
17.98767422,-98.44510502
17.99340937,-98.43483689
17.98392434,-98.43233268
17.97823155,-98.42612418
17.97493944,-98.42846418
17.9770178,-98.43217434
17.96516571,-98.43210443
17.94884394,-98.42276686
17.93820733,-98.42391106
17.92577924,-98.43260855
17.92253098,-98.44401428
17.91322563,-98.43679649
17.90195527,-98.43295132
17.89121796,-98.43629319
17.88859489,-98.43362197
17.89255075,-98.42433754
17.88929502,-98.42619109
17.86501777,-98.42377954
17.8057729,-98.42597103
17.79708268,-98.43473762
17.79549843,-98.44635625
17.77802538,-98.47232688
17.76549273,-98.47228063
17.7583946,-98.48226778
17.74118274,-98.47941537
17.7447998,-98.47553889
17.7204624,-98.47720319
17.71213805,-98.48347536
17.70294233,-98.48383328
17.691675,-98.49029495
17.67748786,-98.47220485
17.65453611,-98.4546887
17.61903326,-98.42761898
17.59913285,-98.40974106
17.60353009,-98.3983429
17.60482326,-98.38782208
17.60612472,-98.37730083
17.58332536,-98.36502447
17.58480853,-98.35947862
17.57918025,-98.36147722
17.57918829,-98.36106467
17.57930486,-98.35652592
17.57934696,-98.35491552
17.57738258,-98.35406046
17.57142588,-98.35148299
17.56556873,-98.35377051
17.56328881,-98.34559229
17.54800647,-98.34493589
17.53108859,-98.32921102
17.52498924,-98.33334006
17.51679953,-98.33037183
17.5114041,-98.33076773
17.50678158,-98.32032193
17.47738402,-98.31174667
17.47844144,-98.32821148
17.47401986,-98.32886862
17.45542078,-98.33553716
17.39420711,-98.30494155
17.32890752,-98.28740055
17.32741658,-98.30483548
17.30228517,-98.31786669
17.28105878,-98.32252734
17.27584291,-98.32352
17.24124871,-98.29861646
17.23822725,-98.29377121
17.2381088,-98.28827918
17.24997562,-98.27721491
17.24626123,-98.26483157
17.25039959,-98.25588342
17.25037676,-98.24024303
17.23577888,-98.21954202
17.22484092,-98.21395017
17.2157616,-98.20302515
17.20380003,-98.20043856
17.19857591,-98.20495548
17.19105529,-98.20482658
17.1868502,-98.21741378
17.18380048,-98.21435386
17.16879507,-98.21691083
17.16404305,-98.22036765
17.15994604,-98.21874871
17.1521534,-98.22212181
17.15103086,-98.22528136
17.14471098,-98.22037389
17.12333767,-98.22285502
17.12237517,-98.22296829
17.12415669,-98.21556874
17.12406494,-98.21546793
17.11864835,-98.21309679
17.11907476,-98.20255956
17.11912061,-98.20152265
17.11673662,-98.19906619
17.11585626,-98.19814877
17.1168195,-98.19625056
17.11925212,-98.19145141
17.11757781,-98.18531672
17.11710836,-98.18356139
17.11701907,-98.18324918
17.1105251,-98.17727414
17.10931444,-98.17616176
17.10507658,-98.17227095
17.10298602,-98.1703542
17.10222619,-98.16965208
17.10330204,-98.16091057
17.10830914,-98.15222592
17.10264056,-98.15097522
17.09465462,-98.12964339
17.09545399,-98.11765773
17.08426771,-98.10019241
17.06457983,-98.0788843
17.06292725,-98.07070564
17.05715388,-98.04574111
17.04002676,-98.00730961
17.01734253,-98.02769764
17.00509995,-98.04515404
17.0012353,-98.05066873
16.959091,-98.11140952
16.95713211,-98.10901348
16.95147912,-98.10624323
16.950416,-98.1057314
16.94188356,-98.10744979
16.93937184,-98.10010218
16.93560499,-98.09905707
16.93395879,-98.0986064
16.92370664,-98.09576076
16.91396695,-98.08758033
16.91343032,-98.08713125
16.90605162,-98.08564979
16.88147039,-98.08073659
16.88123396,-98.07994386
16.8805606,-98.07773111
16.87997031,-98.07580204
16.87474823,-98.07327563
16.87409782,-98.07296359
16.86844475,-98.07566315
16.86703727,-98.07634312
16.86038452,-98.07570941
16.85513336,-98.07519767
16.85480605,-98.0754109
16.8434459,-98.08290337
16.84173297,-98.0840254
16.84140477,-98.08424799
16.84089339,-98.0840703
16.83671383,-98.0826303
16.83409792,-98.08172957
16.83325552,-98.08196674
16.83128686,-98.08301862
16.82574262,-98.08602553
16.82119427,-98.08849549
16.81695002,-98.08742062
16.81560511,-98.08708614
16.81239961,-98.09359274
16.81209967,-98.09420344
16.81128335,-98.09405781
16.80926061,-98.09369325
16.80754524,-98.09338795
16.80586953,-98.09308857
16.80009358,-98.09977963
16.79958653,-98.10036799
16.79880319,-98.10010192
16.79529682,-98.09892637
16.79374839,-98.09840077
16.79341137,-98.09828612
16.79282772,-98.0987501
16.79237693,-98.09911661
16.78547998,-98.10467167
16.78485239,-98.10518135
16.76951828,-98.10736356
16.76677548,-98.10776177
16.76237994,-98.10838689
16.76038221,-98.10866803
16.76032708,-98.11178256
16.76028309,-98.1142456
16.75960853,-98.11425287
16.75746795,-98.114292
16.75710821,-98.11429977
16.75545044,-98.11960946
16.75505906,-98.12329545
16.75934866,-98.12479829
16.76106137,-98.12882594
16.76127379,-98.12931422
16.76113619,-98.12962024
16.76113638,-98.12962726
16.75866966,-98.13513521
16.7585343,-98.13544115
16.75809929,-98.13541819
16.7517521,-98.13501488
16.7507497,-98.13495393
16.75074553,-98.12576804
16.75074294,-98.12501861
16.74721537,-98.12742923
16.74535184,-98.12870403
16.74013885,-98.12648469
16.73970191,-98.12630022
16.73887228,-98.12741484
16.73762745,-98.12909378
16.73482748,-98.13288649
16.73317899,-98.13509887
16.73147829,-98.13738759
16.73078226,-98.13765294
16.72855443,-98.13775971
16.72665232,-98.13785269
16.72503972,-98.13792821
16.72292005,-98.14120262
16.7232233,-98.1428029
16.72521526,-98.15341622
16.72539203,-98.15436204
16.72495105,-98.1548052
16.72021237,-98.15961099
16.7193505,-98.16048964
16.72162108,-98.16707454
16.71899852,-98.17389349
16.71877241,-98.17448984
16.71575818,-98.1781067
16.71182729,-98.18280476
16.71153934,-98.18288296
16.71119099,-98.18298156
16.70721154,-98.18411702
16.70522251,-98.18468939
16.7062951,-98.19304431
16.69966661,-98.19537154
16.69911357,-98.19673065
16.69786647,-98.19980392
16.69728077,-98.2012552
16.69752745,-98.20168155
16.69957006,-98.2053293
16.6997201,-98.20559443
16.70132113,-98.20502367
16.7124834,-98.20107842
16.71174788,-98.20545848
16.70915547,-98.22098312
16.7088732,-98.22266262
16.68421253,-98.22396639
16.68046101,-98.20847117
16.67356389,-98.21694927
16.61119463,-98.21015075
16.59475791,-98.19836336
16.59387147,-98.1989422
16.58634744,-98.20395408
16.58411521,-98.20841796
16.56339458,-98.24992254
16.5613768,-98.28640809
16.56119197,-98.2909318
16.57325228,-98.29467834
16.57148406,-98.31429432
16.58448776,-98.38161797
16.5105276,-98.38339587
16.49831716,-98.38624927
16.49641532,-98.38669169
16.49992554,-98.36849356
16.49953256,-98.36833321
16.49705821,-98.36902002
16.49234528,-98.37030322
16.49122407,-98.3706155
16.49138277,-98.36741806
16.4916746,-98.36132305
16.49186685,-98.35738599
16.48786807,-98.35320407
16.48304627,-98.35670659
16.48170662,-98.35767454
16.47899346,-98.35740003
16.47751833,-98.35725654
16.44560603,-98.35045024
16.42355897,-98.36693883
16.42154805,-98.36844026
16.38042151,-98.40123941
16.38047544,-98.42064144
16.36265922,-98.44417201
16.35948833,-98.46809811
16.35887201,-98.47485147
16.35979851,-98.47550749
16.36270774,-98.47757504
16.36397146,-98.47847474
16.36413048,-98.47942825
16.36462381,-98.48235843
16.36462436,-98.48238177
16.36497135,-98.48441885
16.36188553,-98.48708023
16.36123321,-98.5044911
16.36750832,-98.5178367
16.36373887,-98.53642139
16.34681643,-98.53783953
16.34246521,-98.54273996
16.3322506,-98.54240195
16.32550096,-98.54693426
16.32571253,-98.5497798
16.32089832,-98.54756736
16.31563748,-98.55300751
16.31585515,-98.55335228
16.31687524,-98.55417438
16.31833826,-98.55499246
16.31925089,-98.55662506
16.31982011,-98.55744907
16.32050548,-98.55978309
16.32083764,-98.56083714
16.32209196,-98.56247767
16.32310545,-98.56457481
16.32401993,-98.56668144
16.3249259,-98.56925059
16.3260531,-98.57041809
16.32718608,-98.57100642
16.32764209,-98.57088539
16.32776266,-98.57054152
16.32740994,-98.56971672
16.32729691,-98.56843536
16.32820348,-98.56703066
16.3302376,-98.56607662
16.33227146,-98.56584172
16.33543286,-98.56654319
16.33860186,-98.56781658
16.34164749,-98.56921451
16.34448498,-98.57189964
16.35184115,-98.57914824
16.37301928,-98.60121943
16.39203892,-98.62050016
16.41478305,-98.64222826
16.41834926,-98.64637051
16.42859109,-98.65696138
16.43357369,-98.66268483
16.4379938,-98.66842223
16.44104917,-98.67273935
16.44444231,-98.67764443
16.4511313,-98.6862962
16.45599903,-98.69298017
16.46018933,-98.6976569
16.46617723,-98.70290808
16.47040282,-98.70674556
16.47941563,-98.71168019
16.48382565,-98.71529655
16.48846938,-98.71892863
16.49502504,-98.72407249
16.49887432,-98.72758135
16.50033832,-98.72861972
16.50158815,-98.72873978
16.50238135,-98.72870933
16.50271723,-98.72885568
16.5036284,-98.73049628
16.50475751,-98.73179277
16.50599957,-98.73202058
16.50780133,-98.733189
16.50950877,-98.73411889
16.51074464,-98.73575894
16.51187741,-98.73681232
16.51403481,-98.73810339
16.51561733,-98.73914854
16.5169754,-98.74055204
16.51821368,-98.74184149
16.52036992,-98.74441864
16.52477427,-98.74815881
16.53580162,-98.75819968
16.53721693,-98.75938944
16.54106203,-98.76278352
16.54287079,-98.76500476
16.54480003,-98.76628552
16.54638376,-98.76687286
16.54864801,-98.76768985
16.54999606,-98.76827805
16.55316579,-98.7713213
16.55440763,-98.77236806
16.55475422,-98.77389175
16.55485704,-98.7753042
16.55521257,-98.77869858
16.55532257,-98.78221561
16.55498493,-98.7853759
16.55477111,-98.78795332
16.55476613,-98.79064749
16.55545112,-98.79228732
16.55567744,-98.79357766
16.55568096,-98.79462995
16.55545853,-98.79592602
16.55613563,-98.79767364
16.55771611,-98.80283116
16.55794492,-98.80634084
16.55727062,-98.80891955
16.55614088,-98.81056159
16.55422613,-98.81420014
16.55422007,-98.81607581
16.5549067,-98.81864881
16.55467975,-98.82063949
16.55389979,-98.82298195
16.55276687,-98.82696479
16.55163775,-98.83118367
16.55016934,-98.83716411
16.54814165,-98.84278771
16.54690757,-98.8454817
16.54588706,-98.84665548
16.54329409,-98.8481831
16.54091955,-98.85017335
16.53888575,-98.85217214
16.53662636,-98.85368966
16.53448603,-98.85486537
16.53256398,-98.85521771
16.53052653,-98.85533886
16.52929106,-98.85616191
16.52861369,-98.85697928
16.52838607,-98.85826808
16.52872071,-98.85990886
16.52906191,-98.8620218
16.53075577,-98.86705016
16.53292054,-98.87689168
16.5348388,-98.88404073
16.53506536,-98.88672692
16.53574685,-98.89164759
16.53574239,-98.89445591
16.53563809,-98.89680583
16.53484687,-98.89774484
16.5350772,-98.90278789
16.53473914,-98.90523655
16.534293,-98.90758707
16.53575758,-98.91039293
16.53574986,-98.91132372
16.5355312,-98.91203475
16.53597725,-98.9130957
16.53768584,-98.91543791
16.53960079,-98.91859632
16.54153094,-98.92292831
16.54356633,-98.9284296
16.54547967,-98.93370927
16.54695392,-98.93908766
16.55000957,-98.94729115
16.55497685,-98.96263454
16.56221176,-98.98114978
16.57012343,-99.00470397
16.58842723,-99.06247557
16.59451491,-99.08251685
16.59778972,-99.09540466
16.59993086,-99.10677286
16.60075535,-99.11199788
16.60132705,-99.11263158
16.60225584,-99.11312683
16.60302438,-99.11274585
16.60366042,-99.11193019
16.60400372,-99.10267571
16.6039997,-99.10067568
16.60377773,-99.09715967
16.60366794,-99.0951759
16.60293672,-99.09388594
16.60228131,-99.08984105
16.601638,-99.08785918
16.60098635,-99.08453243
16.60026263,-99.08259441
16.59996621,-99.08214451
16.59931957,-99.08045753
16.59937003,-99.0803278
16.59844372,-99.07772509
16.5982124,-99.07605509
16.59683176,-99.07237665
16.59648527,-99.0703021
16.59572598,-99.06891468
16.59542799,-99.0680438
16.59528285,-99.06663168
16.59517218,-99.06651005
16.59502384,-99.06533659
16.59545307,-99.06331344
16.59626149,-99.0618179
16.59761359,-99.05992715
16.59799901,-99.05928502
16.59811391,-99.05865099
16.59839823,-99.05711742
16.5979034,-99.05496651
16.59791201,-99.05392069
16.59856043,-99.04976408
16.59916085,-99.05006941
16.60031703,-99.04967982
16.60150155,-99.05020661
16.60323445,-99.0498936
16.61239374,-99.05029707
16.61378962,-99.05061822
16.61426288,-99.05082335
16.61617752,-99.05142589
16.61837075,-99.05191487
16.62075114,-99.05222909
16.62642731,-99.05414361
16.62918877,-99.05553074
16.63040768,-99.05602655
16.63123753,-99.05686758
16.6312718,-99.05774427
16.63107533,-99.05824683
16.63610872,-99.06690722
16.63695105,-99.06752579
16.63778255,-99.06896825
16.63788162,-99.07033265
16.63759445,-99.07081374
16.63501115,-99.07721414
16.63459576,-99.0789778
16.63235629,-99.0936863
16.63254372,-99.0953132
16.63417418,-99.09800484
16.63539329,-99.0993855
16.63621519,-99.10127758
16.63711492,-99.10444563
16.64140063,-99.11324999
16.64218308,-99.11910928
16.64229573,-99.13481036
16.64127056,-99.13692351
16.62973751,-99.14006831
16.62872933,-99.1406624
16.62760374,-99.14031132
16.62477502,-99.13913684
16.62364369,-99.13901519
16.62228569,-99.13549644
16.62115895,-99.13315446
16.61924277,-99.13198698
16.61743821,-99.13198698
16.61596168,-99.13034018
16.61483025,-99.12740889
16.61302983,-99.12295453
16.6119029,-99.12107836
16.60987785,-99.120407
16.60904203,-99.12063495
16.60861853,-99.12113037
16.60819515,-99.12203984
16.60705065,-99.12444279
16.60684278,-99.12489159
16.60636617,-99.12590742
16.60553318,-99.12850034
16.60997284,-99.14076254
16.6143638,-99.1547156
16.62562991,-99.19820489
16.63327806,-99.22740235
16.63979866,-99.25600758
16.64205335,-99.26421568
16.64666023,-99.28227575
16.65385345,-99.31310549
16.66573934,-99.36729306
16.6688739,-99.38289483
16.6716706,-99.39720004
16.67635987,-99.4234698
16.67849228,-99.43355494
16.67937934,-99.44059035
16.68183067,-99.45665713
16.68227273,-99.46193624
16.68404429,-99.48022558
16.68480583,-99.48783959
16.6850569,-99.49041902
16.68613467,-99.50191512
16.68630109,-99.50423631
16.68689991,-99.51258141
16.68733408,-99.51973817
16.68841623,-99.53803404
16.68851081,-99.54389325
16.68915965,-99.5552782
16.68937858,-99.56257238
16.68866784,-99.57097833
16.68728321,-99.58069969
16.68590621,-99.58925979
16.68521942,-99.59254151
16.68464692,-99.59452455
16.68360531,-99.59602656
16.6831628,-99.59872818
16.6828166,-99.60187982
16.68287673,-99.6039314
16.68282332,-99.6051681
16.68305699,-99.60609089
16.68331812,-99.60661767
16.68675509,-99.62295144
16.68727097,-99.62537909
16.69598533,-99.65646146
16.70214451,-99.67454275
16.70975934,-99.69309057
16.71907886,-99.71341714
16.72311416,-99.72057983
16.73075081,-99.73491592
16.73714371,-99.74713147
16.74310021,-99.75724788
16.75220189,-99.76959976
16.77975791,-99.80384122
16.78604447,-99.81277745
16.78929844,-99.81865181
16.7910734,-99.82592934
16.79087398,-99.82818808
16.79047628,-99.82884314
16.78951219,-99.82895198
16.7884432,-99.82929435
16.78702304,-99.82969142
16.78566047,-99.83040143
16.78350202,-99.83455985
16.78310103,-99.83561072
16.78304185,-99.83642906
16.78382854,-99.83707722
16.78461922,-99.83877696
16.78354716,-99.84513391
16.78908649,-99.84491868
16.79230958,-99.85007062
16.79235324,-99.8512973
16.7927956,-99.85318299
16.79307412,-99.8556006
16.79403151,-99.85753221
16.79521021,-99.85853752
16.79560876,-99.8591872
16.79684101,-99.85889639
16.79702423,-99.85783012
16.79736366,-99.85695817
16.79856783,-99.85409114
16.79867275,-99.85315255
16.79929831,-99.85280084
16.79941849,-99.85174723
16.79936804,-99.84887856
16.79876142,-99.84757393
16.7980852,-99.84629381
16.79589329,-99.84388257
16.79606921,-99.84294288
16.79527389,-99.84216593
16.79449369,-99.84134191
16.79404293,-99.840754
16.79410241,-99.83987705
16.79495275,-99.83876988
16.7962001,-99.83765648
16.79755983,-99.83690203
16.79936869,-99.83638882
16.8011762,-99.83609347
16.80303763,-99.83616972
16.80574827,-99.83700102
16.80626133,-99.83752708
16.80900938,-99.84093701
16.80911592,-99.84205978
16.80973622,-99.84376018
16.81052636,-99.84534784
16.81097226,-99.84622405
16.81062555,-99.84775917
16.80993027,-99.84968858
16.80857097,-99.85055775
16.8074995,-99.85073372
16.8058076,-99.8503665
16.80574409,-99.85229772
16.80601934,-99.85511384
16.80691331,-99.85765332
16.80775511,-99.85970639
16.80864902,-99.86036251
16.80978387,-99.8608275
16.81033861,-99.86182623
16.81050442,-99.86323859
16.81055389,-99.86417017
16.8105464,-99.86498551
16.81003512,-99.8657571
16.80953384,-99.86604595
16.80913511,-99.86593264
16.80885504,-99.86528339
16.80823317,-99.86534454
16.80822768,-99.86622074
16.80850439,-99.86726593
16.80832677,-99.86809794
16.81019579,-99.87004389
16.81159173,-99.87180744
16.81255077,-99.87315607
16.81294439,-99.87409643
16.81349705,-99.87503435
16.81383649,-99.87597322
16.81473672,-99.8764443
16.81547541,-99.87634627
16.81582204,-99.87533827
16.81678166,-99.87364614
16.81729799,-99.87259334
16.81769673,-99.8713643
16.81826165,-99.86984454
16.81855323,-99.86948629
16.82109351,-99.87032564
16.82307172,-99.86980784
16.82403732,-99.86916741
16.82505367,-99.86828956
16.82615213,-99.8674737
16.82870042,-99.86768738
16.8296122,-99.86581068
16.83014023,-99.86549794
16.83052179,-99.86496254
16.83172666,-99.86535159
16.83202799,-99.86441444
16.83263045,-99.86417785
16.83369574,-99.86411686
16.83459492,-99.86332976
16.8351276,-99.86271234
16.83505886,-99.86169654
16.83483435,-99.86114706
16.8351356,-99.86004821
16.83506696,-99.8591191
16.8345377,-99.85879694
16.83371756,-99.85754678
16.83500499,-99.85426534
16.83449276,-99.85309008
16.83523971,-99.8523123
16.8365327,-99.85129875
16.8384936,-99.85083243
16.8405979,-99.85076453
16.84233103,-99.85093204
16.84450987,-99.85165029
16.84639744,-99.85243402
16.84842167,-99.85385301
16.8513474,-99.85637109
16.85322583,-99.85840171
16.85494767,-99.86139324
16.85553531,-99.86334553
16.85551832,-99.86648824
16.85650189,-99.86780876
16.85731305,-99.86961705
16.85775863,-99.87118962
16.85730927,-99.8717988
16.85730144,-99.87259333
16.85842611,-99.87431715
16.85857591,-99.87524752
16.85917036,-99.87705686
16.8596763,-99.8808923
16.85959806,-99.88300727
16.85943749,-99.88441109
16.85883114,-99.88612639
16.85776811,-99.88706595
16.85738302,-99.88855286
16.85631345,-99.89197881
16.85480053,-99.89605354
16.85259206,-99.90009657
16.85116804,-99.90016509
16.84912699,-99.90008131
16.84814429,-99.90024153
16.84841888,-99.90507847
16.84849165,-99.90696366
16.84811007,-99.90742872
16.84720961,-99.90758061
16.84600806,-99.90758241
16.84495315,-99.90693997
16.84427307,-99.90663629
16.84367234,-99.90764358
16.84320911,-99.90928376
16.8431205,-99.91084798
16.84244592,-99.91085584
16.84117336,-99.91029868
16.84094452,-99.90942817
16.83997227,-99.90888524
16.83914062,-99.90879473
16.83816625,-99.90761922
16.83787209,-99.90659742
16.83742339,-99.90549831
16.83668239,-99.90471291
16.83676055,-99.90393384
16.83727859,-99.90354641
16.83773663,-99.90338481
16.84098889,-99.89911317
16.84099962,-99.89675585
16.84055979,-99.89612991
16.83958444,-99.8942539
16.83778995,-99.89181872
16.83620129,-99.89181017
16.83257557,-99.89390858
16.83097874,-99.89851102
16.83111273,-99.90281295
16.83058284,-99.90484294
16.8306494,-99.90516291
16.83026559,-99.90546863
16.82920909,-99.90679667
16.82890763,-99.90710113
16.82830376,-99.90780378
16.82820275,-99.90888538
16.82807422,-99.90953396
16.82791418,-99.91155594
16.82813025,-99.91272411
16.82774393,-99.91422002
16.83120561,-99.9165013
16.8318847,-99.91673706
16.83270122,-99.91768302
16.83314541,-99.91838624
16.83420229,-99.91909429
16.83540361,-99.91980486
16.83600872,-99.91918657
16.83955392,-99.9190488
16.84091456,-99.91888771
16.84362998,-99.91749948
16.84431652,-99.9162496
16.84461832,-99.91524217
16.84477306,-99.91460953
16.84597258,-99.91462422
16.84680137,-99.9157997
16.84716746,-99.91680644
16.84709025,-99.91838458
16.84775946,-99.92041543
16.84836406,-99.92097104
16.84887932,-99.92167328
16.84903346,-99.92245126
16.85029939,-99.922697
16.85090956,-99.92308618
16.85157948,-99.92379549
16.85451886,-99.9235732
16.85497208,-99.92435844
16.85617013,-99.92483253
16.85745435,-99.92436565
16.85843172,-99.92390102
16.85926372,-99.92336828
16.85930561,-99.92248887
16.85935556,-99.92145936
16.86049647,-99.92374109
16.8601657,-99.92461782
16.85971408,-99.92524327
16.85986049,-99.92611516
16.86059717,-99.92837957
16.8599198,-99.92899902
16.85984593,-99.93009684
16.86013976,-99.93118682
16.86058038,-99.93228631
16.86163978,-99.9326079
16.86291026,-99.9325303
16.86403989,-99.93254619
16.86487676,-99.93301174
16.86531983,-99.93363785
16.86599428,-99.93426988
16.86651109,-99.93630805
16.86883307,-99.94038161
16.87003012,-99.9407856
16.87311254,-99.94306687
16.87917704,-99.95091711
16.88082746,-99.95327622
16.88157299,-99.95374799
16.882399,-99.9553975
16.88313734,-99.95657956
16.88418931,-99.9576773
16.88471766,-99.95728745
16.8851037,-99.95705204
16.88622518,-99.95721123
16.88765718,-99.95705879
16.88946493,-99.95723596
16.89119287,-99.95825813
16.89322407,-99.95950791
16.89494699,-99.96139984
16.89621267,-99.96352124
16.89696483,-99.96563619
16.89986782,-99.97199042
16.90196393,-99.97544768
16.90254476,-99.97717147
16.90359844,-99.97890242
16.90449215,-99.98023723
16.90494014,-99.9814051
16.90635797,-99.98328317
16.9069549,-99.98478646
16.90770036,-99.98651029
16.90882014,-99.98854751
16.90941538,-99.99043064
16.91030341,-99.99285808
16.91105893,-99.99458186
16.91157822,-99.9955214
16.9120984,-99.99677976
16.91247054,-99.99819032
16.91312324,-100.0003282
16.91556944,-100.007225
16.91679282,-100.0108716
16.91790786,-100.0139314
16.92024788,-100.0208653
16.92391642,-100.0320357
16.92458111,-100.0339206
16.92547823,-100.0361492
16.92613957,-100.0383835
16.92670439,-100.0401456
16.92737611,-100.0418006
16.92803908,-100.0435637
16.92859594,-100.045326
16.92960171,-100.0476774
16.93027485,-100.0494474
16.93126609,-100.0528495
16.93471078,-100.0642545
16.93560531,-100.0664905
16.93637829,-100.0688408
16.93671,-100.0708409
16.93715402,-100.0723658
16.93849354,-100.0761267
16.93893414,-100.0780034
16.93993699,-100.0809555
16.94071913,-100.0834207
16.94138024,-100.0857797
16.94326101,-100.0923543
16.94381284,-100.0951792
16.94413825,-100.0967129
16.9447053,-100.0987028
16.94514148,-100.1003429
16.9454721,-100.1021134
16.94580325,-100.1041043
16.94601868,-100.1062257
16.94633708,-100.1084607
16.94655505,-100.1099865
16.94677101,-100.1119791
16.94687757,-100.1139778
16.9470912,-100.115968
16.94752926,-100.1178613
16.94808814,-100.1198515
16.94874988,-100.1215003
16.94942781,-100.1229121
16.95043028,-100.1245587
16.95143154,-100.1272769
16.95254732,-100.1298623
16.95377717,-100.1336304
16.95466876,-100.1356233
16.95533358,-100.1376217
16.95588186,-100.1395067
16.95677954,-100.1412698
16.95767005,-100.1432745
16.95834162,-100.1449164
16.95912187,-100.1466787
16.95989954,-100.1483262
16.9605698,-100.1498673
16.96146163,-100.1519871
16.9618012,-100.1531621
16.96224578,-100.1539793
16.96302364,-100.1549187
16.96369383,-100.1564598
16.96592119,-100.1621054
16.96782488,-100.1670495
16.96903523,-100.1702229
16.97049232,-100.1741061
16.97127084,-100.1757539
16.97171707,-100.176808
16.97205065,-100.1783398
16.97293755,-100.1799956
16.97371454,-100.1828184
16.97549997,-100.1863528
16.97660886,-100.1892886
16.97806815,-100.1919971
16.97950987,-100.1962398
16.98306031,-100.206823
16.98362401,-100.2079978
16.98417372,-100.2094167
16.98483777,-100.2119951
16.98528553,-100.2132911
16.98584223,-100.2152986
16.98639115,-100.2174119
16.98683234,-100.2188228
16.98717589,-100.2195244
16.98749778,-100.2201137
16.98749834,-100.220822
16.98761255,-100.2214093
16.9877138,-100.2222336
16.98805307,-100.2235239
16.9881543,-100.2243483
16.98860658,-100.2251798
16.98882385,-100.2259886
16.98881342,-100.226819
16.98937697,-100.2284677
16.98992641,-100.2298798
16.99071525,-100.2318774
16.99125748,-100.2341129
16.99226803,-100.2363494
16.99293505,-100.2378819
16.99325726,-100.2391726
16.99415229,-100.2407116
16.99504873,-100.2424664
16.9962864,-100.2448339
16.99716923,-100.2470675
16.99795202,-100.2489528
16.99883994,-100.2509518
17.00073094,-100.2558281
17.00154112,-100.257169
17.0019324,-100.2581071
17.00242985,-100.2590532
17.00254004,-100.2599854
17.00282112,-100.2608615
17.00298453,-100.2618095
17.00353838,-100.2627549
17.00415416,-100.2644643
17.00464545,-100.2663394
17.00492589,-100.267164
17.0054285,-100.2684619
17.00575469,-100.2693399
17.00607067,-100.2701171
17.00682426,-100.2711632
17.00709319,-100.271873
17.00726108,-100.2731166
17.00776087,-100.2741753
17.00814738,-100.2755874
17.00842016,-100.2766326
17.01014324,-100.2811105
17.01098403,-100.2834623
17.01175106,-100.2858808
17.01275364,-100.2890612
17.01352593,-100.2910597
17.01452711,-100.2941276
17.01497584,-100.295471
17.01519449,-100.296531
17.01596349,-100.2989425
17.01640964,-100.3000631
17.01696066,-100.3017713
17.0178057,-100.3029386
17.0182825,-100.304474
17.01857296,-100.3060001
17.01878979,-100.3070062
17.01906914,-100.307655
17.01935501,-100.3081817
17.01993021,-100.3088456
17.02036199,-100.3093025
17.02052814,-100.3097227
17.02048236,-100.3103638
17.02068571,-100.311776
17.02084018,-100.3126609
17.02145276,-100.3148352
17.02173093,-100.3154817
17.02246564,-100.3164816
17.02307248,-100.3182525
17.02424129,-100.3210208
17.02634723,-100.3268441
17.02817758,-100.3315589
17.02876473,-100.3331988
17.02905537,-100.334969
17.02939676,-100.3364336
17.0296085,-100.3376089
17.03000329,-100.3389063
17.03050083,-100.3399044
17.0308282,-100.3410267
17.03105332,-100.3416833
17.0315616,-100.3427353
17.03205651,-100.343499
17.03250346,-100.3446198
17.03272237,-100.345734
17.03310761,-100.3470926
17.03349265,-100.3476182
17.03411168,-100.3486877
17.0345538,-100.3503952
17.03516442,-100.3524409
17.03565763,-100.3539742
17.03615151,-100.3552635
17.0367162,-100.3566294
17.03726235,-100.358568
17.03848982,-100.3618101
17.03876722,-100.3624052
17.03920573,-100.3636951
17.03981341,-100.3656941
17.0403692,-100.3668748
17.04070069,-100.3682881
17.0410914,-100.3693393
17.04170726,-100.3703387
17.04243284,-100.3722917
17.04265211,-100.3733544
17.04376388,-100.3751222
17.04430774,-100.3777016
17.04486391,-100.3792367
17.04553038,-100.3814721
17.04608152,-100.3831715
17.04779144,-100.3885978
17.05095754,-100.3974237
17.05206071,-100.4008346
17.05273373,-100.4021315
17.05328232,-100.4037185
17.05405573,-100.4059623
17.05472263,-100.408381
17.05565563,-100.4112026
17.05627497,-100.4125542
17.05705582,-100.414554
17.05736967,-100.4162611
17.05753556,-100.4173222
17.05792081,-100.4188478
17.05824921,-100.4199095
17.05892673,-100.4207934
17.0593283,-100.4213051
17.05958959,-100.4228533
17.06677444,-100.4449792
17.0688229,-100.4509382
17.07108175,-100.4588195
17.07554573,-100.4734241
17.07747414,-100.4808921
17.07835573,-100.4840062
17.07891205,-100.4856618
17.07879034,-100.4860128
17.07956425,-100.4885368
17.0802859,-100.490139
17.08156962,-100.4929696
17.08239273,-100.4948993
17.08371526,-100.4997997
17.08393471,-100.5008582
17.08494079,-100.5031474
17.0863968,-100.5077649
17.08648214,-100.5083977
17.0869229,-100.5099233
17.08697269,-100.5102748
17.08758416,-100.5111507
17.08819901,-100.511914
17.08830733,-100.5129291
17.08875193,-100.514051
17.08924454,-100.515461
17.08975288,-100.5167512
17.09041278,-100.518643
17.09085406,-100.520117
17.09112869,-100.521405
17.09179558,-100.5222992
17.09206839,-100.5234042
17.09245933,-100.5247004
17.0928502,-100.5257619
17.09344995,-100.5269455
17.09367478,-100.527882
17.09400986,-100.5288972
17.09444751,-100.5301272
17.09477459,-100.5313631
17.09544032,-100.5330624
17.0958318,-100.534192
17.09627272,-100.5349549
17.09654886,-100.5354895
17.09660821,-100.535902
17.09682569,-100.5370147
17.09733101,-100.5379013
17.09788145,-100.5389001
17.09816275,-100.5397328
17.09831528,-100.5406701
17.09865011,-100.5416689
17.0990945,-100.542906
17.0994244,-100.54421
17.09992629,-100.5456741
17.10081944,-100.5474464
17.101029,-100.5485662
17.10119105,-100.5494448
17.10146995,-100.5502681
17.10191436,-100.5512822
17.10235797,-100.5525639
17.10295529,-100.5544497
17.10362088,-100.5560437
17.10395614,-100.5570965
17.10478999,-100.5592873
17.10560846,-100.5617577
17.10644336,-100.5640636
17.10671416,-100.5649927
17.10688244,-100.5655896
17.10715324,-100.5665187
17.1079943,-100.5685336
17.1087748,-100.5707086
17.11002487,-100.5751325
17.11031377,-100.5758362
17.11081481,-100.5764155
17.11081141,-100.5768874
17.11091079,-100.5779569
17.11252228,-100.5821894
17.11373146,-100.5859073
17.1141151,-100.5872039
17.11433956,-100.5881407
17.1170897,-100.5963293
17.11901586,-100.6025146
17.11945683,-100.6041629
17.11984253,-100.6056968
17.12077879,-100.6082909
17.12111768,-100.6090458
17.12110853,-100.6098794
17.12132822,-100.6111684
17.12148825,-100.6118687
17.12192886,-100.6126391
17.122098,-100.6133487
17.12243012,-100.6141061
17.12289922,-100.6150287
17.12343089,-100.6160047
17.1237078,-100.6165302
17.12404603,-100.6178275
17.12441145,-100.6204768
17.12485277,-100.6220618
17.12512493,-100.6232987
17.12540406,-100.6240684
17.1258382,-100.625245
17.12595464,-100.6261219
17.12633406,-100.6272427
17.12655384,-100.6283111
17.12671431,-100.6290679
17.12755278,-100.6310129
17.12770755,-100.6321337
17.12809135,-100.6334916
17.12875232,-100.6357812
17.12880177,-100.6363748
17.12891503,-100.6367869
17.12918913,-100.6372608
17.12929592,-100.6380768
17.12918405,-100.6384347
17.1295133,-100.6391382
17.12990496,-100.640374
17.12989546,-100.6413132
17.12994702,-100.6418927
17.1301144,-100.6425484
17.13032424,-100.6437766
17.13064991,-100.6449591
17.13092099,-100.6459731
17.13131042,-100.647965
17.13140394,-100.6503143
17.13156064,-100.6516651
17.13214551,-100.6554348
17.13241272,-100.6570288
17.13267606,-100.6581955
17.133143,-100.6589071
17.13347342,-100.6595002
17.13357644,-100.6607906
17.13356623,-100.6617909
17.13421661,-100.6649637
17.13465751,-100.6666805
17.13520652,-100.6684972
17.13541883,-100.6698992
17.13563542,-100.6711509
17.13607456,-100.6726776
17.13634688,-100.6738513
17.13734518,-100.6764456
17.13784218,-100.6776289
17.13824922,-100.6785971
17.13871769,-100.6805133
17.13911052,-100.6811529
17.13950789,-100.6819239
17.13972152,-100.6825957
17.1401597,-100.6842821
17.1405447,-100.6850604
17.14098749,-100.6861198
17.14154429,-100.6878215
17.1420917,-100.6893567
17.1429728,-100.6911023
17.14325207,-100.6928278
17.14357788,-100.6939401
17.14451754,-100.6961924
17.14606062,-100.7002049
17.14866583,-100.7060414
17.14989312,-100.7088101
17.15077338,-100.7115281
17.15149289,-100.7132826
17.15249187,-100.7151143
17.15286951,-100.7168907
17.15315248,-100.7172427
17.15359125,-100.7177294
17.15398983,-100.7180051
17.15410037,-100.7193097
17.1544796,-100.7203559
17.15463979,-100.721134
17.1549168,-100.7217138
17.15503121,-100.7225511
17.15519827,-100.7230779
17.15557594,-100.7240771
17.15636186,-100.7250327
17.15675127,-100.7260858
17.15724879,-100.7273751
17.15785958,-100.7289758
17.15835462,-100.7299763
17.15873098,-100.7305622
17.15930139,-100.7308693
17.15941376,-100.7313403
17.15968475,-100.733341
17.16006937,-100.734103
17.16106384,-100.7362309
17.16389539,-100.7422968
17.16454798,-100.7447238
17.16487955,-100.7454934
17.16526736,-100.7463729
17.16576521,-100.7477211
17.16637314,-100.7491411
17.16720891,-100.7506741
17.16997414,-100.7575185
17.17334435,-100.7663
17.17511366,-100.7707254
17.1756596,-100.77232
17.17593844,-100.7731442
17.1762579,-100.7747925
17.17670127,-100.7758595
17.17702743,-100.7770896
17.17746947,-100.7782718
17.17785886,-100.7795061
17.17841576,-100.7812086
17.17856579,-100.7821632
17.17967013,-100.7846948
17.1803075,-100.786305
17.18084291,-100.786763
17.18135219,-100.7870615
17.18128757,-100.7879992
17.18136612,-100.788776
17.18200471,-100.7897075
17.18227605,-100.7905929
17.18255203,-100.7913562
17.1826195,-100.7918817
17.18293997,-100.7924238
17.18332502,-100.7931345
17.18388312,-100.7940268
17.18410818,-100.7940789
17.18421959,-100.7943151
17.18427049,-100.7950264
17.18442544,-100.7963215
17.184767,-100.7971007
17.18509467,-100.7975582
17.18547972,-100.7984121
17.18580615,-100.7995579
17.18630954,-100.8003896
17.18654008,-100.8011228
17.18663222,-100.802334
17.18674503,-100.8027464
17.18690878,-100.8030362
17.1870747,-100.8034552
17.18796468,-100.8053407
17.18845575,-100.8067528
17.18867817,-100.8074625
17.18879145,-100.807936
17.18950795,-100.8095905
17.18977678,-100.8104596
17.19016648,-100.8117645
17.19055185,-100.8125269
17.19080257,-100.8135348
17.19141175,-100.8150446
17.19171252,-100.8155329
17.19194006,-100.8166091
17.19237131,-100.8176084
17.19273945,-100.818479
17.19319524,-100.8200137
17.19352628,-100.8209058
17.19369503,-100.8215456
17.19385244,-100.8223241
17.1944114,-100.8232025
17.19479864,-100.8242092
17.19524359,-100.8255209
17.19540767,-100.8258577
17.19550296,-100.8264911
17.19556003,-100.8268571
17.19572025,-100.8275651
17.19594074,-100.828329
17.19613536,-100.8288183
17.19655777,-100.829564
17.1966588,-100.8299225
17.19694225,-100.8305121
17.1969383,-100.8311604
17.19704134,-100.8316317
17.19725747,-100.8324191
17.1977056,-100.8332798
17.19798017,-100.8337449
17.19836491,-100.8345849
17.19847931,-100.8353568
17.19880943,-100.8359976
17.19886071,-100.8366385
17.19897378,-100.8372412
17.19935878,-100.8381165
17.19962752,-100.8389951
17.19985157,-100.8396439
17.20062192,-100.8412982
17.2010169,-100.842009
17.20123619,-100.8424816
17.20156775,-100.8433128
17.20189029,-100.8453115
17.20205806,-100.8458386
17.20232663,-100.8468465
17.20253999,-100.8477232
17.20270029,-100.8486004
17.20308944,-100.8497294
17.20375853,-100.8511498
17.20435643,-100.8534445
17.20454913,-100.8539879
17.20507463,-100.8553836
17.20556369,-100.8567421
17.20578608,-100.8576259
17.20599193,-100.8584135
17.20610741,-100.8593428
17.20655495,-100.8599992
17.20676482,-100.8614633
17.20720522,-100.8625168
17.20758839,-100.8640593
17.20858415,-100.8668889
17.20940416,-100.868879
17.20983608,-100.8710555
17.2100552,-100.8713685
17.21005825,-100.8717726
17.21010871,-100.8724746
17.21077825,-100.8738316
17.21099289,-100.8748988
17.21126387,-100.8759537
17.2114182,-100.8772586
17.21214353,-100.8788361
17.21263126,-100.8801947
17.21339403,-100.8819504
17.21389202,-100.8843826
17.21421678,-100.8853901
17.21427725,-100.8863834
17.21558959,-100.8903947
17.21579968,-100.8919295
17.21634166,-100.8942251
17.21688435,-100.8969272
17.21724181,-100.8999314
17.21763399,-100.9007576
17.21773885,-100.9025798
17.21781968,-100.9048228
17.21825275,-100.9072274
17.21929014,-100.9107667
17.22138385,-100.9156651
17.22216432,-100.917428
17.22293308,-100.9199147
17.22376055,-100.9220956
17.22463557,-100.9244546
17.22520195,-100.9253477
17.22563703,-100.9268197
17.22601532,-100.9279328
17.22668204,-100.9291235
17.2270716,-100.9302365
17.22778309,-100.9324794
17.22828221,-100.9331287
17.22910882,-100.9348985
17.22910235,-100.9352581
17.22944266,-100.9359603
17.22988497,-100.9371951
17.23077363,-100.9389645
17.23170425,-100.9415606
17.23270113,-100.9436347
17.23323981,-100.9455737
17.23478423,-100.9494176
17.23545993,-100.9503029
17.23639451,-100.9523635
17.23661139,-100.9536682
17.23826469,-100.9576125
17.24118279,-100.9655231
17.24350616,-100.9710699
17.24471136,-100.9744352
17.24537302,-100.9760915
17.24607475,-100.9783257
17.24691305,-100.9803943
17.24784733,-100.9824694
17.24845305,-100.9838819
17.24884043,-100.9850633
17.24900622,-100.9857036
17.24933619,-100.9864132
17.24966141,-100.9875881
17.25003701,-100.9895357
17.2504754,-100.9904207
17.25086855,-100.9909607
17.25126679,-100.9912515
17.25147496,-100.992486
17.25180034,-100.9940275
17.25201476,-100.99502
17.25218053,-100.9954934
17.25229323,-100.9959673
17.25244958,-100.9965536
17.25255447,-100.9973777
17.25260589,-100.998141
17.25277015,-100.9985605
17.25281965,-100.9992087
17.25293035,-100.9995533
17.25303527,-101.0003844
17.2521379,-101.0053116
17.25200863,-101.0062431
17.25206639,-101.0067785
17.25211545,-101.0073656
17.25319709,-101.0095855
17.25362944,-101.0111099
17.25563283,-101.0147802
17.25652341,-101.0156058
17.2571965,-101.0163224
17.25775099,-101.0170305
17.25864551,-101.0184576
17.25931102,-101.0193976
17.26030755,-101.021059
17.26153212,-101.0230667
17.26230056,-101.0247298
17.26308653,-101.0261413
17.26386047,-101.0270947
17.26486399,-101.0286293
17.26553336,-101.0301709
17.26641192,-101.0319391
17.26707179,-101.033589
17.26774105,-101.0351213
17.26795677,-101.036182
17.2682663,-101.037959
17.26903035,-101.0415988
17.26946022,-101.0438425
17.2697764,-101.0452622
17.27055465,-101.046909
17.27053544,-101.0483216
17.27007433,-101.0494882
17.26910682,-101.0507381
17.26656511,-101.0587132
17.26593688,-101.0595283
17.26592544,-101.0605812
17.26631075,-101.061528
17.26748411,-101.0626575
17.26803123,-101.0636644
17.26922195,-101.0645023
17.2698304,-101.0650293
17.27056391,-101.0656942
17.27157673,-101.0657085
17.27286872,-101.0657702
17.27388152,-101.0659608
17.27468436,-101.0656169
17.27553615,-101.0649765
17.27678551,-101.0639997
17.27713334,-101.0631136
17.27692542,-101.0616484
17.2767644,-101.0604603
17.27759623,-101.0563016
17.27884205,-101.0562014
17.27963362,-101.0556836
17.28072023,-101.0548676
17.28157726,-101.054347
17.28506475,-101.0546827
17.28609266,-101.0544006
17.28909744,-101.0525019
17.29074716,-101.051816
17.29357334,-101.0518388
17.29480794,-101.0513884
17.29605446,-101.0515702
17.29853594,-101.0524252
17.29965713,-101.0527842
17.30043803,-101.0530727
17.30179524,-101.0536158
17.30192199,-101.053662
17.30305436,-101.0541807
17.30399641,-101.0545998
17.30802724,-101.0578116
17.3091991,-101.0588638
17.31079219,-101.0608253
17.31123823,-101.061551
17.31164101,-101.0622207
17.31217911,-101.0628635
17.31406358,-101.0666475
17.31517856,-101.0676391
17.31803947,-101.0686847
17.31971103,-101.0700276
17.32063703,-101.0707737
17.32222768,-101.0725451
17.32251082,-101.0728653
17.3227751,-101.0732397
17.32407789,-101.0750248
17.32628664,-101.0772436
17.32792648,-101.0794944
17.32856194,-101.0801885
17.33090447,-101.0817693
17.334602,-101.0855679
17.33469553,-101.0875671
17.33670202,-101.090527
17.33691956,-101.0906502
17.33789447,-101.0920229
17.3387702,-101.0932433
17.33905151,-101.09364
17.34010506,-101.0945783
17.34079524,-101.0951816
17.34168639,-101.095967
17.34496315,-101.1002558
17.34882058,-101.1049854
17.35427722,-101.1126304
17.35461517,-101.1130656
17.35529793,-101.1139501
17.35547878,-101.1141712
17.35665183,-101.1154759
17.35698992,-101.1159346
17.35953985,-101.1194129
17.35963091,-101.1195358
17.36042511,-101.1207489
17.36208253,-101.1232053
17.36374671,-101.1266307
17.3642569,-101.1271731
17.36609083,-101.1291252
17.36675666,-101.1300265
17.3682139,-101.1320634
17.36964841,-101.134665
17.37257186,-101.140517
17.37478063,-101.1444534
17.37601812,-101.1475892
17.37588279,-101.1478181
17.37626965,-101.1489247
17.37804032,-101.150519
17.37971286,-101.1523351
17.38175005,-101.1563329
17.38321677,-101.1585078
17.38356407,-101.1590185
17.38560848,-101.1629247
17.38604653,-101.163917
17.38784107,-101.1679907
17.38902062,-101.1705392
17.38909627,-101.1729804
17.38882178,-101.1737818
17.38913289,-101.1742927
17.38980185,-101.1747815
17.39061621,-101.1750177
17.39609953,-101.1731183
17.39708024,-101.1740263
17.39748891,-101.1742085
17.398387,-101.1748806
17.39923194,-101.1757424
17.39936083,-101.1765896
17.39944688,-101.1772454
17.40001943,-101.1778631
17.4009334,-101.1781387
17.40138539,-101.1779855
17.401635,-101.1775817
17.40407657,-101.1778024
17.40504357,-101.1778636
17.40569395,-101.1780538
17.40630975,-101.1783219
17.40706429,-101.179176
17.40801461,-101.1794891
17.40946407,-101.1802133
17.40967383,-101.180572
17.41012835,-101.1808775
17.41094419,-101.1815867
17.41239397,-101.1838142
17.41314681,-101.1845696
17.41426695,-101.1859969
17.41559547,-101.18795
17.41618888,-101.1890864
17.41703988,-101.1910777
17.41902483,-101.1941457
17.42056287,-101.1958084
17.42076307,-101.1960754
17.42209227,-101.1979675
17.42274666,-101.198906
17.42409503,-101.200798
17.42439457,-101.2012716
17.42490308,-101.2019651
17.4291701,-101.207352
17.42960611,-101.2080083
17.43003551,-101.2086952
17.43089364,-101.2103738
17.43194511,-101.2125254
17.43233556,-101.2131126
17.43319943,-101.2143865
17.43409862,-101.2167979
17.43580375,-101.2197883
17.43885623,-101.2267161
17.44080952,-101.2305618
17.44337859,-101.2362456
17.44361482,-101.2367255
17.44751141,-101.2441189
17.44839545,-101.2472014
17.44901706,-101.2488641
17.45259999,-101.2555256
17.45439861,-101.2592941
17.45540823,-101.2620256
17.45560847,-101.2625517
17.4560298,-101.263712
17.45674271,-101.2656038
17.4574642,-101.2669473
17.45761052,-101.2673054
17.45765622,-101.2674122
17.45889976,-101.2704333
17.45924677,-101.2714175
17.45934869,-101.2717076
17.45961319,-101.2724475
17.45965109,-101.272578
17.45972433,-101.2727753
17.460208,-101.2739965
17.46075801,-101.2753927
17.46105859,-101.2761254
17.46107797,-101.2761629
17.46141556,-101.2768425
17.4619174,-101.2778577
17.46221843,-101.2784527
17.46275672,-101.279536
17.46303166,-101.2801077
17.46353337,-101.2810994
17.46389724,-101.2818471
17.46475771,-101.2841749
17.4647761,-101.2842431
17.46621675,-101.2869821
17.4678028,-101.2918117
17.46846923,-101.2932616
17.47116589,-101.3018372
17.4732483,-101.3066434
17.47397283,-101.3089628
17.47681457,-101.3158672
17.47806416,-101.3204226
17.47885237,-101.3226347
17.48021729,-101.3270142
17.48070622,-101.3292503
17.48112697,-101.3306464
17.48135846,-101.3313938
17.4816378,-101.3337521
17.48227971,-101.3373985
17.48304964,-101.3401299
17.48460008,-101.3436627
17.48782361,-101.3491178
17.48954159,-101.3535656
17.49052664,-101.3557019
17.49116353,-101.356724
17.49158318,-101.3573953
17.49203888,-101.3585702
17.49333939,-101.3605391
17.49349336,-101.363003
17.49492947,-101.366864
17.4962808,-101.3699239
17.49686341,-101.3712207
17.49719164,-101.3719219
17.49798516,-101.373692
17.49995511,-101.378064
17.50016484,-101.3785221
17.50076567,-101.379873
17.50174269,-101.3820627
17.50352372,-101.3866935
17.50520472,-101.3912026
17.50716471,-101.3954668
17.50820418,-101.3977941
17.50962749,-101.4012121
17.51024895,-101.4029669
17.5105614,-101.4042792
17.51420479,-101.4139163
17.51536202,-101.4166777
17.51687332,-101.4193023
17.51782287,-101.4218352
17.51824224,-101.4227964
17.5183894,-101.4234679
17.5206911,-101.4298918
17.52194804,-101.4325165
17.52365747,-101.4353325
17.52495627,-101.4392004
17.5254709,-101.4418024
17.52567341,-101.4424962
17.52688941,-101.4469284
17.52713218,-101.4487451
17.52751487,-101.4499127
17.52761267,-101.4516287
17.5274738,-101.4528796
17.52696234,-101.4541695
17.5259968,-101.4548409
17.52538539,-101.455054
17.52527402,-101.4570382
17.52529342,-101.4574042
17.52555635,-101.4576481
17.52681197,-101.4575419
17.52834709,-101.4569542
17.52947383,-101.4568167
17.53013625,-101.4569625
17.5314387,-101.4576178
17.53172136,-101.4580076
17.53121213,-101.4599298
17.53145773,-101.4603797
17.53143126,-101.4605552
17.5326784,-101.460601
17.53409746,-101.4603953
17.53474751,-101.4605552
17.53542828,-101.4614026
17.5360959,-101.4614247
17.53659146,-101.4607151
17.53714697,-101.4594037
17.53847857,-101.4578161
17.5391301,-101.4558932
17.53906167,-101.4544747
17.53712425,-101.4482412
17.53216877,-101.444808
17.53010756,-101.4369955
17.52946977,-101.4287629
17.52741229,-101.4224224
17.52312072,-101.4135651
17.52289556,-101.4065992
17.52591871,-101.4036312
17.53099849,-101.4057142
17.53446334,-101.4092925
17.5365027,-101.4128782
17.5381443,-101.4173111
17.53896309,-101.4204771
17.54120774,-101.4240552
17.54041203,-101.4289235
17.53841155,-101.4348434
17.53659984,-101.4384524
17.53661055,-101.4416112
17.5374005,-101.4423286
17.53852215,-101.4426407
17.53893578,-101.4423965
17.53978486,-101.4420081
17.54165441,-101.4414506
17.54390861,-101.4404513
17.54787102,-101.4395438
17.54930821,-101.4393531
17.55097139,-101.4394829
17.55378383,-101.4400472
17.55642325,-101.4405581
17.55903901,-101.4413824
17.56002408,-101.4414055
17.5617884,-101.441993
17.56427781,-101.4431605
17.5692877,-101.4468686
17.574526,-101.4503476
17.57822376,-101.4535892
17.58139686,-101.4567023
17.58299592,-101.4584426
17.58775639,-101.4629054
17.59000454,-101.4654843
17.59101413,-101.4666664
17.59330781,-101.4693595
17.59775446,-101.4739526
17.60284032,-101.4791796
17.60676168,-101.4841687
17.60703711,-101.4847638
17.61002563,-101.4892124
17.61340083,-101.4937977
17.61677345,-101.4989934
17.61917027,-101.5029536
17.6222009,-101.5090192
17.62286721,-101.5110255
17.62306173,-101.512475
17.62318372,-101.5135125
17.62331111,-101.5141235
17.62366575,-101.5147949
17.62402019,-101.5154051
17.62419392,-101.5160301
17.62418671,-101.5165944
17.62390037,-101.5174802
17.6234433,-101.5183194
17.62265861,-101.5191586
17.62210164,-101.5205542
17.62175695,-101.5226301
17.62157722,-101.5229499
17.62138112,-101.5238047
17.62087709,-101.5244532
17.62037262,-101.5249651
17.61915281,-101.5250412
17.61864767,-101.5256967
17.61889736,-101.5274901
17.6188771,-101.531823
17.61890777,-101.5329609
17.61867684,-101.5342576
17.61831762,-101.5357149
17.61808706,-101.5367747
17.61640707,-101.5396442
17.61594512,-101.5400404
17.61577522,-101.5406276
17.61627577,-101.5413988
17.61694697,-101.5418265
17.61749822,-101.5421852
17.61800541,-101.5425428
17.61823168,-101.5430238
17.61782069,-101.5438322
17.61718849,-101.5447096
17.61520328,-101.5453275
17.61503318,-101.5458547
17.6148464,-101.546846
17.61455843,-101.5476245
17.61392176,-101.5488988
17.6131114,-101.549891
17.61242649,-101.5505317
17.61174174,-101.5512254
17.61149145,-101.5525232
17.61182924,-101.5532855
17.61342049,-101.5565517
17.61353066,-101.5571309
17.61449033,-101.5573292
17.61567286,-101.5568719
17.61675434,-101.5562382
17.61821862,-101.5563147
17.61901447,-101.5565053
17.61934237,-101.5569861
17.6201282,-101.5572227
17.62109332,-101.5565894
17.62150648,-101.5557268
17.62191905,-101.5546664
17.62175481,-101.5541403
17.6211843,-101.5541328
17.62040675,-101.553644
17.62029532,-101.5526442
17.62087899,-101.551767
17.62179158,-101.5509511
17.62208658,-101.5502492
17.62221049,-101.5493794
17.62262029,-101.5477923
17.6235397,-101.5466253
17.62428734,-101.5458088
17.62512733,-101.5456481
17.62722463,-101.5458462
17.62992894,-101.5465336
17.63165771,-101.5473879
17.63321501,-101.5487
17.63382619,-101.5498291
17.63455057,-101.5506609
17.63596973,-101.5507446
17.63738147,-101.5509886
17.63822162,-101.5512486
17.63871181,-101.5519657
17.6389317,-101.5529653
17.63886275,-101.5540872
17.63842435,-101.5555826
17.63802225,-101.5571309
17.63750091,-101.5584734
17.63687165,-101.5592366
17.63652889,-101.5594651
17.63697316,-101.5599467
17.6377507,-101.5604344
17.6384294,-101.5607326
17.63956062,-101.5608622
17.64029167,-101.5605181
17.6413672,-101.5605336
17.64163975,-101.5610146
17.6414705,-101.5614723
17.64072276,-101.5622889
17.63947464,-101.5627464
17.63835351,-101.5622045
17.637349,-101.5613653
17.63651297,-101.5605797
17.63585095,-101.5598089
17.63528251,-101.5597401
17.63432396,-101.5595499
17.63360102,-101.5591905
17.63292918,-101.5585352
17.6324396,-101.5576273
17.63136378,-101.5575129
17.63112844,-101.5581534
17.63173687,-101.5587558
17.6319011,-101.559282
17.63138836,-101.5600989
17.63103021,-101.5608541
17.63091577,-101.5622812
17.63028195,-101.5622585
17.62972955,-101.5614956
17.62940312,-101.5611291
17.62804642,-101.5607623
17.62736238,-101.5613347
17.6272386,-101.5622729
17.6280712,-101.5630513
17.62866497,-101.5648367
17.62871191,-101.5658285
17.62892234,-101.5667138
17.6283944,-101.5685369
17.62604967,-101.5706731
17.62440742,-101.5711766
17.62309883,-101.571818
17.62337263,-101.5727561
17.6244406,-101.5732983
17.62670052,-101.5730922
17.62850615,-101.5728332
17.63015835,-101.5718561
17.63162828,-101.5715276
17.6327592,-101.5719553
17.63296987,-101.5725425
17.63501346,-101.5760978
17.63596396,-101.5766475
17.63679975,-101.5777772
17.6371199,-101.5791347
17.63725338,-101.5816144
17.63768953,-101.5828585
17.63896831,-101.5844605
17.63917235,-101.5859327
17.63887851,-101.5875277
17.63851926,-101.5887554
17.63771631,-101.5896791
17.63668095,-101.5907167
17.6365572,-101.5917315
17.63609976,-101.5925929
17.63546083,-101.5935998
17.63505442,-101.5941195
17.63531875,-101.5953629
17.63571025,-101.5960109
17.63633434,-101.596194
17.63728591,-101.5967438
17.6382902,-101.5975751
17.63934892,-101.5980633
17.64167216,-101.5982698
17.64381454,-101.5980102
17.64439024,-101.5974229
17.64557491,-101.5972698
17.64686705,-101.5975912
17.64805215,-101.5980178
17.6488857,-101.5987884
17.64949346,-101.5996197
17.65015625,-101.6003294
17.65105958,-101.6005813
17.65208027,-101.6003604
17.65331836,-101.6003226
17.65478415,-101.6009405
17.65635029,-101.6019093
17.65774433,-101.6031603
17.65929584,-101.6050071
17.66095599,-101.6077916
17.66172099,-101.6095771
17.6623674,-101.6118202
17.66245581,-101.6141167
17.66280705,-101.6167106
17.66294752,-101.6190683
17.66293221,-101.6206015
17.66302745,-101.6220743
17.66385134,-101.623089
17.66433785,-101.6256213
17.66424216,-101.6275672
17.66462554,-101.628635
17.66467136,-101.6293455
17.66494639,-101.6304596
17.66578891,-101.6349449
17.66582765,-101.6360054
17.66574313,-101.6384238
17.66457423,-101.6409346
17.66399853,-101.6458703
17.66393721,-101.6466954
17.66442725,-101.6475343
17.6644827,-101.6485335
17.66508981,-101.648717
17.66623617,-101.6476098
17.66755217,-101.64658
17.6681836,-101.6455814
17.67278676,-101.6434069
17.67436837,-101.6433757
17.67521672,-101.6433299
17.67864401,-101.6440859
17.6801571,-101.6451687
17.68178518,-101.6456654
17.68353812,-101.6454593
17.68805619,-101.6454665
17.68981083,-101.6454891
17.69132239,-101.6459166
17.6930115,-101.646412
17.69446887,-101.646855
17.69593326,-101.647397
17.69671131,-101.6477097
17.69773454,-101.6475491
17.69824934,-101.6473816
17.69853493,-101.6467938
17.70296928,-101.6486249
17.7054323,-101.6500673
17.708283,-101.6520582
17.7114773,-101.6541107
17.71438477,-101.6557432
17.71629332,-101.6568266
17.71742488,-101.6570784
17.71844687,-101.6578339
17.72023959,-101.6591616
17.72563182,-101.6608778
17.72630094,-101.6614809
17.72842723,-101.6629235
17.73380564,-101.6665394
17.73882235,-101.670621
17.74283509,-101.6744518
17.74617868,-101.6776783
17.74836,-101.6800586
17.75019129,-101.6820425
17.75221348,-101.6845377
17.75333608,-101.6858959
17.75472337,-101.6879328
17.75553977,-101.6893059
17.76124063,-101.6966459
17.76413312,-101.7016279
17.76535744,-101.7030628
17.76580225,-101.7040089
17.76721985,-101.7072124
17.77155796,-101.711989
17.77222827,-101.7127059
17.77288975,-101.7135383
17.774448,-101.7153313
17.77743105,-101.7194967
17.77997648,-101.7235405
17.78085867,-101.7252112
17.78173786,-101.7271036
17.78428345,-101.7300862
17.78639487,-101.7329553
17.7877109,-101.7359156
17.78845695,-101.7386389
17.78900183,-101.7400662
17.78954606,-101.7411268
17.79109671,-101.7432706
17.79186681,-101.7449335
17.79252896,-101.7462463
17.79308121,-101.7467265
17.79421123,-101.7467421
17.79443796,-101.7465058
17.79445258,-101.7458039
17.79457926,-101.745208
17.79525648,-101.7447503
17.79649591,-101.7446512
17.79729147,-101.7446745
17.7982946,-101.7451551
17.79908211,-101.7457576
17.79951649,-101.7466958
17.80052156,-101.7476577
17.80389572,-101.7483062
17.80827909,-101.7469863
17.81024079,-101.7483217
17.81178006,-101.7497711
17.81605224,-101.7528991
17.81832627,-101.7552026
17.82075383,-101.7581253
17.82259232,-101.7608876
17.82452279,-101.7632368
17.82596338,-101.7652518
17.82738603,-101.7673648
17.82838323,-101.7691423
17.82926022,-101.7699208
17.83038335,-101.7705619
17.83128835,-101.7704471
17.83179115,-101.7696617
17.83473038,-101.7696154
17.83544532,-101.7700956
17.83596057,-101.7700582
17.8363575,-101.7695006
17.83802074,-101.7686235
17.8401629,-101.7690588
17.8408409,-101.7690282
17.84184491,-101.7686159
17.8435978,-101.7687073
17.84517327,-101.7695236
17.84686478,-101.7708435
17.85006822,-101.7735747
17.85334705,-101.776864
17.85388117,-101.7773446
17.85461331,-101.7779925
17.85590848,-101.7788011
17.85817783,-101.779633
17.86057609,-101.7805178
17.86269231,-101.7817311
17.86744553,-101.7863853
17.86906677,-101.7876291
17.8719186,-101.7903982
17.87288673,-101.7917339
17.87754996,-101.7968682
17.87895361,-101.7985468
17.87933525,-101.7991269
17.88202534,-101.8027808
17.88745845,-101.8092355
17.89244041,-101.8166297
17.89553042,-101.821398
17.8967522,-101.8243192
17.90016039,-101.8308051
17.90218986,-101.8345506
17.90398499,-101.8390521
17.90567055,-101.843745
17.90697692,-101.8468885
17.90762246,-101.8493137
17.90810303,-101.8506803
17.90892662,-101.8526332
17.90979671,-101.8547773
17.91054978,-101.8575012
17.91120246,-101.8592785
17.91158389,-101.8598731
17.91084492,-101.8637414
17.91077253,-101.8649244
17.91110131,-101.8660609
17.91243951,-101.8673807
17.91399583,-101.8686932
17.91678996,-101.8702725
17.91774962,-101.8704027
17.91854521,-101.8703027
17.91954037,-101.8709594
17.92026488,-101.872333
17.9212606,-101.8736532
17.92251959,-101.8762696
17.92312612,-101.8771546
17.92344246,-101.8783987
17.92422309,-101.879352
17.92481968,-101.8805428
17.92559081,-101.8823733
17.92722142,-101.8863639
17.92777266,-101.8874391
17.92885979,-101.8902778
17.93073457,-101.8930168
17.93167474,-101.8943361
17.93256076,-101.8958244
17.93321389,-101.8972431
17.93370409,-101.8984341
17.93475283,-101.8999211
17.93563984,-101.9012796
17.9373143,-101.9038808
17.93897193,-101.9067419
17.93994095,-101.9092292
17.94081805,-101.9111369
17.94319837,-101.9150285
17.94392292,-101.9171489
17.94553418,-101.9204071
17.94618722,-101.9220705
17.94737343,-101.9253893
17.94791446,-101.9269383
17.95180565,-101.9310045
17.95335279,-101.9330337
17.95457428,-101.9348341
17.95589429,-101.9370926
17.95730737,-101.9404116
17.95764123,-101.9414803
17.95827722,-101.9434935
17.95947081,-101.9465837
17.96059272,-101.9484917
17.96166047,-101.9507199
17.96343412,-101.9550299
17.9644465,-101.957655
17.96487189,-101.9590579
17.96552453,-101.9607832
17.96653668,-101.9628805
17.9673442,-101.964849
17.96771408,-101.9660619
17.96807604,-101.9672452
17.96889962,-101.9707008
17.96937907,-101.9717459
17.96983146,-101.9731962
17.97022047,-101.9742189
17.97061854,-101.9754236
17.97092613,-101.9763625
17.97131516,-101.9776521
17.97230124,-101.9808787
17.97262693,-101.9821838
17.97315157,-101.9837168
17.97373174,-101.98696
17.97424618,-101.9887907
17.97447344,-101.9897603
17.97441809,-101.9903249
17.97622805,-102.000388
17.9788118,-102.0070413
17.98059406,-102.0112983
17.98223944,-102.0154716
17.9855583,-102.022773
17.98604403,-102.0247492
17.98641415,-102.0283272
17.98740087,-102.0340645
17.98797611,-102.0391003
17.98860754,-102.0447077
17.98875217,-102.0485149
17.98867851,-102.0524365
17.98808859,-102.0552748
17.9883312,-102.0621118
17.98804851,-102.067582
17.98739659,-102.0694362
17.98635554,-102.0718619
17.9857752,-102.0751347
17.98497851,-102.0791479
17.9849401,-102.0812233
17.98395193,-102.0857632
17.98374462,-102.0865568
17.98343344,-102.092798
17.98292382,-102.0961322
17.98237086,-102.0982378
17.98223583,-102.0990315
17.98204459,-102.0993514
17.98171829,-102.1005111
17.98150847,-102.1015563
17.98078571,-102.1022739
17.97907483,-102.1032955
17.97698631,-102.1044632
17.97589188,-102.1048746
17.97333288,-102.1064388
17.97198377,-102.1073472
17.9695233,-102.1086208
17.96779527,-102.109895
17.96606728,-102.1111006
17.9643391,-102.1125507
17.96289228,-102.1141073
17.96022132,-102.1171508
17.95778666,-102.1200279
17.95445577,-102.1241394
17.95333305,-102.1259098
17.95107091,-102.1277948
17.94757695,-102.1320439
17.94591172,-102.1337144
17.94547638,-102.1339289
17.94774217,-102.1380949
17.95517085,-102.1435642
17.96353992,-102.138308
17.97015862,-102.1386737
17.97097354,-102.1387123
17.97458567,-102.1426951
17.97723267,-102.1543072
17.97799783,-102.1576342
17.97890161,-102.1580911
17.98808275,-102.1628148
17.98819782,-102.1661105
17.99082012,-102.175129
17.99111508,-102.1761512
17.99218388,-102.1765778
18.0043667,-102.1814453
18.00710653,-102.182537
18.02367075,-102.1847567
18.03274191,-102.1832163
18.04119809,-102.1817895
18.04670673,-102.181766
18.04695995,-102.1817664
18.04764725,-102.1817744
18.04778066,-102.1817592
18.06343641,-102.1817054
18.11171314,-102.175586
18.12336857,-102.1780816
18.14190705,-102.1639978
18.16494898,-102.1610365
18.16804035,-102.1533001
18.16829652,-102.1526676
18.17940947,-102.1461363
18.18553553,-102.1425349
18.18738182,-102.141452
18.18764328,-102.1337608
18.18776396,-102.1302369
18.18670577,-102.1192038
18.19560876,-102.0919052
18.19518522,-102.0700618
18.19497305,-102.0585712
18.20484738,-102.0419091
18.20642318,-102.0392535
18.20869461,-102.0354161
18.20679506,-102.0299449
18.20293663,-102.0187605
18.20275352,-102.0182269
18.20428105,-102.0024565
18.20448347,-102.0003885
18.20448347,-102.0003814
18.20599219,-101.9848318
18.20631745,-101.9814517
18.20758472,-101.9794449
18.21102916,-101.9739593
18.22484287,-101.9782472
18.226047,-101.9774613
18.23243957,-101.9732878
18.22785894,-101.9510866
18.22942008,-101.9465161
18.23041407,-101.9436095
18.23268425,-101.9369867
18.23300837,-101.9360256
18.23190241,-101.9283345
18.23184682,-101.9279689
18.23219948,-101.9276859
18.23552826,-101.9250311
18.24024841,-101.9212546
18.24029246,-101.9211706
18.24195378,-101.9133579
18.24243979,-101.9110464
18.24292576,-101.9087348
18.24956114,-101.9015325
18.24873959,-101.8776671
18.23442702,-101.8379016
18.23294008,-101.8337735
18.22540249,-101.8238621
18.224739,-101.8075126
18.24063033,-101.7986396
18.26167117,-101.8110067
18.26379752,-101.8122501
18.26391991,-101.8161192
18.26416382,-101.823359
18.26442654,-101.8315456
18.2569386,-101.8521604
18.25768637,-101.8571589
18.25837448,-101.8577689
18.26513768,-101.8637048
18.26601765,-101.8651692
18.26767451,-101.8679539
18.27575537,-101.8815043
18.27661593,-101.8829465
18.27720378,-101.8827104
18.2796275,-101.8817175
18.2822904,-101.8744777
18.28329114,-101.8717458
18.28615209,-101.863949
18.28738388,-101.8642769
18.29583564,-101.866512
18.30836749,-101.8698386
18.3123599,-101.8614235
18.31495241,-101.855953
18.31513072,-101.8555715
18.33060441,-101.8685575
18.33590552,-101.8665274
18.34719175,-101.8621936
18.35011421,-101.8610726
18.35682033,-101.8630331
18.35797034,-101.8640861
18.36502082,-101.8705025
18.36758675,-101.8728454
18.38279554,-101.8719144
18.39878965,-101.8894932
18.42556341,-101.8786051
18.44420053,-101.864292
18.48432708,-101.8899967
18.48978373,-101.8898358
18.5006604,-101.8887457
18.53119344,-101.8762023
18.53354563,-101.8752408
18.53480571,-101.8697629
18.5350514,-101.8686953
18.55901498,-101.8575023
18.58158988,-101.8341099
18.60443887,-101.7692893
18.59663869,-101.7208558
18.59617855,-101.717995
18.59261888,-101.7177437
18.58876505,-101.7174764
18.58528914,-101.7172321
18.58605162,-101.7136238
18.5968247,-101.6625894
18.5957881,-101.6525258
18.60309123,-101.636839
18.60250406,-101.6345042
18.60072398,-101.6274017
18.60053198,-101.6266239
18.59992868,-101.6242359
18.58704921,-101.6205199
18.5783926,-101.608282
18.57676658,-101.6059935
18.55551007,-101.6002249
18.55030245,-101.5988215
18.54735081,-101.5949684
18.5439631,-101.5905355
18.53583199,-101.5890169
18.52409726,-101.5868275
18.51852382,-101.5743068
18.51699014,-101.5728044
18.51045593,-101.5663803
18.50949393,-101.5654336
18.510793,-101.5517163
18.5006579,-101.5458568
18.49685372,-101.5388066
18.49600787,-101.5172834
18.49599781,-101.5169704
18.4954168,-101.5163987
18.49442724,-101.5154145
18.48739105,-101.5083795
18.4865921,-101.5075857
18.48755675,-101.5009942
18.48828208,-101.4959814
18.48945829,-101.4878868
18.4901922,-101.4828667
18.48832973,-101.47294
18.48725063,-101.46718
18.48701088,-101.4659207
18.49710429,-101.45672
18.49400339,-101.4525851
18.48947461,-101.4465414
18.48906466,-101.4433527
18.48878508,-101.4411712
18.50185484,-101.4321067
18.49884534,-101.4260179
18.49647416,-101.4212498
18.495936,-101.4201506
18.5006597,-101.4131091
18.51110475,-101.4112323
18.51246907,-101.4083711
18.50813925,-101.4004976
18.50647102,-101.3974612
18.50586933,-101.3963623
18.50607894,-101.3944773
18.50653308,-101.3904107
18.51023004,-101.3871073
18.50918898,-101.3760289
18.50066273,-101.371337
18.50057061,-101.3709485
18.49961318,-101.3670723
18.49925416,-101.3656298
18.50032827,-101.3649668
18.50351437,-101.3629755
18.5046607,-101.3622729
18.51921674,-101.363219
18.52045669,-101.3611131
18.52213689,-101.3582675
18.52289042,-101.3545973
18.52459804,-101.3455719
18.52870171,-101.3239877
18.52992148,-101.3175409
18.53318189,-101.3003438
18.53333212,-101.2995651
18.53395914,-101.2962388
18.53576665,-101.2937746
18.54043367,-101.2874195
18.54188137,-101.2854432
18.54450701,-101.2818725
18.53746767,-101.2728082
18.53546418,-101.270237
18.53484492,-101.2694434
18.53544393,-101.2679328
18.5361859,-101.266049
18.53899257,-101.2589002
18.53374141,-101.2367738
18.53476298,-101.2259403
18.53496877,-101.2237273
18.53611832,-101.2115882
18.52740922,-101.1973518
18.52710885,-101.197031
18.5233301,-101.1944218
18.51818874,-101.1908673
18.51748935,-101.1903935
18.52066053,-101.1662381
18.5124944,-101.1479273
18.51080777,-101.1441505
18.5103586,-101.1431442
18.5107085,-101.1426096
18.51339119,-101.1385505
18.51795769,-101.1316155
18.51242324,-101.1245194
18.50975169,-101.1211013
18.50927753,-101.1204913
18.50959995,-101.1030729
18.50818112,-101.0973587
18.50612208,-101.0890722
18.50640441,-101.0878751
18.50703972,-101.085197
18.5074721,-101.0833812
18.51478949,-101.0753482
18.51852524,-101.0546776
18.52627763,-101.0384341
18.52159973,-101.0203612
18.5220392,-101.0197509
18.52323204,-101.018094
18.52777909,-101.0117855
18.52442188,-101.0090917
18.50909797,-101.0073672
18.50005957,-101.0063538
18.492905,-101.0055521
18.4922152,-101.0052465
18.49168048,-100.9956019
18.49119745,-100.9870051
18.47623641,-100.9693883
18.47107266,-100.9633152
18.46468269,-100.9618416
18.45603039,-100.9642896
18.44858844,-100.9664035
18.44816392,-100.9665181
18.44801593,-100.9660523
18.44491617,-100.9561722
18.44444433,-100.9546848
18.45555668,-100.9430433
18.45297766,-100.9353518
18.44924611,-100.9310642
18.44355292,-100.9245404
18.44358852,-100.9244571
18.4460603,-100.9208631
18.44689315,-100.91965
18.4483907,-100.91901
18.45031235,-100.9182007
18.45761975,-100.9150872
18.458046,-100.9152166
18.45976022,-100.9157577
18.46567369,-100.9176051
18.47209539,-100.9146286
18.4720362,-100.9089532
18.46721741,-100.903361
18.4635576,-100.8991183
18.4629986,-100.898165
18.46346976,-100.8933202
18.46352834,-100.8926725
18.46392493,-100.8924583
18.47794056,-100.8848525
18.48793625,-100.8794336
18.49265293,-100.873621
18.49113187,-100.8687062
18.48451606,-100.8650382
18.48143533,-100.8633282
18.48127099,-100.8631375
18.47760958,-100.857653
18.4768956,-100.8565849
18.4758887,-100.8550807
18.47311598,-100.836938
18.47326421,-100.8350448
18.4736107,-100.8307196
18.47384983,-100.8277279
18.47428705,-100.8223042
18.47590839,-100.8155828
18.47829186,-100.8057249
18.48056066,-100.7963181
18.45232637,-100.7794795
18.44337492,-100.7792583
18.4413272,-100.7778235
18.43939774,-100.776466
18.43922726,-100.7755336
18.43814662,-100.7695298
18.43721761,-100.7643875
18.42929085,-100.7545447
18.42537749,-100.7496789
18.4249478,-100.749152
18.42530958,-100.7480442
18.4260599,-100.7457857
18.42838115,-100.738782
18.40951725,-100.7294671
18.4084024,-100.7281788
18.4018777,-100.7206469
18.40250529,-100.7166505
18.40301075,-100.7134608
18.41423626,-100.7119429
18.4180423,-100.7083711
18.41743308,-100.6954629
18.4093279,-100.6884804
18.39040969,-100.6856571
18.38890998,-100.6839868
18.38688268,-100.6817435
18.38359486,-100.6752049
18.3798875,-100.6754872
18.37268867,-100.6760283
18.37154034,-100.6761199
18.36039118,-100.6623882
18.36006448,-100.657336
18.34844431,-100.6468544
18.34820601,-100.6466412
18.34668373,-100.6452658
18.34822436,-100.6437866
18.34958109,-100.6424822
18.35075503,-100.6413525
18.35201105,-100.6411694
18.35251818,-100.6410933
18.36360424,-100.6394529
18.36845141,-100.6310678
18.37533961,-100.6266277
18.37722825,-100.6124523
18.37734694,-100.6115887
18.37743018,-100.6109268
18.37755093,-100.6100419
18.37902291,-100.6099724
18.38671155,-100.6095745
18.38718209,-100.6087215
18.39044985,-100.6027621
18.3905467,-100.6025953
18.39971838,-100.5963831
18.40105554,-100.5971325
18.4030008,-100.5982002
18.40468576,-100.5991309
18.4072488,-100.5975525
18.40863317,-100.5888458
18.40992134,-100.5891903
18.41540964,-100.5906553
18.4290464,-100.6149774
18.43867822,-100.6321598
18.44269266,-100.6357677
18.45774218,-100.63782
18.45762507,-100.6478989
18.46308196,-100.6499217
18.48965302,-100.6962018
18.48693551,-100.7021769
18.48604745,-100.7041368
18.5158911,-100.7249572
18.52058871,-100.7325196
18.51860687,-100.743315
18.53852466,-100.7539746
18.54920622,-100.7596964
18.56134955,-100.7637855
18.57622347,-100.7576292
18.59466222,-100.7600625
18.59815133,-100.759504
18.63351337,-100.7538518
18.64174141,-100.7593458
18.65430406,-100.7592081
18.66399505,-100.7631753
18.67651069,-100.7605807
18.69223557,-100.7706684
18.68699899,-100.7846142
18.68720731,-100.7846289
18.71482937,-100.7794502
18.73200817,-100.7712845
18.74170678,-100.7761075
18.74495074,-100.7809438
18.74142028,-100.7876886
18.74707262,-100.797134
18.76092144,-100.7900768
18.76471747,-100.7938091
18.78746065,-100.7962508
18.79890605,-100.7818453
18.82773806,-100.7903357
18.83522143,-100.7909398
18.83646034,-100.7873773
18.84745815,-100.7814169
18.85918591,-100.7783878
18.86410525,-100.7709491
18.86622177,-100.7596357
18.8664472,-100.7584234
18.86811165,-100.7494797
18.86817244,-100.7491677
18.86656589,-100.748695
18.85804324,-100.7462076
18.86027142,-100.7365553
18.86023194,-100.7361658
18.8546252,-100.7380674
18.8507868,-100.735975
18.85051367,-100.7336405
18.85023064,-100.7312086
18.84939075,-100.7239604
18.84563668,-100.7200918
18.83740683,-100.7116299
18.83596355,-100.7101411
18.83501365,-100.709173
18.82677318,-100.7111264
18.82533648,-100.7114609
18.82315048,-100.7015053
18.82273577,-100.6996124
18.82071302,-100.7012765
18.81654169,-100.7047175
18.81504028,-100.7059463
18.81351203,-100.7072134
18.81243109,-100.7068005
18.80481925,-100.7039089
18.80266338,-100.7048325
18.79879356,-100.7064805
18.79793596,-100.7046634
18.79642364,-100.701467
18.7939335,-100.6961792
18.79462851,-100.695935
18.80542319,-100.6920838
18.80506823,-100.6918686
18.80198294,-100.6900158
18.80468934,-100.6878627
18.80348574,-100.6848108
18.80296715,-100.6834849
18.80686469,-100.6839963
18.80930496,-100.68041
18.81017086,-100.6790065
18.81306919,-100.6791353
18.81752385,-100.6791588
18.81842641,-100.6736879
18.81943189,-100.6675908
18.82178012,-100.6720627
18.82465167,-100.6722297
18.82492322,-100.6722223
18.8271861,-100.6721552
18.83412088,-100.665945
18.83409121,-100.6646403
18.83399595,-100.6600318
18.83927686,-100.6511721
18.83989335,-100.6512635
18.84109921,-100.6514489
18.84596782,-100.6521806
18.84684729,-100.6523169
18.84722064,-100.6505326
18.84768979,-100.6483264
18.84854975,-100.6442762
18.84888941,-100.6437879
18.8592896,-100.6454511
18.85991255,-100.6442442
18.86169235,-100.640798
18.86567021,-100.6401259
18.8665652,-100.6399719
18.86691553,-100.6227224
18.86692716,-100.6220137
18.87295754,-100.6210374
18.87831875,-100.6201509
18.87861836,-100.6192514
18.88001122,-100.6151376
18.88389447,-100.6140257
18.88680246,-100.6131995