1768,HIDALGO
21.2792294,-99.04321907
21.28203371,-99.04085991
21.28358791,-99.03956436
21.28366081,-99.03770345
21.28396345,-99.02990606
21.2865296,-99.02651075
21.28946707,-99.02261076
21.29148431,-99.01993189
21.29161318,-99.0195586
21.29288419,-99.01585027
21.29679255,-99.00452176
21.29750522,-99.00244541
21.29895844,-98.99232116
21.29778971,-98.98504969
21.29683763,-98.97911482
21.29637134,-98.97618594
21.29640519,-98.97606169
21.29975567,-98.97520907
21.30154371,-98.97474993
21.30298854,-98.974376
21.30574043,-98.96896033
21.30616595,-98.96707415
21.30658243,-98.96519057
21.3061422,-98.9649608
21.30245599,-98.96307066
21.30157404,-98.95614139
21.30347869,-98.95515876
21.30784516,-98.95291443
21.31012768,-98.9453924
21.30369534,-98.94235451
21.29424919,-98.94020392
21.2978188,-98.93262641
21.29267193,-98.92943172
21.27787896,-98.92634167
21.26818507,-98.92767688
21.2628666,-98.92091657
21.2580385,-98.92139024
21.25514631,-98.91748928
21.25491019,-98.91748259
21.25205027,-98.91743683
21.25053378,-98.91739899
21.24831807,-98.92004687
21.24653629,-98.92215951
21.24013909,-98.91862721
21.24051076,-98.91635335
21.24142196,-98.91068357
21.24028556,-98.90654929
21.23866861,-98.90065214
21.23858996,-98.90035385
21.2337308,-98.89973742
21.2314011,-98.89943055
21.23230231,-98.90718312
21.23241171,-98.90810508
21.23100637,-98.9095241
21.22611358,-98.91443055
21.22569531,-98.91484186
21.22553118,-98.91435437
21.22369733,-98.90893708
21.22313713,-98.90726569
21.22284023,-98.90694583
21.21712061,-98.90461886
21.21582101,-98.90408496
21.21214872,-98.90336132
21.21008782,-98.89616663
21.20408694,-98.89653258
21.18956833,-98.87661779
21.18927941,-98.85764481
21.17358576,-98.84655723
21.16635237,-98.82901053
21.1614878,-98.82551629
21.16098099,-98.82514849
21.16124898,-98.82319499
21.16210625,-98.81684941
21.16380443,-98.80428175
21.16456714,-98.798659
21.16321922,-98.79756871
21.15953575,-98.79460143
21.16689013,-98.78825297
21.17674192,-98.7901901
21.17897483,-98.79063274
21.17841694,-98.79952198
21.18924716,-98.80832715
21.1934837,-98.80779837
21.19044927,-98.79680414
21.18394094,-98.79806476
21.18332631,-98.79818584
21.18614932,-98.79343969
21.18766617,-98.79089952
21.1870919,-98.787756
21.185881,-98.7811028
21.18443479,-98.77966165
21.18126438,-98.77651032
21.17399804,-98.77452664
21.17183466,-98.77393989
21.17282248,-98.77258087
21.17828171,-98.76506654
21.18489284,-98.76481558
21.18472119,-98.74518228
21.18810828,-98.74100191
21.19220635,-98.7416502
21.18166807,-98.73480019
21.17931144,-98.72730705
21.18073222,-98.72753618
21.18361949,-98.72801026
21.18324357,-98.72317117
21.1840165,-98.72239268
21.18674416,-98.71965524
21.18493097,-98.71932689
21.18406545,-98.71917382
21.18369983,-98.71440463
21.1870668,-98.70679818
21.18378095,-98.70173279
21.17569916,-98.70028354
21.16620275,-98.70562299
21.16109862,-98.70209789
21.16656381,-98.69417957
21.18217999,-98.69484326
21.18767784,-98.6922186
21.19094293,-98.68498645
21.20032614,-98.68323804
21.19489312,-98.66962681
21.18373436,-98.66153231
21.18305028,-98.65888564
21.18558436,-98.65813801
21.18100907,-98.65146081
21.18449935,-98.64093206
21.1944081,-98.6173507
21.20218854,-98.60883617
21.20540548,-98.60819366
21.24791167,-98.59964909
21.2496027,-98.60794985
21.25328242,-98.60893416
21.25916038,-98.5997712
21.26883204,-98.60489844
21.2751678,-98.60122796
21.27638191,-98.6039911
21.28278765,-98.59571121
21.28559716,-98.59592574
21.28596089,-98.59595527
21.2862166,-98.60092432
21.28624963,-98.60159416
21.28703409,-98.60135883
21.28774656,-98.60115196
21.29255315,-98.59973984
21.29738554,-98.60234889
21.2995723,-98.60354063
21.30164858,-98.60466256
21.30194258,-98.60482221
21.30183168,-98.60514223
21.30160988,-98.60578225
21.29954522,-98.6117354
21.2993832,-98.61220682
21.30378567,-98.61754903
21.31339215,-98.62920726
21.30611186,-98.64032309
21.32076565,-98.65956345
21.32136358,-98.66034293
21.32429146,-98.6705751
21.34177553,-98.68362107
21.34418252,-98.68243775
21.34860653,-98.67715936
21.34715416,-98.65299452
21.36615262,-98.64387725
21.36690726,-98.64351923
21.36633153,-98.64003294
21.36618501,-98.63914751
21.36506588,-98.63241891
21.36460521,-98.62963479
21.36447982,-98.62888694
21.36325423,-98.6284671
21.36151644,-98.62787117
21.3608577,-98.62763577
21.36003449,-98.6273512
21.36047998,-98.6269718
21.36446376,-98.62362791
21.3643281,-98.62323887
21.36307268,-98.61982312
21.36008137,-98.61960043
21.35926327,-98.61954834
21.35949673,-98.61902163
21.36158079,-98.61433729
21.36077621,-98.61202468
21.35870172,-98.60606681
21.35782943,-98.6035719
21.35978196,-98.59748322
21.3618864,-98.59619199
21.36495801,-98.59430931
21.37217577,-98.58988408
21.37232767,-98.58570342
21.37241772,-98.58322993
21.36961332,-98.58203178
21.37314025,-98.58103349
21.37443272,-98.57672195
21.37452558,-98.57640947
21.37391959,-98.57488403
21.37104243,-98.56760444
21.37280776,-98.56577375
21.37439564,-98.56412684
21.37622291,-98.56222664
21.37692373,-98.56150123
21.37713231,-98.56068424
21.3793617,-98.55204773
21.38369292,-98.54928581
21.38417621,-98.54898022
21.3828099,-98.54796619
21.38039155,-98.54618937
21.38391858,-98.54399795
21.38377703,-98.54335708
21.38290029,-98.53950535
21.37899947,-98.53881116
21.37764991,-98.53172273
21.37623551,-98.53420147
21.3672795,-98.5295412
21.36753502,-98.52719913
21.36805188,-98.52237673
21.36825396,-98.52048422
21.36412866,-98.52030037
21.36326292,-98.5185543
21.36172209,-98.51546426
21.36413582,-98.51502856
21.36482275,-98.5148993
21.36476295,-98.51426612
21.36418533,-98.50843774
21.36742447,-98.50678121
21.36763971,-98.50666659
21.36935076,-98.51004782
21.37202195,-98.51533514
21.37452358,-98.51277959
21.37802774,-98.50920693
21.38164693,-98.50550752
21.38570863,-98.50727725
21.38611976,-98.50699518
21.38636084,-98.50681929
21.38897037,-98.50501892
21.3886611,-98.50459324
21.38636493,-98.5014328
21.38506201,-98.49963252
21.38882741,-98.49281277
21.39114861,-98.48873704
21.3978224,-98.48683719
21.39730265,-98.48357215
21.39715523,-98.48268668
21.39692153,-98.48120737
21.38795337,-98.48201662
21.3882715,-98.48085005
21.38898199,-98.4781927
21.39043715,-98.47279219
21.38010754,-98.46927401
21.37332731,-98.46615481
21.35876055,-98.46941118
21.35161605,-98.46387964
21.34795577,-98.46457431
21.34367172,-98.47798048
21.34983245,-98.48457255
21.3405393,-98.49613955
21.32740823,-98.49788675
21.32080952,-98.50465343
21.31596262,-98.49831343
21.30810561,-98.50761378
21.30978277,-98.51229723
21.29333798,-98.52358861
21.29578187,-98.5264819
21.29437666,-98.53095899
21.28648432,-98.53236364
21.26249529,-98.54525104
21.25833294,-98.53779574
21.2486849,-98.53221074
21.25296673,-98.52410741
21.24462517,-98.5161274
21.24619897,-98.50474415
21.24646349,-98.50281539
21.24657207,-98.50200653
21.24725,-98.49712364
21.25053665,-98.49676447
21.25102132,-98.49454426
21.2513499,-98.49303976
21.25147332,-98.49248464
21.2521979,-98.47740707
21.24925851,-98.46841907
21.23253271,-98.46893104
21.23209754,-98.47879535
21.22948298,-98.48153575
21.22075108,-98.47837618
21.2195538,-98.47486703
21.22382928,-98.46780194
21.2186043,-98.46636862
21.21064004,-98.4536485
21.20559718,-98.45929378
21.2003345,-98.4472395
21.19010618,-98.44806379
21.18157105,-98.44363194
21.17383348,-98.4298147
21.16812242,-98.43206368
21.16712455,-98.43014277
21.16392286,-98.42286415
21.15268041,-98.41215975
21.15463653,-98.41042644
21.15426253,-98.40880126
21.15321187,-98.40426248
21.15437751,-98.40404023
21.15592331,-98.40377394
21.15721548,-98.40352895
21.15567383,-98.4012722
21.15821586,-98.40014226
21.15663683,-98.3982276
21.15738843,-98.396998
21.15796522,-98.39605367
21.15879564,-98.3947034
21.15917188,-98.39410792
21.16050021,-98.39193391
21.16016236,-98.39107939
21.16000792,-98.39068924
21.15937066,-98.3890711
21.16121467,-98.38798142
21.16224421,-98.38737804
21.1618974,-98.38691322
21.15982691,-98.38418216
21.15853374,-98.38246558
21.15533839,-98.37823133
21.15997388,-98.36702988
21.15889217,-98.36467156
21.15824103,-98.36324502
21.15788672,-98.36246844
21.15741763,-98.36144581
21.15631677,-98.35904938
21.15805049,-98.35638754
21.1596529,-98.35392996
21.15935336,-98.35354862
21.1575199,-98.35088666
21.15957299,-98.35096159
21.16134147,-98.34216635
21.16717775,-98.3425471
21.16828595,-98.34106546
21.18164563,-98.32323624
21.18561178,-98.31794041
21.1866933,-98.31649055
21.18347737,-98.31110583
21.18403844,-98.30990732
21.18467496,-98.30807525
21.1805871,-98.30831328
21.18085146,-98.30798424
21.18257148,-98.30591679
21.18332994,-98.30500075
21.18061764,-98.30169052
21.17767166,-98.29810379
21.18129304,-98.29884365
21.1812289,-98.2935735
21.1712619,-98.27971736
21.16144074,-98.28605604
21.16022488,-98.29205498
21.15770044,-98.29313088
21.15192351,-98.29557835
21.15114199,-98.29591433
21.15024452,-98.29558589
21.14782705,-98.29470912
21.14677398,-98.29432694
21.14601145,-98.29245161
21.14473794,-98.28934473
21.14239293,-98.28360689
21.14166914,-98.28183704
21.14048939,-98.28184546
21.13646035,-98.28188426
21.13672719,-98.28091427
21.1411333,-98.26470078
21.13045584,-98.25084646
21.13478111,-98.24291139
21.1424989,-98.23674813
21.14008614,-98.23312951
21.14257044,-98.23375655
21.14300845,-98.23016935
21.15039639,-98.22610416
21.15053195,-98.22167135
21.15070562,-98.21621667
21.14884978,-98.21641401
21.14470344,-98.21684992
21.14364152,-98.21208818
21.14287165,-98.2084938
21.1380422,-98.20517603
21.13329662,-98.20560255
21.12654045,-98.20620667
21.12133192,-98.19567637
21.11686229,-98.19770596
21.10714225,-98.2021229
21.10953251,-98.19058118
21.11044541,-98.18460657
21.10972089,-98.18321732
21.10509534,-98.17428306
21.10341524,-98.17352077
21.10023863,-98.17207808
21.09801691,-98.17107254
21.09604467,-98.16843265
21.09464554,-98.16656959
21.08417371,-98.1525839
21.08238907,-98.15019787
21.08063289,-98.14786186
21.07434453,-98.1475656
21.07276182,-98.14851023
21.06826447,-98.15121111
21.06635079,-98.15234884
21.0629262,-98.15439996
21.05866031,-98.15295787
21.05300256,-98.15102871
21.05146484,-98.15051674
21.0476348,-98.15088249
21.04636759,-98.15102024
21.04379612,-98.15126538
21.03318273,-98.15473727
21.02899601,-98.16148842
21.02538482,-98.16189347
21.01780941,-98.16274015
21.02078898,-98.16609645
21.02232076,-98.1678218
21.02062522,-98.1751295
21.02994504,-98.1830575
21.03050956,-98.18858071
21.0260872,-98.19067068
21.01799847,-98.188773
21.01596336,-98.19633383
21.0099667,-98.20263603
20.99460872,-98.20074968
20.98959699,-98.21492573
20.97369286,-98.21588728
20.97222213,-98.21111169
20.96781701,-98.21207142
20.96706536,-98.20957791
20.96256228,-98.21353809
20.95509096,-98.21455246
20.95245317,-98.21614585
20.95952986,-98.22815483
20.94539911,-98.22925335
20.94096257,-98.23482367
20.9229655,-98.23885228
20.92162969,-98.23915037
20.91983057,-98.2372205
20.91753726,-98.23475635
20.91526712,-98.23212984
20.91757224,-98.22441797
20.9180497,-98.22280845
20.9078822,-98.22891979
20.90555911,-98.22525682
20.90505094,-98.22819501
20.9000257,-98.23307032
20.89728185,-98.25099872
20.87346202,-98.25959832
20.86686451,-98.26552625
20.85881805,-98.2563939
20.85444919,-98.25882745
20.8486476,-98.25501832
20.84659119,-98.26256434
20.84027209,-98.25910992
20.82762431,-98.25218783
20.82130353,-98.25347111
20.81669524,-98.23842443
20.81749378,-98.22593457
20.80099548,-98.23545821
20.7964284,-98.23388488
20.795972,-98.24002788
20.80266254,-98.2445508
20.80098405,-98.247512
20.79560245,-98.24971001
20.79234476,-98.24602511
20.7892141,-98.24787091
20.79312363,-98.2540804
20.78540561,-98.26202394
20.78530277,-98.27562028
20.78205814,-98.27950198
20.7857318,-98.28427836
20.78566888,-98.28951968
20.77784317,-98.29870593
20.78228045,-98.30431326
20.79987907,-98.29808894
20.79613828,-98.30286468
20.80125276,-98.3079622
20.78846916,-98.31518506
20.78330037,-98.3254868
20.79743328,-98.34301943
20.8098775,-98.3152538
20.81724662,-98.31678001
20.82063101,-98.32880533
20.82918436,-98.32939285
20.83244497,-98.33857054
20.83157603,-98.34509511
20.83466551,-98.34943471
20.83684407,-98.352496
20.83886948,-98.35219021
20.84733292,-98.35091616
20.85029903,-98.35048108
20.85310195,-98.35005281
20.85468014,-98.34812269
20.85737775,-98.34481297
20.86365513,-98.34584958
20.85868739,-98.35517287
20.85786249,-98.35673023
20.86146438,-98.36011818
20.86174783,-98.36249039
20.86190579,-98.36378709
20.86232462,-98.3672732
20.86236894,-98.36760992
20.86146056,-98.36871572
20.85852415,-98.37230903
20.85212134,-98.3801152
20.85643211,-98.39046701
20.85438077,-98.39390086
20.85914535,-98.40121692
20.84897489,-98.41402855
20.8504587,-98.42079496
20.84785303,-98.430035
20.84102374,-98.43213924
20.8336259,-98.44331717
20.82626614,-98.44485779
20.81926222,-98.4527178
20.81171879,-98.45221417
20.81001401,-98.44914665
20.80886868,-98.44945186
20.79004664,-98.45443441
20.78518578,-98.46315465
20.77970132,-98.46104072
20.77117045,-98.46529021
20.75560788,-98.45588237
20.75123388,-98.44962815
20.74620247,-98.46075245
20.74631429,-98.46831214
20.7395327,-98.47561305
20.73655887,-98.49934144
20.73432582,-98.50325509
20.73347979,-98.5047431
20.7338637,-98.50486577
20.74416575,-98.50817748
20.74321098,-98.51602021
20.74014033,-98.51784297
20.73304155,-98.51413439
20.73236719,-98.50766547
20.72899957,-98.51236532
20.7271969,-98.51487616
20.72717925,-98.5156916
20.72703424,-98.52126036
20.72604103,-98.52226973
20.71717359,-98.53131777
20.70754068,-98.53026358
20.70051748,-98.53304052
20.69227876,-98.54182414
20.68955345,-98.55008488
20.66847122,-98.54266317
20.66502468,-98.53233996
20.68233568,-98.52632713
20.68407832,-98.51840021
20.68955417,-98.51582189
20.69519325,-98.50136442
20.70173464,-98.49462553
20.70630113,-98.47584949
20.71361349,-98.4605369
20.71438412,-98.4597283
20.72183114,-98.45181729
20.72518711,-98.44825451
20.72950834,-98.44367508
20.73327183,-98.44202779
20.73734932,-98.44022743
20.74866319,-98.42466336
20.7482952,-98.42444884
20.7416456,-98.42065098
20.72228958,-98.42987358
20.71784849,-98.43241422
20.71563099,-98.42916494
20.70881458,-98.4391601
20.71040138,-98.44377611
20.69474369,-98.4458666
20.70159543,-98.45019905
20.69632348,-98.45994182
20.69593227,-98.45989664
20.68853423,-98.4589819
20.68546774,-98.45860679
20.67755953,-98.46111619
20.67263273,-98.46268189
20.67128183,-98.4631174
20.66746266,-98.46432133
20.65567438,-98.48422769
20.65332104,-98.48644102
20.65249478,-98.48720235
20.64844513,-98.49100919
20.64439524,-98.49480858
20.63581404,-98.49528924
20.59880139,-98.48016813
20.59016491,-98.48020539
20.58811636,-98.4822508
20.58896225,-98.49651013
20.59596247,-98.50660465
20.59266694,-98.50888673
20.59087166,-98.51012307
20.58935337,-98.51117398
20.58965279,-98.51157091
20.59185237,-98.51451782
20.5888631,-98.51670743
20.5868641,-98.51816326
20.58745413,-98.52254391
20.58438444,-98.5208189
20.57903814,-98.52309302
20.57512946,-98.52475435
20.54667349,-98.52535169
20.52939336,-98.53542199
20.51833539,-98.55545631
20.50906897,-98.55809744
20.50811199,-98.57076234
20.50196953,-98.58727961
20.48531293,-98.58604441
20.48250509,-98.58583857
20.47979762,-98.58080949
20.47901227,-98.57936847
20.47287438,-98.57630859
20.46375483,-98.57177002
20.44728665,-98.55476943
20.44685012,-98.55432098
20.4370184,-98.55240382
20.43613466,-98.55223629
20.4349966,-98.55005424
20.43172935,-98.55238956
20.41554953,-98.55015362
20.40312815,-98.54843804
20.402008,-98.54864463
20.39513272,-98.54987846
20.39230754,-98.54570537
20.39167844,-98.54476658
20.39151891,-98.54533107
20.39070435,-98.54820923
20.38844832,-98.54513293
20.37678668,-98.54570506
20.3758553,-98.54463703
20.37473746,-98.54334771
20.36201633,-98.54798686
20.36010906,-98.54868239
20.3562099,-98.54275366
20.35690145,-98.54205068
20.35810771,-98.54084639
20.35059842,-98.53613095
20.34971509,-98.53558131
20.34614703,-98.53385019
20.34337772,-98.52499144
20.34262429,-98.52258723
20.33887464,-98.51926958
20.33685631,-98.51748469
20.33717076,-98.51656058
20.33903929,-98.51062439
20.33526268,-98.50574993
20.33812551,-98.49613586
20.33579635,-98.4942584
20.33496869,-98.46790804
20.33114537,-98.46147581
20.34283635,-98.45868381
20.36502767,-98.4533797
20.3652486,-98.44768904
20.37017279,-98.44646066
20.37023561,-98.43712817
20.37440966,-98.43679452
20.37069847,-98.42670049
20.3721681,-98.42708972
20.3878523,-98.43133166
20.38176866,-98.42143424
20.39109903,-98.41740624
20.38673795,-98.40712188
20.38862923,-98.39810504
20.3832629,-98.38985658
20.38694235,-98.38665084
20.40273422,-98.39307708
20.40459822,-98.38981843
20.39847138,-98.37593941
20.40224155,-98.37046216
20.40015421,-98.36017729
20.4155191,-98.33363284
20.41819455,-98.3212043
20.42345095,-98.31686303
20.42392394,-98.31841395
20.42449515,-98.32027497
20.42723507,-98.31953394
20.44576895,-98.31578077
20.44620519,-98.31506384
20.45518522,-98.30043097
20.46065133,-98.29577631
20.46468646,-98.29234218
20.46943916,-98.28114342
20.48113948,-98.27545882
20.48194328,-98.27234618
20.48225756,-98.27110276
20.48839532,-98.2661193
20.49122402,-98.2638242
20.49333265,-98.26176316
20.49561862,-98.25953587
20.50009311,-98.25518004
20.50021794,-98.25324838
20.50059957,-98.24738094
20.501343,-98.24699197
20.50344832,-98.24590797
20.50162326,-98.24143782
20.50107333,-98.24010986
20.50476404,-98.23599892
20.5065387,-98.23402117
20.50984066,-98.23033724
20.51143537,-98.23098609
20.51353398,-98.23183275
20.51971495,-98.22900233
20.52169592,-98.22510202
20.52737041,-98.21394003
20.52782002,-98.21304859
20.52820933,-98.21228645
20.52742164,-98.20907252
20.52259239,-98.18935198
20.52706874,-98.18550571
20.52875367,-98.17491682
20.52896502,-98.17357932
20.53216739,-98.17103981
20.54073367,-98.16424958
20.54188999,-98.16009178
20.5423972,-98.15825929
20.54440875,-98.15815391
20.54967342,-98.15788614
20.55328223,-98.15312594
20.55408144,-98.15207967
20.55805022,-98.15294918
20.56407163,-98.15426123
20.56341096,-98.15181383
20.56252047,-98.14853246
20.58399669,-98.13063435
20.5901319,-98.12998397
20.58583342,-98.12258439
20.59111285,-98.12324699
20.59256491,-98.12147808
20.59442189,-98.11922051
20.5959414,-98.12259281
20.59759524,-98.12625524
20.59686974,-98.12127973
20.60002286,-98.11790073
20.60539295,-98.11215459
20.60750385,-98.10989659
20.61182619,-98.10860593
20.61317422,-98.10987293
20.61513573,-98.11171257
20.61504607,-98.11068876
20.61440663,-98.10306713
20.61430538,-98.1019473
20.61420055,-98.10068783
20.61490358,-98.10050368
20.61903193,-98.09943511
20.62355701,-98.09826826
20.62293684,-98.09000711
20.62287011,-98.08917535
20.62280041,-98.08822803
20.6328068,-98.08144633
20.65126674,-98.07736279
20.65493033,-98.07199267
20.66121696,-98.07228209
20.66281577,-98.07235125
20.66314361,-98.07204525
20.66585357,-98.06945967
20.67166636,-98.07565378
20.67700984,-98.07525733
20.6740501,-98.06710215
20.67045638,-98.06743828
20.66596739,-98.05981519
20.65179715,-98.05608603
20.64521211,-98.0373075
20.63709197,-98.05062139
20.62828725,-98.03513449
20.63244251,-98.0302364
20.63148563,-98.02694639
20.62451876,-98.01867699
20.61493671,-98.02561917
20.60785501,-98.01296213
20.61178989,-98.007302
20.60525751,-98.01217634
20.57974996,-98.03121226
20.56965454,-98.02438436
20.5611445,-98.01885946
20.55377806,-98.0206372
20.55211763,-98.01924839
20.55014194,-98.01760158
20.5420665,-98.02279798
20.52971717,-98.01063581
20.52876428,-98.0189446
20.52535234,-98.01684684
20.52492156,-98.00387428
20.52474756,-97.99863283
20.51707075,-97.9851606
20.50402995,-97.99710867
20.49770373,-97.99012711
20.49634353,-97.99049969
20.48850681,-97.99265317
20.48641698,-97.99322546
20.48486748,-97.99364452
20.48676739,-97.99861185
20.48251986,-97.99855712
20.48210223,-98.00891013
20.47556271,-98.0058732
20.47154275,-98.01172515
20.4629629,-98.01218295
20.45886126,-98.01492239
20.4547871,-98.0128237
20.45459338,-98.0154718
20.45448151,-98.01708989
20.44836042,-98.02136123
20.44750807,-98.02867054
20.44730827,-98.03005287
20.44676478,-98.03391186
20.44195367,-98.0390317
20.44002027,-98.04108557
20.43630375,-98.04504437
20.43869476,-98.04802793
20.44160149,-98.05165825
20.4375144,-98.0591816
20.43476904,-98.06422558
20.43410204,-98.06544567
20.43360444,-98.06584996
20.42413822,-98.07342763
20.4201293,-98.07663086
20.41949522,-98.07631725
20.41566152,-98.07435712
20.40959928,-98.07920266
20.40345418,-98.07731689
20.39649229,-98.08880059
20.38916057,-98.08979925
20.38500782,-98.099069
20.38107646,-98.10035857
20.37529593,-98.10205974
20.37473974,-98.10974318
20.36523831,-98.10607248
20.36179364,-98.1136195
20.35439791,-98.11317556
20.35340509,-98.11550299
20.34521254,-98.12755909
20.34023394,-98.12442196
20.33607739,-98.12826787
20.33236446,-98.13957587
20.33472196,-98.14525258
20.33011525,-98.14638886
20.33247865,-98.15804734
20.32764757,-98.1639523
20.33617386,-98.17579962
20.33664811,-98.18167451
20.30967523,-98.17899593
20.30258763,-98.18104222
20.29437386,-98.17798113
20.29446594,-98.19031872
20.29147867,-98.19201323
20.2912017,-98.19218206
20.29123397,-98.19274599
20.29135517,-98.19505
20.29160407,-98.1995593
20.29479879,-98.20470943
20.29597103,-98.20660907
20.29550594,-98.20760039
20.29348134,-98.21189468
20.29274044,-98.21346813
20.29139658,-98.21632752
20.29456063,-98.22903101
20.29551557,-98.22986248
20.29731417,-98.23142761
20.30118911,-98.23478582
20.30418368,-98.23739469
20.30404795,-98.23814123
20.30316279,-98.24306228
20.3017182,-98.25105151
20.30118306,-98.25399646
20.29693529,-98.25868099
20.28667051,-98.25624655
20.28564806,-98.26077166
20.27203068,-98.26769908
20.26468321,-98.28249308
20.26147838,-98.28311699
20.26025059,-98.28335497
20.24884161,-98.27602271
20.23236389,-98.28468297
20.21844136,-98.28285029
20.21990746,-98.27494024
20.22745786,-98.26586039
20.21857785,-98.26733292
20.21573193,-98.2611513
20.21497537,-98.25952671
20.21599952,-98.25397336
20.21797366,-98.24319275
20.2238822,-98.2360139
20.22570704,-98.2357157
20.23204825,-98.23465521
20.23651397,-98.22929096
20.23786239,-98.21676228
20.23649481,-98.215025
20.23429338,-98.21222275
20.24366528,-98.2083011
20.24616371,-98.20555443
20.24811444,-98.20339729
20.25563485,-98.19508844
20.25936814,-98.18552767
20.25362226,-98.17562391
20.23895269,-98.1611517
20.23910966,-98.15623864
20.22498573,-98.14725118
20.22061697,-98.1470224
20.22032631,-98.14700665
20.21977381,-98.15097418
20.21655578,-98.15499337
20.20931868,-98.15360634
20.20823406,-98.15339936
20.2023584,-98.1445348
20.19895355,-98.13940035
20.18556416,-98.12793935
20.18139607,-98.12810659
20.17975985,-98.13152525
20.17917414,-98.13274519
20.17470832,-98.13181608
20.17157822,-98.13115866
20.17114053,-98.1310679
20.16594125,-98.13027514
20.16545984,-98.13309608
20.16055098,-98.12981687
20.15910194,-98.13346256
20.15491821,-98.13265518
20.15437774,-98.13957394
20.15433635,-98.14008656
20.15380279,-98.13988087
20.14734509,-98.13730137
20.14775192,-98.12443699
20.14204851,-98.10571438
20.1459842,-98.09932732
20.13958881,-98.10352586
20.13742139,-98.10495192
20.12896398,-98.10302012
20.12376426,-98.10680429
20.12321563,-98.10733859
20.12033083,-98.11014615
20.12026684,-98.11083455
20.11974331,-98.1166013
20.1212077,-98.11960084
20.12325601,-98.12380324
20.12356226,-98.12443064
20.12300322,-98.12455946
20.1073076,-98.1282754
20.10682396,-98.12993824
20.10403816,-98.13949888
20.09704156,-98.14541062
20.0936573,-98.15716167
20.09331498,-98.15832822
20.09249025,-98.15835161
20.08720641,-98.15849665
20.08350836,-98.15858712
20.08237543,-98.15861685
20.05690621,-98.16819999
20.05135105,-98.17699702
20.04504989,-98.18103272
20.0346717,-98.17442563
20.02902938,-98.17544852
20.02228722,-98.16379831
20.01016177,-98.17168028
20.00201147,-98.17106144
20.0010756,-98.17170907
19.99741252,-98.17425167
19.98308651,-98.16429377
19.97481813,-98.16401935
19.97032843,-98.16829234
19.96202866,-98.18114858
19.96100174,-98.1933243
19.96267256,-98.2017318
19.96373044,-98.20704195
19.9648498,-98.21264299
19.9683645,-98.21321619
19.96847806,-98.21449585
19.96860534,-98.21596217
19.95601096,-98.22657544
19.94830531,-98.2215706
19.94861498,-98.25085185
19.94584243,-98.25387973
19.94064888,-98.24225236
19.9272108,-98.25547552
19.92462846,-98.24602339
19.91731006,-98.24856296
19.91700826,-98.25139247
19.91513906,-98.2689868
19.90404849,-98.26748482
19.90128323,-98.26455556
19.90013933,-98.26781288
19.89671665,-98.26764345
19.8963444,-98.26836067
19.88751937,-98.28562009
19.88963125,-98.29151013
19.88890256,-98.29100525
19.88551692,-98.28864159
19.87954022,-98.29229641
19.87573155,-98.29079988
19.8698486,-98.30423486
19.85473322,-98.31427765
19.85351808,-98.31240843
19.85121019,-98.30885842
19.84664095,-98.30181738
19.8454162,-98.29993188
19.84608838,-98.29626979
19.84816018,-98.28497035
19.84781537,-98.27756999
19.84778242,-98.27696719
19.843345,-98.26760719
19.84310568,-98.26709393
19.84175016,-98.26691084
19.83288062,-98.26572959
19.82254662,-98.26435648
19.81822575,-98.25423854
19.81648265,-98.25378128
19.79908698,-98.24916528
19.79514784,-98.25082834
19.79288152,-98.24718154
19.79089809,-98.24397723
19.77620156,-98.23341026
19.77424065,-98.22966478
19.77948559,-98.22401895
19.77816125,-98.21636477
19.77271969,-98.21956927
19.77375925,-98.20602877
19.76291123,-98.19356845
19.76202122,-98.1978407
19.75819905,-98.19871867
19.752889,-98.19522364
19.74957155,-98.19814629
19.74157813,-98.1957441
19.73810235,-98.21007244
19.74079731,-98.21632645
19.72210251,-98.23778312
19.71889846,-98.24969295
19.71766938,-98.25424561
19.71742895,-98.25515454
19.71464412,-98.26353141
19.72127927,-98.26973453
19.72368263,-98.27197821
19.72650234,-98.28120205
19.72614689,-98.28112562
19.71682417,-98.2791647
19.72630875,-98.2932731
19.72340246,-98.29269184
19.72287877,-98.30130583
19.72697905,-98.31218521
19.72205262,-98.33069579
19.71051924,-98.33287654
19.7039738,-98.32876485
19.69670624,-98.32964331
19.7010433,-98.32045639
19.68523619,-98.3235837
19.62893511,-98.36615016
19.61162661,-98.37961545
19.60913536,-98.38157583
19.61304929,-98.39668383
19.61744715,-98.4127676
19.61371341,-98.43005615
19.61776155,-98.45340846
19.61370388,-98.46750205
19.61651445,-98.47802338
19.61969132,-98.4899084
19.61398637,-98.49250463
19.60908405,-98.49023024
19.60719106,-98.49420571
19.60296022,-98.50135474
19.6029124,-98.5189317
19.61443568,-98.52770727
19.61894568,-98.52476044
19.62632538,-98.52994096
19.63399958,-98.53532022
19.61843545,-98.54999922
19.62406199,-98.54988505
19.62523216,-98.55549241
19.62756132,-98.55547163
19.62692503,-98.56336828
19.63718106,-98.56074331
19.6402538,-98.5659229
19.63994799,-98.56722704
19.6370576,-98.57969454
19.63022178,-98.58366227
19.61911847,-98.59013067
19.61728932,-98.5918243
19.60481348,-98.60337611
19.60111734,-98.61074726
19.60116718,-98.61378282
19.60141094,-98.63038592
19.59721061,-98.63348374
19.60752824,-98.6470641
19.60547337,-98.66441305
19.62969503,-98.67271538
19.64396342,-98.66780215
19.6522937,-98.6706764
19.65947688,-98.66920378
19.660587,-98.66898279
19.66142024,-98.6656563
19.65698888,-98.66489433
19.65338395,-98.6588591
19.65448255,-98.65401438
19.64893071,-98.64318136
19.65529393,-98.63459665
19.65609039,-98.62314486
19.66096777,-98.62032278
19.66942212,-98.63767967
19.67286055,-98.63903001
19.67787427,-98.630501
19.6961991,-98.6237699
19.70628707,-98.63101884
19.70931346,-98.6342151
19.72012841,-98.63380343
19.72931681,-98.61816191
19.72489817,-98.60786323
19.73489529,-98.60371917
19.75747652,-98.60162929
19.7654417,-98.59661778
19.76433734,-98.60072974
19.76819086,-98.59994373
19.76772746,-98.60879443
19.77893168,-98.62049806
19.77844062,-98.62653195
19.80050067,-98.6221545
19.80113866,-98.62841035
19.81119953,-98.63440623
19.81358399,-98.64176176
19.82099991,-98.64624858
19.8239889,-98.65185587
19.8327248,-98.65741765
19.83417916,-98.66375804
19.83466054,-98.66585644
19.83266484,-98.67323252
19.83227912,-98.67465996
19.81651973,-98.67167642
19.81373332,-98.67814634
19.83125307,-98.69655816
19.8335803,-98.6939338
19.85329248,-98.67163912
19.86292256,-98.67293615
19.86019939,-98.68106215
19.84956844,-98.68498258
19.85737507,-98.69786979
19.85388972,-98.70394363
19.85422927,-98.71248051
19.85671093,-98.71528796
19.85702697,-98.71564685
19.85796347,-98.71618716
19.86203156,-98.71856828
19.86325507,-98.72315532
19.86705335,-98.73741457
19.87074304,-98.73865794
19.87228648,-98.73917669
19.87571708,-98.75538923
19.87412531,-98.76193467
19.88342731,-98.7802153
19.87297974,-98.7942014
19.87047753,-98.7912106
19.86075523,-98.79107161
19.85620012,-98.7947512
19.86433199,-98.80631023
19.86512282,-98.81243674
19.88173397,-98.84368622
19.88933616,-98.84171698
19.90390437,-98.85557421
19.89266517,-98.86625595
19.89532761,-98.8718089
19.90080938,-98.88528425
19.89406195,-98.89182278
19.89551477,-98.89546776
19.87143827,-98.91432772
19.86563399,-98.90979046
19.86240238,-98.90470857
19.8584082,-98.90668504
19.84325219,-98.90460168
19.84344069,-98.90850658
19.84359546,-98.91165054
19.83979587,-98.91739705
19.84329705,-98.92417056
19.84206509,-98.92824417
19.79976068,-98.94875319
19.80752872,-98.97400057
19.81319201,-98.97522017
19.82816822,-99.00806487
19.83385634,-99.00045943
19.86591722,-99.02360697
19.89217382,-98.96645481
19.88399291,-98.95365122
19.88709544,-98.95148496
19.89342976,-98.96080762
19.8964242,-98.9550566
19.90534135,-98.95664174
19.90661599,-98.95284354
19.92826976,-98.9561152
19.92496634,-98.96183852
19.93367706,-98.96850573
19.93883028,-98.98275816
19.94568662,-98.98466712
19.94182028,-98.99910184
19.95697129,-98.99543903
19.95354082,-98.98158458
19.97405786,-98.96603472
19.97402583,-98.94726678
19.97795506,-98.94291757
20.00059046,-98.94216965
20.00078272,-98.94226124
20.01013766,-98.94707458
20.02315951,-98.94485525
20.03013096,-98.95018136
20.02804573,-98.95471364
20.03141874,-98.9637527
20.03467758,-98.95894705
20.03996649,-98.95997019
20.04288521,-98.96398995
20.04415425,-98.96895596
20.06674563,-98.99006795
20.06015257,-98.99873616
20.05421692,-99.00030705
20.05303219,-99.00551754
20.03586835,-99.01019528
20.03258889,-99.00437415
20.02782235,-99.00544853
20.00849788,-99.01365769
20.001953,-99.01375152
20.00064771,-99.01377309
19.99317841,-99.01388727
19.99018872,-99.01770344
19.98940224,-99.01874704
19.98832424,-99.02018309
19.98254237,-99.0088225
19.98071077,-99.01342339
19.97839239,-99.00712778
19.96427572,-99.00350279
19.96429273,-99.02694218
19.97215573,-99.03490711
19.97326475,-99.03458795
19.97638421,-99.03367815
19.98322736,-99.03679177
19.99284428,-99.0296587
20.00069669,-99.03012452
20.01456835,-99.03096936
20.00813422,-99.04882345
20.00075055,-99.04821442
19.99956094,-99.04812282
19.99507436,-99.04774812
19.99068459,-99.05141659
19.99062876,-99.05554457
19.99059681,-99.05763623
19.98660432,-99.05982577
19.98521841,-99.05755874
19.97896641,-99.06293097
19.98465098,-99.06711903
20.00079941,-99.06522047
20.01314827,-99.06376354
20.01818447,-99.07052338
20.01824163,-99.07818974
20.02586566,-99.07951005
20.03427966,-99.08938149
20.03043131,-99.0962881
20.03206479,-99.10204814
20.02910552,-99.11234125
20.0303879,-99.11826719
20.03174947,-99.12455614
20.02722643,-99.13422937
20.02795879,-99.13988399
20.02660843,-99.15874308
20.01766489,-99.15906487
20.00371783,-99.16771451
20.00106271,-99.17071477
19.99040627,-99.18276096
19.99473329,-99.18971133
19.99457974,-99.18974329
19.98630174,-99.18926989
19.98393281,-99.18913918
19.98387253,-99.19715123
19.97190733,-99.20223916
19.96268174,-99.21233296
19.95436966,-99.21492023
19.95054858,-99.22509062
19.92336159,-99.21738324
19.93271382,-99.21121848
19.91514145,-99.21064757
19.91038515,-99.21972716
19.90214602,-99.21935209
19.90223672,-99.22331127
19.88874496,-99.21731462
19.87410207,-99.22913386
19.87601319,-99.23101866
19.87546862,-99.23197851
19.8733083,-99.23581028
19.87502891,-99.24167605
19.86514284,-99.24893211
19.85913256,-99.24895577
19.85852347,-99.27042451
19.8524902,-99.27723139
19.85047836,-99.27475186
19.84054618,-99.27749021
19.84168009,-99.28409733
19.83712439,-99.28636327
19.83518389,-99.29699067
19.81259788,-99.31257717
19.80926629,-99.31487491
19.79765254,-99.30664286
19.79544208,-99.32258047
19.79237941,-99.32419718
19.79728103,-99.33536135
19.8018206,-99.33833474
19.79561776,-99.34027369
19.79447041,-99.34514949
19.77981778,-99.34444012
19.77589018,-99.35155054
19.78118145,-99.35710455
19.7816712,-99.37066238
19.7753538,-99.37385144
19.77089779,-99.38298421
19.77635074,-99.3869441
19.78346358,-99.38098466
19.78384951,-99.38968946
19.790698,-99.38888976
19.79686275,-99.37736921
19.8044121,-99.38564717
19.8112472,-99.38669126
19.82042179,-99.3814664
19.8216803,-99.38137506
19.83238234,-99.38060333
19.8384653,-99.37431613
19.84445002,-99.37649253
19.84517069,-99.37675165
19.84817157,-99.37414267
19.84417386,-99.38569304
19.8399987,-99.38067905
19.83803467,-99.38664001
19.84779263,-99.39473488
19.8499116,-99.40516402
19.84756276,-99.40670357
19.84827525,-99.41710455
19.85277456,-99.42525886
19.8736836,-99.43134002
19.88428105,-99.44525593
19.89517916,-99.43671231
19.90309051,-99.43598052
19.89679852,-99.44563837
19.89269001,-99.4601111
19.89350839,-99.46133932
19.90820285,-99.48354159
19.95435552,-99.4735017
19.95470775,-99.47723225
19.95989361,-99.47776623
19.96384182,-99.46659815
19.96623787,-99.45969941
19.96520561,-99.45653272
19.96491866,-99.45564151
19.9635421,-99.45141456
19.96439655,-99.45154474
19.98040316,-99.45393873
19.98385644,-99.44524236
19.99164835,-99.44491328
19.99805325,-99.43760605
20.00140897,-99.43819966
20.0109299,-99.43984709
20.03693372,-99.44734074
20.04209082,-99.44882912
20.05540217,-99.45912891
20.06524719,-99.46008146
20.08211761,-99.48104767
20.10064867,-99.48358753
20.10587896,-99.49005141
20.10954467,-99.49458401
20.1201705,-99.49723152
20.14070018,-99.51156662
20.14574631,-99.51847853
20.15042572,-99.51905054
20.15620524,-99.50319621
20.17255162,-99.51126217
20.17311889,-99.52655796
20.16328559,-99.52913837
20.16230261,-99.54681403
20.16907015,-99.5509122
20.16900583,-99.5723221
20.16422258,-99.57261913
20.16125972,-99.57788187
20.17030024,-99.59497307
20.16727442,-99.60318969
20.14072061,-99.63308339
20.14264844,-99.64626631
20.14606919,-99.64874655
20.14486924,-99.65735374
20.16559148,-99.66159518
20.16911046,-99.65692475
20.18067208,-99.65984847
20.17918099,-99.66962007
20.16238948,-99.67689279
20.16876806,-99.68010374
20.17129839,-99.68845153
20.17263147,-99.70100238
20.1661671,-99.71008152
20.16647912,-99.71815975
20.17231194,-99.72979467
20.17495715,-99.73508283
20.1764338,-99.73802814
20.17746174,-99.74007342
20.1820612,-99.74142288
20.18589205,-99.74597157
20.22776461,-99.79569926
20.23715512,-99.7910233
20.28155427,-99.84271355
20.28411996,-99.8445757
20.29673177,-99.83161201
20.30845463,-99.84604814
20.32244819,-99.85245669
20.36510027,-99.84791086
20.39941305,-99.84424794
20.41796831,-99.85119182
20.42313813,-99.86278028
20.42641531,-99.86428235
20.43500174,-99.85570085
20.44580787,-99.85146614
20.45821815,-99.85871287
20.48019884,-99.8518843
20.48462512,-99.85702865
20.4869462,-99.85438805
20.49517662,-99.84501116
20.49992897,-99.84689442
20.50056719,-99.85033546
20.51064763,-99.83774833
20.52321953,-99.83902989
20.53562297,-99.83610637
20.54152574,-99.83148342
20.54196536,-99.82732593
20.54203753,-99.82666272
20.54172763,-99.82528824
20.54048953,-99.8199011
20.54479521,-99.80391802
20.54964118,-99.79653219
20.55114103,-99.79424456
20.55188073,-99.7908329
20.55303722,-99.78552196
20.55794818,-99.78078486
20.55928107,-99.7795037
20.55879405,-99.77658869
20.55805935,-99.77224757
20.55778115,-99.77059322
20.56129224,-99.75889592
20.56297831,-99.75327934
20.56109043,-99.75074643
20.55932272,-99.74836809
20.55928677,-99.7416534
20.56089057,-99.73970034
20.56256579,-99.73767139
20.56762652,-99.73151382
20.57374893,-99.72904147
20.5751286,-99.7284909
20.57622713,-99.72126743
20.57668953,-99.71822302
20.57711121,-99.71549233
20.57734227,-99.71396409
20.58017912,-99.7113875
20.58079651,-99.71082075
20.57700249,-99.70644934
20.57624557,-99.70558083
20.57500134,-99.70007063
20.57475844,-99.69900318
20.57422355,-99.6966235
20.57528267,-99.69647781
20.58075022,-99.6957223
20.58064099,-99.69509804
20.57936871,-99.68776526
20.57892086,-99.68515528
20.5850414,-99.67902973
20.58873604,-99.68039436
20.58888007,-99.67318618
20.59348468,-99.66879819
20.59359912,-99.66560989
20.59367531,-99.66347954
20.59579932,-99.66179299
20.60163407,-99.65719277
20.60119313,-99.65153311
20.60092159,-99.64804544
20.60389424,-99.63848691
20.60521609,-99.63422943
20.6002874,-99.62413488
20.59340748,-99.62388985
20.59293987,-99.62299011
20.59205153,-99.62128856
20.59109765,-99.61945813
20.59500422,-99.61230119
20.6021547,-99.60897375
20.60316327,-99.60850066
20.60573902,-99.60731094
20.60640893,-99.60491449
20.60959659,-99.59363093
20.60972543,-99.59317338
20.61001598,-99.59318988
20.61573619,-99.59351668
20.62083773,-99.58856455
20.61910764,-99.58471955
20.61727391,-99.58063803
20.61988133,-99.57802823
20.62583681,-99.57888259
20.62765529,-99.57914388
20.63080051,-99.57555574
20.63770581,-99.56769811
20.63928276,-99.56589889
20.6400311,-99.56504216
20.64233477,-99.55877254
20.64338645,-99.55590328
20.64334055,-99.54923508
20.6432695,-99.53962073
20.65050187,-99.53638552
20.65103643,-99.53241941
20.65766935,-99.52691029
20.6523251,-99.51403306
20.66110661,-99.51236046
20.66029407,-99.50151275
20.66144037,-99.50184816
20.6687255,-99.50394479
20.67048813,-99.50189275
20.67209057,-99.5000316
20.67181396,-99.50141998
20.6712524,-99.50424266
20.67678598,-99.50921084
20.67756868,-99.50991938
20.6787932,-99.51101743
20.67917751,-99.5095523
20.68003976,-99.50624915
20.68401414,-99.50518999
20.69728905,-99.51644412
20.7017865,-99.5235467
20.70474762,-99.5282385
20.70496565,-99.53329642
20.71157306,-99.53683725
20.71673455,-99.53960687
20.71757685,-99.54233002
20.71789246,-99.54333675
20.71936477,-99.54349798
20.72573576,-99.54419923
20.72703694,-99.54556419
20.72882719,-99.54744102
20.72915001,-99.54777026
20.73439261,-99.54713008
20.73981616,-99.54645764
20.74509484,-99.54580224
20.74647884,-99.54216994
20.75013389,-99.53255001
20.75119524,-99.52974076
20.75607931,-99.52545315
20.75514225,-99.52305901
20.75458351,-99.52161524
20.75565063,-99.5208457
20.76088756,-99.51706959
20.76305768,-99.51161346
20.76542759,-99.50562533
20.76606377,-99.50402918
20.77120591,-99.50612137
20.77267062,-99.50525744
20.77910533,-99.50151111
20.77933262,-99.50098596
20.78100282,-99.49716365
20.78131766,-99.49644632
20.78553904,-99.50158004
20.79451421,-99.50337475
20.79105896,-99.4973774
20.79902433,-99.48851214
20.80211911,-99.48967024
20.80232821,-99.49135005
20.80325475,-99.49859837
20.80340064,-99.4997487
20.8052216,-99.49792506
20.81000589,-99.49312742
20.81487058,-99.4882604
20.81771771,-99.48539925
20.82617793,-99.48455145
20.83224111,-99.4885496
20.8325255,-99.48873973
20.83405959,-99.48658069
20.84348437,-99.47326658
20.84908714,-99.46534092
20.84892328,-99.45713004
20.84890727,-99.45616996
20.85779404,-99.45478117
20.8541083,-99.44760173
20.85314235,-99.44572573
20.85578071,-99.44723464
20.85791546,-99.44847079
20.86778409,-99.44286353
20.87168496,-99.44065845
20.87988825,-99.44179636
20.88064301,-99.44189547
20.88530011,-99.43771345
20.88700738,-99.43617966
20.88874796,-99.43608862
20.89922809,-99.43556092
20.89970517,-99.43371483
20.90090611,-99.42905472
20.90518992,-99.41247536
20.92458465,-99.41540578
20.92886198,-99.40438856
20.93269896,-99.40218259
20.93484055,-99.40486012
20.93604581,-99.40637018
20.93673194,-99.40723347
20.94281065,-99.39759037
20.94353601,-99.3970258
20.95306862,-99.39041067
20.95495984,-99.39116614
20.9579016,-99.39233357
20.95883719,-99.39185902
20.96607878,-99.38817577
20.97330581,-99.39478875
20.97895411,-99.39556835
20.98063683,-99.39580392
20.98592074,-99.39171375
20.98677148,-99.39105233
20.98864501,-99.39236391
20.99009631,-99.39339383
20.99141501,-99.39303496
20.99912918,-99.39097477
21.00356429,-99.3897848
21.00739982,-99.38431335
21.00743524,-99.38426193
21.01804195,-99.38472513
21.02009985,-99.37931653
21.0239923,-99.37611905
21.02409566,-99.37421307
21.02439103,-99.3687032
21.02609428,-99.36854427
21.03717441,-99.36750611
21.04075892,-99.36382818
21.04132969,-99.36324913
21.0419299,-99.36332437
21.0487691,-99.36420299
21.05658669,-99.37711261
21.06165416,-99.37363992
21.06149301,-99.37112952
21.0613091,-99.36835372
21.06220931,-99.3679325
21.06580158,-99.36627915
21.06620664,-99.36608754
21.06635407,-99.36621759
21.07303195,-99.37248008
21.07323476,-99.37266465
21.0730864,-99.37300836
21.06696573,-99.38651055
21.07013321,-99.38918994
21.07937408,-99.38935876
21.07943435,-99.39448444
21.08891899,-99.39777214
21.09392157,-99.39951266
21.10168923,-99.3973608
21.10113888,-99.39435431
21.10052844,-99.39102022
21.10294118,-99.38935848
21.10138177,-99.37937028
21.0977719,-99.37683691
21.10200879,-99.36727734
21.10341501,-99.36409725
21.10453324,-99.36158517
21.10438659,-99.36150101
21.09960132,-99.35871069
21.10011207,-99.35780858
21.10284221,-99.3530092
21.10045947,-99.34643433
21.10081873,-99.34621933
21.1097383,-99.34093957
21.11001683,-99.34077933
21.11037462,-99.34100194
21.11461497,-99.34374701
21.12276062,-99.34197099
21.1282023,-99.3365679
21.12906265,-99.33490415
21.1319865,-99.32928207
21.1342953,-99.32482546
21.13447963,-99.32446874
21.13800113,-99.32345317
21.13982506,-99.32292597
21.14322101,-99.31630466
21.14646736,-99.30996411
21.1473624,-99.30822429
21.14497341,-99.30655262
21.13934084,-99.30260991
21.13988454,-99.30102228
21.1401436,-99.30027467
21.14136048,-99.29672674
21.14168862,-99.29578184
21.14100734,-99.29523206
21.13099003,-99.28712954
21.13189614,-99.28347436
21.12695845,-99.28291634
21.12300294,-99.28247393
21.12197542,-99.28235927
21.12011511,-99.27777372
21.12263315,-99.27648476
21.12361336,-99.27598132
21.12264979,-99.27436384
21.12130227,-99.27208198
21.12106832,-99.27168534
21.12006818,-99.27157988
21.11739522,-99.27130525
21.11544052,-99.27110552
21.11299475,-99.27084806
21.11161954,-99.26854277
21.11142298,-99.26820827
21.10398444,-99.25571004
21.10141416,-99.24802606
21.10335099,-99.24521823
21.10366065,-99.24477671
21.10618398,-99.24178511
21.1124741,-99.23431565
21.11233632,-99.23422419
21.10770644,-99.23112793
21.10703103,-99.2254118
21.10638936,-99.22006494
21.10587402,-99.21568502
21.10660023,-99.21470048
21.10866438,-99.21194019
21.11042728,-99.20958257
21.11094467,-99.20958877
21.11391322,-99.20964327
21.11425834,-99.20965787
21.11551111,-99.20968025
21.11679412,-99.20837698
21.11772969,-99.20742909
21.11879,-99.20635527
21.11909424,-99.20413411
21.12162198,-99.18561044
21.12275427,-99.18451073
21.12561621,-99.18173292
21.13497642,-99.17750562
21.13716352,-99.17652144
21.13782067,-99.17623196
21.13921637,-99.16583287
21.13953525,-99.16345377
21.14738827,-99.14994784
21.14779281,-99.14925484
21.14675906,-99.14735406
21.14502951,-99.14415727
21.15234009,-99.13568943
21.15257682,-99.13185819
21.15263977,-99.13086039
21.14805116,-99.12718298
21.14669671,-99.1260994
21.1486936,-99.11119011
21.15140453,-99.11105208
21.15612821,-99.11080794
21.15660879,-99.11078552
21.15616295,-99.10976475
21.15335457,-99.10331662
21.15334417,-99.10276782
21.15313162,-99.09062133
21.15372746,-99.0899796
21.159171,-99.08417302
21.15857054,-99.07791675
21.16524179,-99.07179005
21.16647262,-99.07066268
21.17001261,-99.07780363
21.17139899,-99.07721473
21.17300133,-99.07652921
21.17344238,-99.0763382
21.17461593,-99.06464343
21.17466787,-99.06403997
21.17472949,-99.06346774
21.17416984,-99.06315339
21.16911362,-99.06026193
21.16833355,-99.05981214
21.16805953,-99.06019305
21.16770619,-99.06069665
21.1596816,-99.07195221
21.15899183,-99.07195029
21.15661407,-99.07195126
21.15433303,-99.06138551
21.15978011,-99.05628875
21.16007416,-99.05600658
21.1738948,-99.04746014
21.19248943,-99.049268
21.19882115,-99.05711081
21.20369874,-99.04930754
21.21818045,-99.05196125
21.22323702,-99.05815658
21.22399429,-99.06828903
21.23021357,-99.07362262
21.23798107,-99.07401986
21.24369764,-99.06968664
21.24627156,-99.05767671
21.25376523,-99.05091702
21.2822485,-99.05434226