2441,MICHOACAN
20.38418116,-102.0923076
20.38415694,-102.0872488
20.38336888,-102.0856542
20.37952801,-102.0778343
20.37543307,-102.0695025
20.37476262,-102.068121
20.37709779,-102.0570278
20.37737033,-102.0557308
20.3788055,-102.0489177
20.37855455,-102.0385793
20.37847373,-102.0352686
20.37844674,-102.034361
20.38060686,-102.0250677
20.38125115,-102.0223281
20.38136005,-102.0218329
20.38224881,-102.0215577
20.39177122,-102.0186594
20.39263277,-102.0183998
20.39433803,-102.0151948
20.39075606,-102.0136688
20.38645769,-102.0118386
20.38296639,-102.01035
20.3820777,-102.0099689
20.38103476,-102.0107622
20.375947,-102.0146158
20.3717298,-102.01782
20.35543316,-102.0229922
20.34860437,-102.025152
20.34793327,-102.025373
20.34771568,-102.0251061
20.34281968,-102.0190937
20.34164098,-102.0176514
20.34135084,-102.0172932
20.3409337,-102.0172475
20.33844904,-102.0169492
20.33728832,-102.016812
20.33475832,-102.0165149
20.32899104,-102.0158208
20.32664301,-102.0076648
20.33076912,-102.0053373
20.34437106,-102.0121895
20.34651109,-102.0132641
20.34716401,-102.0132185
20.35104527,-102.0129521
20.3513808,-102.0129208
20.35140802,-102.0127309
20.35275519,-102.0003707
20.36009556,-101.9879568
20.35790875,-101.9765974
20.35994764,-101.968372
20.35077877,-101.9649007
20.34532823,-101.962841
20.34416544,-101.9552337
20.3427296,-101.9458492
20.33824016,-101.9440255
20.33209295,-101.9469254
20.33071482,-101.9475737
20.33027069,-101.9482
20.31985572,-101.9629092
20.31925744,-101.963771
20.31910314,-101.9631834
20.31862206,-101.9612922
20.31490962,-101.9490926
20.31134639,-101.9506331
20.31247256,-101.9562787
20.30802018,-101.9563403
20.30599905,-101.9600944
20.30332301,-101.9564775
20.29834264,-101.9497632
20.3006074,-101.9434464
20.29790261,-101.9369767
20.29680429,-101.9343666
20.29394927,-101.9376177
20.28551074,-101.947208
20.28480891,-101.9376784
20.2815895,-101.9368546
20.27905198,-101.9404631
20.27479239,-101.9465287
20.27337851,-101.9485269
20.271448,-101.9512819
20.27011413,-101.9485041
20.26780924,-101.9437208
20.26323042,-101.944674
20.25793532,-101.9457655
20.25646649,-101.9460784
20.2561943,-101.9456437
20.25379,-101.941889
20.24903568,-101.9346948
20.24405671,-101.9326124
20.24248043,-101.9359914
20.24183721,-101.9373571
20.24137517,-101.9383493
20.24074941,-101.9380974
20.23811944,-101.9370826
20.23696768,-101.9366328
20.2353086,-101.9372509
20.2276478,-101.9400967
20.22620352,-101.9339013
20.22589466,-101.932589
20.2254412,-101.9323911
20.21863024,-101.9293003
20.21764169,-101.9288505
20.21659,-101.9290792
20.21392449,-101.9296593
20.21055182,-101.9303995
20.20821265,-101.9307729
20.2177821,-101.919497
20.21449306,-101.9077395
20.20270722,-101.9102952
20.20680854,-101.9154455
20.20262104,-101.9182454
20.1963925,-101.919344
20.19446812,-101.9153919
20.19363299,-101.913683
20.19392991,-101.909738
20.20001313,-101.9083809
20.20175915,-101.9020707
20.20227477,-101.9002095
20.20374007,-101.8949067
20.20395714,-101.8941285
20.19625373,-101.8866361
20.19230132,-101.8877727
20.1884033,-101.8888863
20.18820682,-101.8808759
20.19262104,-101.8790521
20.19970462,-101.8817986
20.20231056,-101.875054
20.21084003,-101.8717503
20.21100921,-101.8681266
20.21154324,-101.8570717
20.2246857,-101.8341977
20.22136141,-101.8291094
20.21575825,-101.8294899
20.20689733,-101.8197089
20.20189908,-101.8255611
20.20448281,-101.8100954
20.20819759,-101.8078907
20.21453079,-101.8041296
20.2142489,-101.8035116
20.21333053,-101.8015283
20.21170286,-101.7980104
20.21916758,-101.7864747
20.21377857,-101.7843232
20.21317979,-101.7840792
20.21089355,-101.7831716
20.21147497,-101.7776705
20.2099202,-101.7747711
20.20461907,-101.7649063
20.20172653,-101.7590538
20.20435262,-101.7569253
20.20392733,-101.7518512
20.20333513,-101.7446716
20.20642439,-101.7431002
20.21041429,-101.7327779
20.21450987,-101.7311753
20.21093402,-101.7292914
20.20569726,-101.7265141
20.20567794,-101.7258574
20.20562957,-101.7241791
20.20559046,-101.7226232
20.2053479,-101.714055
20.20526018,-101.7108268
20.19874915,-101.7056928
20.19144741,-101.7042969
20.1888815,-101.6997108
20.18946959,-101.6990696
20.19685208,-101.6909677
20.20683971,-101.6932717
20.21687591,-101.688206
20.21718131,-101.6868017
20.21843872,-101.6810258
20.2190314,-101.6782951
20.21852284,-101.6779205
20.21290126,-101.67374
20.21276381,-101.66888
20.21580435,-101.6661098
20.21866799,-101.6695128
20.2266993,-101.6684293
20.23724319,-101.6636155
20.24047018,-101.6590837
20.24314569,-101.65533
20.24194416,-101.6532999
20.23973215,-101.6495468
20.23877629,-101.6479136
20.23927454,-101.6477154
20.24697452,-101.6445344
20.25355498,-101.6512405
20.25669461,-101.6482802
20.26146281,-101.6437937
20.26405582,-101.6436487
20.26596885,-101.6435416
20.26702056,-101.6434812
20.26578587,-101.6390102
20.266935,-101.637973
20.27099767,-101.6343249
20.26479668,-101.6311215
20.26634353,-101.6258875
20.27140104,-101.6249642
20.27563374,-101.6241777
20.28207637,-101.6297025
20.2882099,-101.6349668
20.29655481,-101.6284891
20.30169453,-101.6277493
20.30703354,-101.6269176
20.31471566,-101.623842
20.31382332,-101.6187307
20.31258111,-101.6116126
20.30943638,-101.6053028
20.30613576,-101.6053557
20.29929874,-101.6054477
20.29898136,-101.6054474
20.29827121,-101.6008853
20.30332227,-101.6009617
20.3098696,-101.6010457
20.30971326,-101.5967808
20.30943967,-101.5894259
20.31613758,-101.5848395
20.31799627,-101.5847413
20.3265543,-101.5839015
20.32621462,-101.5790947
20.32609188,-101.5773478
20.32126758,-101.5740824
20.3177606,-101.5717023
20.31549833,-101.5701763
20.31570679,-101.5669409
20.31604535,-101.5616769
20.31641772,-101.5618752
20.32049389,-101.5634698
20.32616543,-101.5585558
20.33237167,-101.5535737
20.33099559,-101.5482101
20.32961021,-101.5428311
20.32443517,-101.5377885
20.32913682,-101.533272
20.33192161,-101.5306018
20.3321729,-101.5239253
20.32098429,-101.5244141
20.31905256,-101.5185847
20.31764067,-101.5137473
20.32070009,-101.5091773
20.32467087,-101.503264
20.32080284,-101.5017389
20.32017901,-101.5023108
20.31836168,-101.5039516
20.31805429,-101.5042339
20.31540248,-101.5030361
20.31183348,-101.5014331
20.31367733,-101.4941172
20.31405702,-101.4937661
20.31515098,-101.4927815
20.32436339,-101.4844495
20.33061027,-101.4788041
20.32837301,-101.4639033
20.32598946,-101.4617293
20.32363319,-101.4595854
20.31780509,-101.4552673
20.30435363,-101.4568233
20.30435856,-101.4406789
20.296883,-101.4496508
20.29171534,-101.4449588
20.28698219,-101.4500322
20.28542232,-101.457548
20.27594089,-101.4585398
20.27474869,-101.4547931
20.26970139,-101.4582957
20.26682559,-101.4553884
20.26340928,-101.4385577
20.2773626,-101.4355747
20.2751846,-101.4206586
20.26469222,-101.4156696
20.26356859,-101.4065063
20.2488318,-101.3945502
20.24945508,-101.362918
20.23426832,-101.3525264
20.19559937,-101.3640394
20.20441846,-101.4057655
20.20170874,-101.4202011
20.16346191,-101.4220776
20.16269277,-101.417736
20.15401155,-101.4142797
20.15104354,-101.4087864
20.14424499,-101.4068564
20.14114578,-101.4026446
20.14299077,-101.3923376
20.13272409,-101.3892926
20.12684827,-101.3913913
20.12819078,-101.3983796
20.12318123,-101.4087028
20.10651229,-101.405186
20.10283302,-101.4079399
20.09616342,-101.4041398
20.09072825,-101.4076425
20.08084271,-101.404483
20.08276104,-101.3875998
20.06743814,-101.3963957
20.05287303,-101.3951378
20.04416558,-101.4055664
20.0367211,-101.4029046
20.02976553,-101.3909795
20.03301475,-101.3829071
20.04048336,-101.3758497
20.03629869,-101.3701804
20.03893551,-101.3547533
20.0329128,-101.3434927
20.03198496,-101.3344514
20.03339823,-101.3219392
20.03623196,-101.3190472
20.03696845,-101.2937325
20.02831608,-101.2813951
20.03537414,-101.2542112
20.02289033,-101.250503
20.03191435,-101.2402718
20.02776745,-101.2305217
20.01451674,-101.224082
20.01041518,-101.2092884
20.00976017,-101.2071139
20.02638069,-101.2024903
20.02982798,-101.1909315
20.02696884,-101.1818443
20.04171807,-101.1600852
20.04537473,-101.1639227
20.05734993,-101.1973094
20.05985416,-101.1823941
20.06498099,-101.1765115
20.07603601,-101.1721166
20.08307425,-101.1693087
20.09764244,-101.1740168
20.08702271,-101.1651891
20.08489604,-101.1544315
20.06366961,-101.1363109
20.06378197,-101.1333586
20.06397726,-101.1282768
20.06428572,-101.1279186
20.07666608,-101.1135136
20.07602076,-101.1070515
20.08182366,-101.0948824
20.08265375,-101.0836361
20.08755808,-101.0745725
20.09147294,-101.0493336
20.08674549,-101.0329374
20.08625638,-101.0174809
20.08103928,-101.0112932
20.06532671,-100.9932636
20.04474643,-101.0139636
20.03700657,-101.0115665
20.03687642,-101.0082938
20.03680159,-101.0065556
20.0366609,-101.0030744
20.02908201,-101.0044946
20.02754206,-101.0074556
20.02506585,-101.0003659
20.0264957,-100.9876719
20.02305038,-100.9808585
20.01613134,-100.9778988
20.01303113,-100.971237
20.00759424,-100.9689476
20.00187484,-100.9744578
20.00065562,-100.9832303
20.00058612,-100.9836816
19.98412312,-100.9769678
19.97879629,-100.9883349
19.97213758,-100.9971916
19.96777459,-101.0029984
19.96499257,-101.0031602
19.9604282,-101.0028223
19.95222245,-101.0022283
19.95205464,-101.0022128
19.95209842,-101.0019775
19.95233695,-101.0006863
19.95565965,-100.9826593
19.95399623,-100.9819935
19.95269183,-100.9814688
19.9415206,-100.977004
19.93063563,-100.972648
19.92833981,-100.9669645
19.92944912,-100.963141
19.93102336,-100.9577323
19.93359356,-100.9479207
19.96194278,-100.9469217
19.96257726,-100.9469072
19.96100555,-100.9441366
19.95586578,-100.9351022
19.95437189,-100.9324702
19.95467438,-100.9316553
19.95838406,-100.9216838
19.95890218,-100.9202871
19.95911346,-100.9197221
19.96194189,-100.9121157
19.96193765,-100.9118401
19.96184976,-100.9065531
19.96182958,-100.905326
19.96172433,-100.9051879
19.95465513,-100.8960555
19.94422194,-100.8825731
19.94426524,-100.8718909
19.94426665,-100.8714715
19.94825224,-100.8595386
19.94838077,-100.8591517
19.94754153,-100.8584565
19.94334073,-100.854976
19.94122898,-100.8532372
19.94043571,-100.8532295
19.93401231,-100.8531376
19.9342614,-100.8498188
19.93519733,-100.83733
19.96003118,-100.8307676
19.97314679,-100.8328431
19.97805828,-100.8243601
19.97023017,-100.810985
19.95860207,-100.8009912
19.9556943,-100.7921318
19.94596845,-100.7911567
19.93596294,-100.7835411
19.91855488,-100.7809177
19.91611514,-100.7751409
19.91834965,-100.772334
19.91795029,-100.755593
19.91293154,-100.7482854
19.9333443,-100.7295172
19.93719316,-100.7236576
19.94029898,-100.7189334
19.94737315,-100.6916974
19.95073274,-100.6787248
19.95838369,-100.6724614
19.95891908,-100.6714854
19.96471902,-100.6609487
19.95848503,-100.6510678
19.95724719,-100.6434005
19.95684262,-100.620658
19.96068361,-100.6163691
19.98126009,-100.6071763
19.98832584,-100.5986982
19.99173311,-100.5946184
19.99083421,-100.557766
19.98586185,-100.5573155
19.98546573,-100.5576074
19.97394372,-100.5662736
19.97439884,-100.5818986
19.96612513,-100.5929542
19.9584191,-100.5929239
19.957819,-100.5781531
19.96543264,-100.5664403
19.95908048,-100.5600405
19.95727137,-100.551891
19.96919245,-100.5339386
19.97419172,-100.540942
19.97611946,-100.5321473
19.97551084,-100.5310847
19.97363016,-100.5278593
19.96637282,-100.5264327
19.94258002,-100.5287428
19.93586304,-100.5344116
19.92264727,-100.5355033
19.91859869,-100.52093
19.93065717,-100.5201682
19.93968463,-100.5162854
19.94210939,-100.5111732
19.95784993,-100.5114558
19.95754644,-100.5027271
19.9665453,-100.4886815
19.9704151,-100.475871
19.97488476,-100.4704917
19.97962793,-100.469767
19.9796229,-100.462098
19.98746561,-100.4657538
19.98289142,-100.4474416
19.98376961,-100.4235917
19.98729774,-100.4098372
19.98407178,-100.4047997
19.98886854,-100.3868794
19.98981834,-100.362984
19.99179166,-100.3635404
20.00136336,-100.3658753
20.02012506,-100.3704452
20.01955712,-100.3640061
20.02425874,-100.3611363
20.00953495,-100.3594344
20.00920817,-100.3593976
20.00906144,-100.3550568
20.01007651,-100.3550253
20.02788637,-100.3545382
20.0550368,-100.3609152
20.06447403,-100.3582991
20.07223159,-100.3731316
20.08060775,-100.389146
20.09692443,-100.3973763
20.10449491,-100.385361
20.12103542,-100.391557
20.12970775,-100.3808604
20.13598681,-100.3711153
20.14616655,-100.3700111
20.16669471,-100.3590307
20.17070449,-100.361731
20.17821053,-100.3540102
20.18206496,-100.3557496
20.18964359,-100.3397361
20.19449515,-100.3464191
20.20072228,-100.3461989
20.20020251,-100.352607
20.20270837,-100.3528983
20.20515056,-100.3531712
20.20732948,-100.353416
20.21967696,-100.3548197
20.22213073,-100.3519751
20.2235009,-100.3503877
20.2289811,-100.3440091
20.2301482,-100.3437643
20.23500657,-100.3427417
20.23916837,-100.3418716
20.24190414,-100.3333278
20.2428836,-100.3325111
20.25034153,-100.3262697
20.25179722,-100.3250578
20.26535161,-100.3297646
20.27303351,-100.3439481
20.28551827,-100.3470607
20.28839234,-100.3503415
20.2977302,-100.3459239
20.28553504,-100.3073859
20.28191544,-100.3064557
20.27757016,-100.2949654
20.27578623,-100.2879314
20.27520733,-100.285649
20.26864749,-100.2598165
20.2518743,-100.2451074
20.24853911,-100.2452731
20.23839311,-100.2281922
20.23458225,-100.2217907
20.22905543,-100.2067608
20.20819166,-100.180972
20.18944792,-100.1839635
20.19434272,-100.1853289
20.19412179,-100.1880909
20.19408987,-100.1884563
20.1768644,-100.1902497
20.15609001,-100.2131761
20.14437068,-100.2345228
20.13379256,-100.2115741
20.13159002,-100.1993677
20.12391484,-100.1997721
20.07964033,-100.2020589
20.07645646,-100.1965905
20.07510676,-100.1944085
20.08568504,-100.1827798
20.08210835,-100.1786364
20.07383398,-100.1827253
20.07237253,-100.1810703
20.07072387,-100.1766615
20.07799837,-100.1716262
20.07442748,-100.1679871
20.07783112,-100.1645295
20.0709921,-100.1575787
20.06708218,-100.1618899
20.06551476,-100.1589917
20.06192514,-100.162051
20.05641744,-100.1453105
20.04287491,-100.13299
20.03905488,-100.1239261
20.02616247,-100.1423646
20.01706065,-100.1461416
20.01216744,-100.1552824
20.00706549,-100.1547332
20.00500995,-100.1497281
20.01164201,-100.1249938
20.00684235,-100.1232378
20.00656724,-100.1207885
20.00620934,-100.1175156
20.00126904,-100.1227035
20.00095578,-100.1230315
20.00058887,-100.1234202
19.98115201,-100.1308456
19.96763113,-100.126892
19.95352993,-100.1302652
19.91634177,-100.1302051
19.91174707,-100.1193322
19.90421798,-100.118217
19.87864433,-100.1014622
19.87751666,-100.0990057
19.86100532,-100.0629098
19.8529003,-100.0642614
19.86067893,-100.093651
19.8539997,-100.1017304
19.8546447,-100.1090938
19.85610272,-100.1257633
19.8533799,-100.130632
19.8421314,-100.1351314
19.81280449,-100.1467451
19.80347577,-100.1429363
19.79729587,-100.146806
19.78734671,-100.1419145
19.7690683,-100.1481799
19.75303,-100.143418
19.73820024,-100.1462867
19.72817225,-100.1482327
19.72712526,-100.1612406
19.71350448,-100.164392
19.7130848,-100.1859748
19.69658358,-100.1908125
19.70208205,-100.1943519
19.70524623,-100.2173859
19.70215371,-100.2295874
19.71067771,-100.23073
19.71644921,-100.2259101
19.71842167,-100.2271668
19.71791047,-100.2385056
19.71146964,-100.2380173
19.70544286,-100.2435193
19.70210023,-100.2570083
19.69929069,-100.2585946
19.69712169,-100.2551989
19.69464462,-100.2644221
19.67563859,-100.2699393
19.66940146,-100.2618815
19.6644612,-100.2555036
19.65795686,-100.2604853
19.63466525,-100.2471412
19.62700579,-100.254863
19.61968107,-100.2570444
19.61108513,-100.2542904
19.60251649,-100.2515435
19.59551279,-100.2516815
19.58556882,-100.2436389
19.57325182,-100.2443048
19.56662657,-100.2380016
19.55223211,-100.2368953
19.5509007,-100.2330721
19.55431614,-100.2267949
19.5377623,-100.2062477
19.52902468,-100.2045542
19.52791629,-100.200502
19.4997395,-100.2001654
19.49669442,-100.1963285
19.4966782,-100.1828627
19.49173698,-100.1758651
19.48895713,-100.1775362
19.49054793,-100.2021813
19.48231266,-100.2045999
19.47544831,-100.2018984
19.46640814,-100.2074896
19.45530064,-100.2068503
19.45323231,-100.2005467
19.43814989,-100.1910252
19.43195765,-100.2021126
19.41426171,-100.2166232
19.40422883,-100.239572
19.40250629,-100.2677108
19.39888006,-100.2730755
19.39506704,-100.2931394
19.38040825,-100.2948198
19.36291292,-100.3101312
19.35036763,-100.3087645
19.34256873,-100.3008392
19.33507401,-100.3070958
19.3254647,-100.3065616
19.32475734,-100.3064988
19.32370573,-100.3064379
19.32275917,-100.3068577
19.3219968,-100.3075447
19.32114571,-100.3092086
19.32076006,-100.3103681
19.32043021,-100.3116581
19.32030212,-100.3131675
19.31614739,-100.3199967
19.30253191,-100.3257943
19.30042742,-100.3231009
19.29499583,-100.3161359
19.29067592,-100.3235907
19.28734998,-100.3153431
19.27833345,-100.3208043
19.27102657,-100.3252301
19.2714728,-100.3213611
19.25993703,-100.325116
19.25295376,-100.3195147
19.23157297,-100.3332253
19.19401117,-100.3717403
19.17846566,-100.3774695
19.1653956,-100.375845
19.15700035,-100.3567319
19.15316714,-100.36157
19.15186259,-100.3632179
19.15211394,-100.3638439
19.15282142,-100.3656058
19.15118651,-100.3660257
19.14938006,-100.3664977
19.14832911,-100.373182
19.1506907,-100.3771569
19.15144704,-100.3784226
19.14244759,-100.388937
19.13783507,-100.3870379
19.13749845,-100.3868989
19.13690271,-100.3870918
19.1355487,-100.3875247
19.12933854,-100.3895327
19.12886369,-100.3900196
19.12317557,-100.395971
19.12069725,-100.3945899
19.11204297,-100.3984293
19.10981625,-100.399413
19.10964075,-100.4025094
19.10956463,-100.4038752
19.10848535,-100.4045929
19.10600136,-100.4060893
19.10337758,-100.4029305
19.09892794,-100.4044022
19.0872488,-100.4082615
19.07497395,-100.4080118
19.07479497,-100.4082163
19.07344821,-100.410192
19.07243141,-100.4116803
19.06901367,-100.4113677
19.06507017,-100.4110088
19.06341118,-100.4108567
19.06572124,-100.4195309
19.06514257,-100.4196234
19.06220414,-100.4201027
19.06092026,-100.4203105
19.06085404,-100.4226377
19.06062697,-100.4312578
19.05869764,-100.4312348
19.05504724,-100.4311815
19.05664201,-100.4347444
19.05744879,-100.4365614
19.0571734,-100.4370789
19.05187722,-100.4469137
19.0504703,-100.4466083
19.04635823,-100.4456933
19.04531437,-100.4454647
19.0469792,-100.448829
19.04800487,-100.4508126
19.03998345,-100.4581438
19.03240758,-100.4594579
19.0311534,-100.4625765
19.02981962,-100.4658887
19.02908632,-100.4676967
19.02906976,-100.4678492
19.03099895,-100.4705439
19.03329543,-100.4737392
19.03424167,-100.4750666
19.03318585,-100.479028
19.02687578,-100.4792483
19.02674317,-100.4795688
19.02743281,-100.4842009
19.02758858,-100.4852824
19.02288882,-100.4844276
19.02122847,-100.4841247
19.02140021,-100.4858938
19.021512,-100.4871067
19.02178565,-100.4900126
19.02225062,-100.4948518
19.01353383,-100.5025651
19.01312088,-100.5029314
19.01153789,-100.5067692
19.0108568,-100.5084096
19.01054729,-100.5091627
19.01093415,-100.5098202
19.01250897,-100.5124762
19.00961109,-100.5143215
19.00886409,-100.5147938
19.01094229,-100.5170753
19.01203174,-100.5182727
19.01077165,-100.5246061
19.00792595,-100.530885
19.0000343,-100.5249269
18.99895777,-100.5241174
18.99792389,-100.5239644
18.99370661,-100.5233246
18.99304462,-100.5232318
18.99314109,-100.5238352
18.99403616,-100.5292448
18.99411338,-100.5297343
18.99404324,-100.5299707
18.99064091,-100.5321064
18.98732029,-100.5305429
18.98660152,-100.5301984
18.98665958,-100.5305809
18.98726189,-100.5347773
18.98686669,-100.5351124
18.98492692,-100.5367896
18.98398391,-100.5375993
18.98332723,-100.5371185
18.97821981,-100.5333942
18.97365423,-100.5360348
18.97215936,-100.5368979
18.96599976,-100.5339206
18.96425287,-100.5330756
18.96237758,-100.5395227
18.96473861,-100.5430095
18.9656296,-100.5443135
18.96352244,-100.5464799
18.95853122,-100.5463118
18.9494547,-100.5460064
18.94696063,-100.5484264
18.94603652,-100.5493189
18.94436306,-100.5476237
18.94073277,-100.5439629
18.93757923,-100.5437254
18.93564958,-100.5436341
18.93484328,-100.5435952
18.93476733,-100.5441693
18.93382682,-100.5508737
18.93232653,-100.561571
18.93225891,-100.5620761
18.93176131,-100.5621218
18.92860359,-100.5623882
18.92864574,-100.5639601
18.92866323,-100.5648449
18.92674902,-100.5644701
18.92383695,-100.5639061
18.92164027,-100.5681015
18.92136465,-100.5686372
18.91739355,-100.565256
18.9188193,-100.568545
18.91931008,-100.5696888
18.9222539,-100.5764801
18.91891298,-100.5755635
18.91511816,-100.5745256
18.91440095,-100.5743285
18.91488774,-100.5788904
18.91506618,-100.5805298
18.91482495,-100.5808748
18.91113337,-100.5859938
18.91478969,-100.5915932
18.91082175,-100.5904259
18.90876971,-100.5898239
18.90792532,-100.5895805
18.90415119,-100.5955846
18.90076944,-100.6009636
18.8995738,-100.6028714
18.89902945,-100.6037332
18.89330454,-100.6005573
18.89276749,-100.6002537
18.89283789,-100.6010092
18.89283796,-100.6010164
18.89319045,-100.6048536
18.89383564,-100.6119651
18.89362001,-100.612148
18.89263845,-100.6117513
18.89051184,-100.6109049
18.89006654,-100.6107287
18.88752186,-100.6126595
18.88680246,-100.6131995
18.88389447,-100.6140257
18.88001122,-100.6151376
18.87861836,-100.6192514
18.87831875,-100.6201509
18.87295754,-100.6210374
18.86692716,-100.6220137
18.86691553,-100.6227224
18.8665652,-100.6399719
18.86567021,-100.6401259
18.86169235,-100.640798
18.85991255,-100.6442442
18.8592896,-100.6454511
18.84888941,-100.6437879
18.84854975,-100.6442762
18.84768979,-100.6483264
18.84722064,-100.6505326
18.84684729,-100.6523169
18.84596782,-100.6521806
18.84109921,-100.6514489
18.83989335,-100.6512635
18.83927686,-100.6511721
18.83399595,-100.6600318
18.83409121,-100.6646403
18.83412088,-100.665945
18.8271861,-100.6721552
18.82492322,-100.6722223
18.82465167,-100.6722297
18.82178012,-100.6720627
18.81943189,-100.6675908
18.81842641,-100.6736879
18.81752385,-100.6791588
18.81306919,-100.6791353
18.81017086,-100.6790065
18.80930496,-100.68041
18.80686469,-100.6839963
18.80296715,-100.6834849
18.80348574,-100.6848108
18.80468934,-100.6878627
18.80198294,-100.6900158
18.80506823,-100.6918686
18.80542319,-100.6920838
18.79462851,-100.695935
18.7939335,-100.6961792
18.79642364,-100.701467
18.79793596,-100.7046634
18.79879356,-100.7064805
18.80266338,-100.7048325
18.80481925,-100.7039089
18.81243109,-100.7068005
18.81351203,-100.7072134
18.81504028,-100.7059463
18.81654169,-100.7047175
18.82071302,-100.7012765
18.82273577,-100.6996124
18.82315048,-100.7015053
18.82533648,-100.7114609
18.82677318,-100.7111264
18.83501365,-100.709173
18.83596355,-100.7101411
18.83740683,-100.7116299
18.84563668,-100.7200918
18.84939075,-100.7239604
18.85023064,-100.7312086
18.85051367,-100.7336405
18.8507868,-100.735975
18.8546252,-100.7380674
18.86023194,-100.7361658
18.86027142,-100.7365553
18.85804324,-100.7462076
18.86656589,-100.748695
18.86817244,-100.7491677
18.86811165,-100.7494797
18.8664472,-100.7584234
18.86622177,-100.7596357
18.86410525,-100.7709491
18.85918591,-100.7783878
18.84745815,-100.7814169
18.83646034,-100.7873773
18.83522143,-100.7909398
18.82773806,-100.7903357
18.79890605,-100.7818453
18.78746065,-100.7962508
18.76471747,-100.7938091
18.76092144,-100.7900768
18.74707262,-100.797134
18.74142028,-100.7876886
18.74495074,-100.7809438
18.74170678,-100.7761075
18.73200817,-100.7712845
18.71482937,-100.7794502
18.68720731,-100.7846289
18.68699899,-100.7846142
18.69223557,-100.7706684
18.67651069,-100.7605807
18.66399505,-100.7631753
18.65430406,-100.7592081
18.64174141,-100.7593458
18.63351337,-100.7538518
18.59815133,-100.759504
18.59466222,-100.7600625
18.57622347,-100.7576292
18.56134955,-100.7637855
18.54920622,-100.7596964
18.53852466,-100.7539746
18.51860687,-100.743315
18.52058871,-100.7325196
18.5158911,-100.7249572
18.48604745,-100.7041368
18.48693551,-100.7021769
18.48965302,-100.6962018
18.46308196,-100.6499217
18.45762507,-100.6478989
18.45774218,-100.63782
18.44269266,-100.6357677
18.43867822,-100.6321598
18.4290464,-100.6149774
18.41540964,-100.5906553
18.40992134,-100.5891903
18.40863317,-100.5888458
18.4072488,-100.5975525
18.40468576,-100.5991309
18.4030008,-100.5982002
18.40105554,-100.5971325
18.39971838,-100.5963831
18.3905467,-100.6025953
18.39044985,-100.6027621
18.38718209,-100.6087215
18.38671155,-100.6095745
18.37902291,-100.6099724
18.37755093,-100.6100419
18.37743018,-100.6109268
18.37734694,-100.6115887
18.37722825,-100.6124523
18.37533961,-100.6266277
18.36845141,-100.6310678
18.36360424,-100.6394529
18.35251818,-100.6410933
18.35201105,-100.6411694
18.35075503,-100.6413525
18.34958109,-100.6424822
18.34822436,-100.6437866
18.34668373,-100.6452658
18.34820601,-100.6466412
18.34844431,-100.6468544
18.36006448,-100.657336
18.36039118,-100.6623882
18.37154034,-100.6761199
18.37268867,-100.6760283
18.3798875,-100.6754872
18.38359486,-100.6752049
18.38688268,-100.6817435
18.38890998,-100.6839868
18.39040969,-100.6856571
18.4093279,-100.6884804
18.41743308,-100.6954629
18.4180423,-100.7083711
18.41423626,-100.7119429
18.40301075,-100.7134608
18.40250529,-100.7166505
18.4018777,-100.7206469
18.4084024,-100.7281788
18.40951725,-100.7294671
18.42838115,-100.738782
18.4260599,-100.7457857
18.42530958,-100.7480442
18.4249478,-100.749152
18.42537749,-100.7496789
18.42929085,-100.7545447
18.43721761,-100.7643875
18.43814662,-100.7695298
18.43922726,-100.7755336
18.43939774,-100.776466
18.4413272,-100.7778235
18.44337492,-100.7792583
18.45232637,-100.7794795
18.48056066,-100.7963181
18.47829186,-100.8057249
18.47590839,-100.8155828
18.47428705,-100.8223042
18.47384983,-100.8277279
18.4736107,-100.8307196
18.47326421,-100.8350448
18.47311598,-100.836938
18.4758887,-100.8550807
18.4768956,-100.8565849
18.47760958,-100.857653
18.48127099,-100.8631375
18.48143533,-100.8633282
18.48451606,-100.8650382
18.49113187,-100.8687062
18.49265293,-100.873621
18.48793625,-100.8794336
18.47794056,-100.8848525
18.46392493,-100.8924583
18.46352834,-100.8926725
18.46346976,-100.8933202
18.4629986,-100.898165
18.4635576,-100.8991183
18.46721741,-100.903361
18.4720362,-100.9089532
18.47209539,-100.9146286
18.46567369,-100.9176051
18.45976022,-100.9157577
18.458046,-100.9152166
18.45761975,-100.9150872
18.45031235,-100.9182007
18.4483907,-100.91901
18.44689315,-100.91965
18.4460603,-100.9208631
18.44358852,-100.9244571
18.44355292,-100.9245404
18.44924611,-100.9310642
18.45297766,-100.9353518
18.45555668,-100.9430433
18.44444433,-100.9546848
18.44491617,-100.9561722
18.44801593,-100.9660523
18.44816392,-100.9665181
18.44858844,-100.9664035
18.45603039,-100.9642896
18.46468269,-100.9618416
18.47107266,-100.9633152
18.47623641,-100.9693883
18.49119745,-100.9870051
18.49168048,-100.9956019
18.4922152,-101.0052465
18.492905,-101.0055521
18.50005957,-101.0063538
18.50909797,-101.0073672
18.52442188,-101.0090917
18.52777909,-101.0117855
18.52323204,-101.018094
18.5220392,-101.0197509
18.52159973,-101.0203612
18.52627763,-101.0384341
18.51852524,-101.0546776
18.51478949,-101.0753482
18.5074721,-101.0833812
18.50703972,-101.085197
18.50640441,-101.0878751
18.50612208,-101.0890722
18.50818112,-101.0973587
18.50959995,-101.1030729
18.50927753,-101.1204913
18.50975169,-101.1211013
18.51242324,-101.1245194
18.51795769,-101.1316155
18.51339119,-101.1385505
18.5107085,-101.1426096
18.5103586,-101.1431442
18.51080777,-101.1441505
18.5124944,-101.1479273
18.52066053,-101.1662381
18.51748935,-101.1903935
18.51818874,-101.1908673
18.5233301,-101.1944218
18.52710885,-101.197031
18.52740922,-101.1973518
18.53611832,-101.2115882
18.53496877,-101.2237273
18.53476298,-101.2259403
18.53374141,-101.2367738
18.53899257,-101.2589002
18.5361859,-101.266049
18.53544393,-101.2679328
18.53484492,-101.2694434
18.53546418,-101.270237
18.53746767,-101.2728082
18.54450701,-101.2818725
18.54188137,-101.2854432
18.54043367,-101.2874195
18.53576665,-101.2937746
18.53395914,-101.2962388
18.53333212,-101.2995651
18.53318189,-101.3003438
18.52992148,-101.3175409
18.52870171,-101.3239877
18.52459804,-101.3455719
18.52289042,-101.3545973
18.52213689,-101.3582675
18.52045669,-101.3611131
18.51921674,-101.363219
18.5046607,-101.3622729
18.50351437,-101.3629755
18.50032827,-101.3649668
18.49925416,-101.3656298
18.49961318,-101.3670723
18.50057061,-101.3709485
18.50066273,-101.371337
18.50918898,-101.3760289
18.51023004,-101.3871073
18.50653308,-101.3904107
18.50607894,-101.3944773
18.50586933,-101.3963623
18.50647102,-101.3974612
18.50813925,-101.4004976
18.51246907,-101.4083711
18.51110475,-101.4112323
18.5006597,-101.4131091
18.495936,-101.4201506
18.49647416,-101.4212498
18.49884534,-101.4260179
18.50185484,-101.4321067
18.48878508,-101.4411712
18.48906466,-101.4433527
18.48947461,-101.4465414
18.49400339,-101.4525851
18.49710429,-101.45672
18.48701088,-101.4659207
18.48725063,-101.46718
18.48832973,-101.47294
18.4901922,-101.4828667
18.48945829,-101.4878868
18.48828208,-101.4959814
18.48755675,-101.5009942
18.4865921,-101.5075857
18.48739105,-101.5083795
18.49442724,-101.5154145
18.4954168,-101.5163987
18.49599781,-101.5169704
18.49600787,-101.5172834
18.49685372,-101.5388066
18.5006579,-101.5458568
18.510793,-101.5517163
18.50949393,-101.5654336
18.51045593,-101.5663803
18.51699014,-101.5728044
18.51852382,-101.5743068
18.52409726,-101.5868275
18.53583199,-101.5890169
18.5439631,-101.5905355
18.54735081,-101.5949684
18.55030245,-101.5988215
18.55551007,-101.6002249
18.57676658,-101.6059935
18.5783926,-101.608282
18.58704921,-101.6205199
18.59992868,-101.6242359
18.60053198,-101.6266239
18.60072398,-101.6274017
18.60250406,-101.6345042
18.60309123,-101.636839
18.5957881,-101.6525258
18.5968247,-101.6625894
18.58605162,-101.7136238
18.58528914,-101.7172321
18.58876505,-101.7174764
18.59261888,-101.7177437
18.59617855,-101.717995
18.59663869,-101.7208558
18.60443887,-101.7692893
18.58158988,-101.8341099
18.55901498,-101.8575023
18.5350514,-101.8686953
18.53480571,-101.8697629
18.53354563,-101.8752408
18.53119344,-101.8762023
18.5006604,-101.8887457
18.48978373,-101.8898358
18.48432708,-101.8899967
18.44420053,-101.864292
18.42556341,-101.8786051
18.39878965,-101.8894932
18.38279554,-101.8719144
18.36758675,-101.8728454
18.36502082,-101.8705025
18.35797034,-101.8640861
18.35682033,-101.8630331
18.35011421,-101.8610726
18.34719175,-101.8621936
18.33590552,-101.8665274
18.33060441,-101.8685575
18.31513072,-101.8555715
18.31495241,-101.855953
18.3123599,-101.8614235
18.30836749,-101.8698386
18.29583564,-101.866512
18.28738388,-101.8642769
18.28615209,-101.863949
18.28329114,-101.8717458
18.2822904,-101.8744777
18.2796275,-101.8817175
18.27720378,-101.8827104
18.27661593,-101.8829465
18.27575537,-101.8815043
18.26767451,-101.8679539
18.26601765,-101.8651692
18.26513768,-101.8637048
18.25837448,-101.8577689
18.25768637,-101.8571589
18.2569386,-101.8521604
18.26442654,-101.8315456
18.26416382,-101.823359
18.26391991,-101.8161192
18.26379752,-101.8122501
18.26167117,-101.8110067
18.24063033,-101.7986396
18.224739,-101.8075126
18.22540249,-101.8238621
18.23294008,-101.8337735
18.23442702,-101.8379016
18.24873959,-101.8776671
18.24956114,-101.9015325
18.24292576,-101.9087348
18.24243979,-101.9110464
18.24195378,-101.9133579
18.24029246,-101.9211706
18.24024841,-101.9212546
18.23552826,-101.9250311
18.23219948,-101.9276859
18.23184682,-101.9279689
18.23190241,-101.9283345
18.23300837,-101.9360256
18.23268425,-101.9369867
18.23041407,-101.9436095
18.22942008,-101.9465161
18.22785894,-101.9510866
18.23243957,-101.9732878
18.226047,-101.9774613
18.22484287,-101.9782472
18.21102916,-101.9739593
18.20758472,-101.9794449
18.20631745,-101.9814517
18.20599219,-101.9848318
18.20448347,-102.0003814
18.20448347,-102.0003885
18.20428105,-102.0024565
18.20275352,-102.0182269
18.20293663,-102.0187605
18.20679506,-102.0299449
18.20869461,-102.0354161
18.20642318,-102.0392535
18.20484738,-102.0419091
18.19497305,-102.0585712
18.19518522,-102.0700618
18.19560876,-102.0919052
18.18670577,-102.1192038
18.18776396,-102.1302369
18.18764328,-102.1337608
18.18738182,-102.141452
18.18553553,-102.1425349
18.17940947,-102.1461363
18.16829652,-102.1526676
18.16804035,-102.1533001
18.16494898,-102.1610365
18.14190705,-102.1639978
18.12336857,-102.1780816
18.11171314,-102.175586
18.06343641,-102.1817054
18.04778066,-102.1817592
18.04764725,-102.1817744
18.04695995,-102.1817664
18.04670673,-102.181766
18.04119809,-102.1817895
18.03274191,-102.1832163
18.02367075,-102.1847567
18.00710653,-102.182537
18.0043667,-102.1814453
17.99218388,-102.1765778
17.99111508,-102.1761512
17.99082012,-102.175129
17.98819782,-102.1661105
17.98808275,-102.1628148
17.97890161,-102.1580911
17.97799783,-102.1576342
17.97723267,-102.1543072
17.97458567,-102.1426951
17.97097354,-102.1387123
17.97015862,-102.1386737
17.96353992,-102.138308
17.95517085,-102.1435642
17.94774217,-102.1380949
17.94547638,-102.1339289
17.94310741,-102.1351192
17.94217487,-102.1364538
17.94150534,-102.1369113
17.93882006,-102.1366902
17.93849379,-102.1375223
17.93648615,-102.139086
17.93514467,-102.1401698
17.93464788,-102.1408258
17.92903957,-102.1432748
17.92106405,-102.1530717
17.91887982,-102.1580527
17.91752957,-102.1608989
17.91645231,-102.1621042
17.91362344,-102.1692233
17.91100333,-102.1763412
17.91066709,-102.1834135
17.91310304,-102.195637
17.91829597,-102.2125285
17.92245843,-102.2181289
17.92712531,-102.2293743
17.93356776,-102.2372938
17.94500786,-102.252706
17.94544048,-102.2535381
17.94956802,-102.2615487
17.95260258,-102.2687049
17.95644686,-102.2778991
17.9603871,-102.288634
17.96208665,-102.293501
17.96576727,-102.3024127
17.96946441,-102.3123772
17.97078908,-102.3183128
17.97294995,-102.3263315
17.97339843,-102.3280027
17.97662052,-102.3398737
17.97781915,-102.3451008
17.98044461,-102.3553847
17.98276522,-102.3643122
17.98432363,-102.3708956
17.9846327,-102.3734289
17.98533195,-102.3758629
17.98742052,-102.3831261
17.98842396,-102.3867659
17.99074366,-102.3953412
17.99244871,-102.4002697
17.9937736,-102.4048557
17.99517217,-102.4097303
17.99830197,-102.4195954
18.00069155,-102.4279961
18.0023052,-102.4332912
18.00647064,-102.4463836
18.00907145,-102.453601
18.00960619,-102.4561877
18.01033972,-102.4584384
18.01047609,-102.4589421
18.01269165,-102.4673567
18.01464331,-102.474002
18.0162283,-102.4785727
18.01770924,-102.484516
18.01950453,-102.4917413
18.01963589,-102.4927023
18.02011474,-102.4959225
18.02022706,-102.4998821
18.02000422,-102.504651
18.02022515,-102.5085189
18.02051575,-102.5137978
18.02104495,-102.519978
18.02431598,-102.5236555
18.02503508,-102.5274782
18.0258665,-102.5298812
18.02704589,-102.5342386
18.02839077,-102.5374885
18.03096152,-102.5492909
18.03164187,-102.5536396
18.03179239,-102.5566462
18.03446459,-102.567534
18.03703528,-102.5743392
18.03911227,-102.5818621
18.04031781,-102.5857987
18.04285243,-102.5923751
18.04520858,-102.6002568
18.0467419,-102.6057727
18.0469902,-102.6072687
18.04783274,-102.6110753
18.04665244,-102.6122128
18.04670002,-102.6160502
18.04724361,-102.6182861
18.04856156,-102.634026
18.04936277,-102.6348947
18.04910052,-102.6364901
18.04950576,-102.6374279
18.0508199,-102.6388935
18.05128843,-102.6408917
18.05103862,-102.6424718
18.05056001,-102.6465147
18.04962598,-102.6471024
18.04845799,-102.6492465
18.0483627,-102.6503675
18.04964493,-102.6534202
18.05107462,-102.6550532
18.05284675,-102.6572196
18.05356556,-102.6582878
18.05417648,-102.6592102
18.0560439,-102.664613
18.05774605,-102.6700223
18.05855111,-102.6757818
18.05754404,-102.6767436
18.05667064,-102.6776433
18.0562688,-102.6790099
18.05793974,-102.6812294
18.05857959,-102.6834651
18.05780765,-102.6844185
18.05815251,-102.6861351
18.05746006,-102.6892257
18.05517384,-102.6910342
18.05461126,-102.6951074
18.05445993,-102.6984807
18.05579318,-102.7012955
18.05686368,-102.7029969
18.05697642,-102.7076279
18.05830159,-102.710444
18.05922027,-102.7148075
18.06014632,-102.7183177
18.06471586,-102.7194691
18.06712108,-102.7214449
18.06911131,-102.7269467
18.07038572,-102.7308302
18.07046353,-102.7334167
18.07133976,-102.7354757
18.07176262,-102.7375357
18.06941137,-102.7395655
18.06880803,-102.7406413
18.06693805,-102.7406714
18.06561411,-102.7432125
18.0662011,-102.7447533
18.06756744,-102.7448376
18.0682784,-102.7437233
18.07133427,-102.7441512
18.07316069,-102.7458372
18.07397108,-102.7483698
18.07385523,-102.7498348
18.07377671,-102.7508426
18.07260545,-102.7517582
18.07079164,-102.7511773
18.07082237,-102.7538405
18.07201819,-102.755237
18.07152453,-102.7565108
18.07081897,-102.7583271
18.07089267,-102.7596241
18.07230416,-102.759723
18.07334172,-102.7617759
18.07507596,-102.7608754
18.07690916,-102.762973
18.07819443,-102.7663229
18.07919683,-102.7701453
18.08015116,-102.7745017
18.07957355,-102.7814594
18.08139021,-102.7814745
18.08217234,-102.7806432
18.08307144,-102.7799261
18.08521809,-102.7808343
18.08703824,-102.7823519
18.08920832,-102.7839695
18.09137735,-102.7864337
18.0927716,-102.7878839
18.09263916,-102.7887768
18.09216706,-102.7893333
18.09118826,-102.7895014
18.08815029,-102.7895466
18.08011045,-102.790966
18.08029571,-102.7918513
18.08567665,-102.7955444
18.08900632,-102.7984741
18.09062792,-102.8064239
18.0934422,-102.8111773
18.09876422,-102.8220803
18.10245848,-102.829541
18.10484656,-102.8359963
18.10769898,-102.8434656
18.11130926,-102.8525975
18.11280827,-102.8563902
18.11773498,-102.8676665
18.11832506,-102.8690477
18.11950337,-102.8717332
18.12092243,-102.8750056
18.12483353,-102.8836197
18.1264127,-102.8871146
18.13179901,-102.898681
18.13293189,-102.9011303
18.13329028,-102.9018847
18.13439643,-102.9042582
18.13856464,-102.9136502
18.14036518,-102.9179987
18.14256393,-102.9237596
18.14562683,-102.9301604
18.14692913,-102.9329223
18.14712551,-102.9333423
18.1492701,-102.9379125
18.15279805,-102.9463205
18.15462699,-102.9503259
18.15508084,-102.9513249
18.15731233,-102.956193
18.15899523,-102.9605418
18.16067127,-102.964181
18.16220718,-102.9700713
18.16283949,-102.9714288
18.16409267,-102.9734591
18.164388,-102.9739473
18.16594506,-102.9768845
18.17082521,-102.9855055
18.17287985,-102.9925097
18.17435181,-102.9981626
18.17494301,-103.0002227
18.17582199,-103.0042213
18.17581529,-103.0067384
18.17580725,-103.0077686
18.17521628,-103.0097302
18.17524681,-103.0104011
18.17548476,-103.0126751
18.17869101,-103.0160772
18.18187753,-103.0208763
18.18534767,-103.0256836
18.18742651,-103.0349831
18.1868637,-103.039195
18.18625566,-103.0498761
18.18728746,-103.0549507
18.18916889,-103.0560866
18.1918207,-103.0611763
18.18852879,-103.0701486
18.1898392,-103.0752221
18.19009222,-103.0828059
18.19027963,-103.0881616
18.19021819,-103.0966007
18.1888445,-103.101369
18.18931084,-103.1106616
18.18902382,-103.1126218
18.19545701,-103.1160552
18.19948525,-103.1155213
18.2010855,-103.1180697
18.20370688,-103.1270958
18.20123602,-103.132978
18.19983238,-103.1416834
18.20326161,-103.1498695
18.21478321,-103.1724769
18.21897607,-103.1868657
18.2226125,-103.2026515
18.22473722,-103.2051917
18.22873762,-103.2094491
18.23057359,-103.2151028
18.23105006,-103.2232663
18.23148934,-103.2348021
18.23328722,-103.2449422
18.2395563,-103.2675188
18.24477643,-103.2855702
18.24898655,-103.2968698
18.25247705,-103.297175
18.25618291,-103.3036902
18.25987251,-103.3121669
18.2629945,-103.3243055
18.26982084,-103.3432196
18.26737372,-103.345737
18.26652565,-103.3505131
18.26457811,-103.3578066
18.26483026,-103.360058
18.26613471,-103.3637356
18.273309,-103.3736534
18.27919172,-103.3773691
18.27915555,-103.381306
18.27855038,-103.3880664
18.28280804,-103.3934522
18.28597505,-103.3991136
18.2907491,-103.4062017
18.29339629,-103.4104508
18.30392862,-103.4342026
18.30894117,-103.4446772
18.31735525,-103.4641939
18.32113714,-103.4725258
18.32236034,-103.475227
18.32895321,-103.4882499
18.3329507,-103.4919503
18.33635916,-103.4958495
18.33791731,-103.5012124
18.34215144,-103.5074542
18.34615065,-103.5111698
18.35125839,-103.5114973
18.36038469,-103.5127257
18.3676082,-103.5170285
18.37692051,-103.5267036
18.3825546,-103.5279014
18.39384358,-103.5291529
18.40188504,-103.531212
18.41502751,-103.5353026
18.42653893,-103.540505
18.43992366,-103.546578
18.44818159,-103.5539951
18.45323255,-103.5599766
18.45562507,-103.5622572
18.46692345,-103.5618231
18.47360848,-103.5655614
18.48403729,-103.5721682
18.48989605,-103.5770207
18.50530132,-103.5828496
18.51023975,-103.5865649
18.51942074,-103.5964455
18.52019096,-103.5972087
18.52104044,-103.598178
18.52645109,-103.6042658
18.52882584,-103.6064782
18.5344324,-103.611995
18.54956452,-103.6305124
18.56091465,-103.650387
18.56300645,-103.6560553
18.56887832,-103.6603592
18.58083739,-103.673192
18.59192297,-103.6927997
18.59318289,-103.6998645
18.59043747,-103.7049158
18.59227834,-103.7086004
18.59521844,-103.7103327
18.59900255,-103.7086844
18.60200357,-103.7050529
18.6044774,-103.7000097
18.60963533,-103.6961269
18.61292026,-103.6913733
18.62318265,-103.6875352
18.63528261,-103.6885427
18.65048747,-103.7000097
18.65555001,-103.7045954
18.67019798,-103.7171998
18.68291638,-103.7345805
18.68341531,-103.739196
18.68535578,-103.7396992
18.68640343,-103.7352053
18.69066718,-103.7328479
18.70034723,-103.7333898
18.70103489,-103.7334199
18.70244623,-103.733496
18.70290501,-103.7329627
18.70792482,-103.7270494
18.70902428,-103.7219533
18.70964516,-103.7191146
18.71804158,-103.716345
18.71840517,-103.7162154
18.71872585,-103.7158797
18.72991875,-103.7036192
18.733013,-103.702185
18.73441451,-103.7015361
18.74301555,-103.7038859
18.74698677,-103.7049617
18.75415431,-103.7011927
18.75710507,-103.6996447
18.75827993,-103.6990262
18.75926514,-103.6870933
18.76663817,-103.6827292
18.77371015,-103.6785641
18.7767206,-103.6740779
18.77962973,-103.6697363
18.77724862,-103.6623741
18.77681965,-103.6610465
18.77763324,-103.6578722
18.77831464,-103.6551869
18.77996002,-103.6488003
18.7818324,-103.641499
18.78719308,-103.634755
18.79160809,-103.6292004
18.79209462,-103.6285824
18.79477711,-103.6266668
18.80332663,-103.6205333
18.80472261,-103.6195338
18.80824303,-103.620518
18.8273434,-103.6258887
18.83487332,-103.6245009
18.83827308,-103.6224101
18.83784222,-103.617642
18.84199814,-103.6170077
18.85997664,-103.6366167
18.86887133,-103.6413233
18.87035022,-103.6402176
18.88282895,-103.6309169
18.8855675,-103.6288723
18.88793174,-103.6271098
18.89301557,-103.6191675
18.89178348,-103.6166961
18.89073743,-103.6146052
18.88784742,-103.6088217
18.88123716,-103.6029009
18.88375144,-103.596355
18.87609256,-103.588512
18.86851619,-103.5882907
18.86580064,-103.588214
18.86569015,-103.5849492
18.86813833,-103.5846209
18.8740505,-103.5838049
18.87515083,-103.579906
18.87466988,-103.579143
18.87295086,-103.5764195
18.87183754,-103.5746493
18.87594205,-103.5726504
18.88368656,-103.5689121
18.89219511,-103.5691942
18.89546543,-103.5603286
18.89560513,-103.5599544
18.89714698,-103.5597104
18.90180878,-103.5589776
18.90576313,-103.5583604
18.90670643,-103.558207
18.90534813,-103.5538282
18.90903406,-103.5423152
18.9093332,-103.5413993
18.90728565,-103.5361887
18.90542358,-103.5314203
18.91219109,-103.5284064
18.91429658,-103.5297263
18.92233182,-103.5347393
18.92698638,-103.5338305
18.92677443,-103.5252703
18.92674855,-103.5242483
18.92673593,-103.5237058
18.92756091,-103.5227147
18.92821162,-103.521944
18.93335389,-103.5157637
18.93445386,-103.5144366
18.94720028,-103.5228743
18.94771208,-103.5224089
18.94848895,-103.5217003
18.95019811,-103.5201359
18.94882015,-103.5121859
18.94644106,-103.5110342
18.94606265,-103.5108432
18.9462657,-103.5104612
18.94845512,-103.506135
18.95583353,-103.5035944
18.95738735,-103.5030607
18.9599572,-103.5059753
18.96230314,-103.5086376
18.96286722,-103.5092792
18.96258631,-103.5083933
18.95970749,-103.4992304
18.9588121,-103.4963844
18.95765323,-103.4927074
18.95973533,-103.4918605
18.96686388,-103.4889307
18.96752675,-103.4887476
18.97088631,-103.4878395
18.9704272,-103.4857262
18.96972577,-103.4824681
18.97213882,-103.4829571
18.97907067,-103.4843687
18.97875771,-103.4793559
18.9801092,-103.4791338
18.98270349,-103.4786919
18.98490354,-103.4722675
18.98611974,-103.4729161
18.98939002,-103.4746554
18.99046145,-103.472512
18.97767286,-103.4633941
18.97653976,-103.4625776
18.98278098,-103.4398114
18.98103665,-103.4213176
18.98097902,-103.4207066
18.97797381,-103.4157553
18.97414235,-103.4168161
18.96945251,-103.4138179
18.96721111,-103.4123837
18.97016057,-103.4087972
18.97092082,-103.4078735
18.96834432,-103.4044941
18.96644783,-103.4019915
18.96669053,-103.4002368
18.96742812,-103.3949118
18.96750601,-103.3943237
18.96984804,-103.3838787
18.97563399,-103.3859161
18.97949536,-103.380583
18.97813301,-103.3780503
18.97544397,-103.3727855
18.97673457,-103.3675358
18.97461747,-103.3643247
18.97882173,-103.3580378
18.97868475,-103.3551463
18.97840498,-103.3489812
18.97820756,-103.3447244
18.97502759,-103.3387808
18.97444853,-103.3377043
18.97232845,-103.3337369
18.98482044,-103.3063625
18.98636408,-103.3048364
18.9874146,-103.3037838
18.99311419,-103.2981299
18.99396443,-103.2898057
18.99164368,-103.287975
18.99911362,-103.2827951
18.99748653,-103.2803153
18.99619913,-103.278354
19.00080302,-103.2725861
19.00298561,-103.2607142
19.0036757,-103.2604932
19.01190282,-103.2578081
19.01290172,-103.2574793
19.01103608,-103.2542297
19.01050059,-103.2532834
19.01303779,-103.2498267
19.01425595,-103.2481716
19.01389518,-103.2414118
19.01386423,-103.2407712
19.01455776,-103.2401301
19.01954937,-103.2355063
19.0185698,-103.2323707
19.01827869,-103.2314243
19.02263812,-103.2298913
19.02389571,-103.2233599
19.01617269,-103.2275943
19.00356348,-103.2190719
19.00314784,-103.209963
19.00063159,-103.2086733
18.99344244,-103.210786
18.97687596,-103.2033251
18.96853409,-103.2046757
18.96349426,-103.2018984
18.9530118,-103.1877293
18.93514323,-103.1718752
18.92593533,-103.1482082
18.93109716,-103.1349943
18.93023054,-103.1249769
18.9371474,-103.1239229
18.94986188,-103.1103426
18.96050636,-103.1060321
18.96384412,-103.0991041
18.98421147,-103.0876525
18.98488132,-103.0864322
18.98557862,-103.0851729
18.99624816,-103.0658549
18.99646204,-103.06378
18.99671373,-103.0614758
18.99759708,-103.0530217
18.998365,-103.0545782
19.00220434,-103.0623611
19.00652723,-103.0644667
19.02162437,-103.0669006
19.0282967,-103.0646187
19.02810972,-103.0603085
19.03726724,-103.0522972
19.03281308,-103.0481848
19.03046941,-103.0400669
19.0342905,-103.0335671
19.04884355,-103.0269823
19.05320189,-102.9955791
19.05633797,-102.9896816
19.07981775,-103.0161252
19.10426584,-103.0195813
19.10793736,-103.0123414
19.12555025,-103.0208637
19.1325186,-103.0190243
19.13294505,-103.0189107
19.13398714,-103.016149
19.13501066,-103.0134478
19.13758344,-103.0066043
19.12393239,-102.9890788
19.12017429,-102.977871
19.14338582,-102.9823726
19.15100248,-102.9838523
19.15352136,-102.9781377
19.16709944,-102.966754
19.16671156,-102.9636725
19.17362635,-102.9616505
19.17150587,-102.9561033
19.17662607,-102.9528231
19.17499193,-102.9491072
19.17807723,-102.9424165
19.17368743,-102.9360841
19.18197514,-102.9346337
19.17714455,-102.9277526
19.17779058,-102.9213583
19.17816651,-102.9176348
19.20358438,-102.8870481
19.2090561,-102.8729413
19.21005835,-102.8703543
19.21108145,-102.8657078
19.20916721,-102.8654418
19.20727114,-102.8651663
19.20503566,-102.8648459
19.19963341,-102.8479387
19.19908145,-102.8462227
19.20144868,-102.8440481
19.21551519,-102.831078
19.2061128,-102.8228448
19.20984052,-102.8169403
19.22254525,-102.8092187
19.22548108,-102.79367
19.23201724,-102.7944019
19.24219408,-102.7901064
19.24544459,-102.7728795
19.25531436,-102.7539348
19.24898111,-102.7414152
19.24251265,-102.7378823
19.24235425,-102.7275898
19.23577328,-102.7114605
19.23841168,-102.7070814
19.24116858,-102.7083332
19.2464748,-102.7048773
19.2497223,-102.698033
19.23951263,-102.6943102
19.22490067,-102.7004364
19.22613454,-102.6941264
19.21311354,-102.6710999
19.21238553,-102.6698187
19.22074364,-102.6683234
19.2204515,-102.6667903
19.21949536,-102.6617617
19.21944228,-102.6614718
19.22033919,-102.6614332
19.22187037,-102.6613501
19.22448872,-102.6612197
19.22833023,-102.6610214
19.22860311,-102.6586876
19.22894139,-102.6558869
19.23207313,-102.656436
19.23248045,-102.6565047
19.23377518,-102.6545524
19.23548009,-102.6520036
19.23622053,-102.6525448
19.24096998,-102.6560473
19.2431628,-102.6516982
19.24349173,-102.6510417
19.24472572,-102.6505613
19.24701223,-102.6496769
19.25867168,-102.6451446
19.25906539,-102.6441605
19.26095499,-102.6386134
19.26122587,-102.6388197
19.26390736,-102.6409176
19.26438587,-102.6412919
19.26516234,-102.6418941
19.27156091,-102.6389958
19.27847645,-102.642367
19.28767621,-102.6390106
19.29590515,-102.63602
19.30638422,-102.6321975
19.31127478,-102.6281613
19.31199291,-102.6275659
19.31355638,-102.6262849
19.31365748,-102.6259335
19.31518281,-102.6207151
19.31572478,-102.6188914
19.31589018,-102.6183197
19.3198832,-102.6143741
19.32294837,-102.6113534
19.33717646,-102.6055706
19.36435536,-102.6008555
19.37083748,-102.5951327
19.3867901,-102.588572
19.38948426,-102.5830176
19.41145326,-102.5690857
19.42389214,-102.5764181
19.42495918,-102.5721909
19.43418211,-102.5650573
19.43110733,-102.5561916
19.42628415,-102.5521096
19.4295396,-102.5438238
19.43429694,-102.5461361
19.43310533,-102.5524226
19.43727329,-102.5597469
19.43948958,-102.5483333
19.44685411,-102.5586485
19.44235812,-102.5665072
19.44453508,-102.5682618
19.46222557,-102.5646377
19.46433255,-102.5559704
19.47038043,-102.5547496
19.47176373,-102.5481123
19.47753357,-102.5435881
19.49151654,-102.550485
19.4974972,-102.5747092
19.49932834,-102.5744876
19.50243766,-102.5741138
19.50438668,-102.57387
19.51198329,-102.5729465
19.51304239,-102.5732209
19.52094498,-102.5752587
19.52432144,-102.5761354
19.52831561,-102.5813466
19.52267225,-102.5832469
19.51789821,-102.5991771
19.49772336,-102.6228668
19.49236407,-102.6347997
19.476107,-102.6709562
19.4772627,-102.6739091
19.49056504,-102.6695752
19.51162946,-102.6741678
19.51032501,-102.6801648
19.51314005,-102.6888246
19.50834876,-102.7021842
19.49168138,-102.7242336
19.49233643,-102.7255687
19.49508216,-102.7311538
19.49213723,-102.7367847
19.49340382,-102.7371809
19.49648879,-102.738165
19.49825295,-102.7387216
19.49891753,-102.7380815
19.50539043,-102.7317945
19.50659213,-102.7306268
19.50688344,-102.7303453
19.50996018,-102.7311764
19.51128853,-102.7281711
19.51176499,-102.7270723
19.51112294,-102.7268049
19.50869952,-102.7257743
19.51156764,-102.7247683
19.51804804,-102.7225165
19.51933507,-102.7181608
19.52460927,-102.7185112
19.52798226,-102.7161314
19.52887323,-102.7155053
19.52993696,-102.7147499
19.53330771,-102.7166731
19.5415077,-102.7110198
19.5477994,-102.7180387
19.54925089,-102.7176879
19.56152536,-102.7146734
19.56351218,-102.7141784
19.56846898,-102.7198926
19.57027211,-102.7180152
19.57072747,-102.7175348
19.5792917,-102.7211509
19.57812605,-102.7261413
19.57808889,-102.7263323
19.58136493,-102.7234481
19.58188364,-102.7229896
19.58459052,-102.7254241
19.58815713,-102.7224182
19.59251533,-102.7187255
19.5928417,-102.718695
19.59814609,-102.7180238
19.60035512,-102.7165509
19.60141872,-102.7158418
19.6025011,-102.7169089
19.60643393,-102.7207391
19.60718891,-102.7201443
19.60918089,-102.7185877
19.61151116,-102.7259049
19.61211826,-102.727804
19.61480509,-102.7362507
19.61444521,-102.737578
19.61219395,-102.7457649
19.61188019,-102.7469095
19.62041468,-102.7546228
19.62789333,-102.7613902
19.62671558,-102.7756041
19.63958638,-102.7786714
19.64292635,-102.7794569
19.64293365,-102.7833093
19.64720647,-102.784202
19.6482133,-102.7875211
19.65237451,-102.7854766
19.65376968,-102.7925192
19.66264001,-102.7928771
19.67381173,-102.7916184
19.67267748,-102.7987908
19.67537476,-102.8045663
19.67817554,-102.797638
19.68849184,-102.7919085
19.69561771,-102.7827149
19.70479847,-102.780952
19.71716625,-102.7920457
19.71788087,-102.7923059
19.72325381,-102.7943196
19.72825591,-102.7961889
19.74102465,-102.8101206
19.74553765,-102.8034145
19.75227853,-102.8038409
19.75059533,-102.8169109
19.75889164,-102.8095486
19.76417032,-102.8139278
19.77529148,-102.8138975
19.78404533,-102.8074269
19.78612186,-102.810647
19.78742531,-102.8126608
19.7883063,-102.8140114
19.79034179,-102.8147286
19.79439473,-102.8161474
19.79345802,-102.8116699
19.79700568,-102.8109753
19.79803862,-102.8008129
19.7959198,-102.791787
19.8133534,-102.792801
19.81510728,-102.7849662
19.80853011,-102.7666245
19.81280683,-102.7560875
19.81185678,-102.7466117
19.81613517,-102.7391733
19.81748127,-102.7400809
19.83282157,-102.7503429
19.84439115,-102.7440785
19.84756334,-102.7348468
19.85348609,-102.7303153
19.86388852,-102.7347784
19.86946698,-102.7339846
19.87819707,-102.7412337
19.88530074,-102.7399825
19.8903032,-102.7327641
19.89731478,-102.7318114
19.93021595,-102.7710805
19.94922779,-102.7830055
19.95773763,-102.7746429
19.9593172,-102.7795188
19.95887002,-102.7800986
19.9579939,-102.7812357
19.95225331,-102.7886901
19.95121281,-102.7900477
19.95078263,-102.796037
19.95072391,-102.7968612
19.96192718,-102.8209165
19.97580212,-102.8829912
19.96981135,-102.8874011
19.96710726,-102.9032025
19.96933016,-102.9074446
19.98450844,-102.9264958
19.98375751,-102.9438988
19.98716055,-102.9447987
19.99029201,-102.945638
19.99678503,-102.9525583
19.98307766,-102.9949626
19.9718096,-103.0045379
19.96923996,-103.0119774
19.96111914,-103.0144263
19.95928527,-103.017531
19.96217771,-103.0228343
19.95981375,-103.0265497
19.96665733,-103.0293425
19.96889497,-103.0362235
19.99185192,-103.0515977
19.99634399,-103.0496294
19.99722605,-103.0492406
20.00074252,-103.0454484
20.00075159,-103.0454484
20.00112601,-103.0450521
20.00231349,-103.0437546
20.00609665,-103.0473023
20.00712352,-103.0482634
20.00886961,-103.0461584
20.01386984,-103.0401604
20.02545954,-103.033012
20.02549972,-103.0337677
20.02558696,-103.0355981
20.02633886,-103.035683
20.02892963,-103.0359881
20.02917514,-103.0292201
20.03282235,-103.0248027
20.03402828,-103.0261225
20.03621521,-103.0285025
20.03856594,-103.0281138
20.04040841,-103.0278088
20.04968439,-103.0262674
20.04854994,-103.0237572
20.04779949,-103.0221098
20.04726349,-103.0209269
20.05265352,-103.0215683
20.05657281,-103.0265426
20.0577415,-103.0280075
20.0590629,-103.0296785
20.06479961,-103.0313413
20.06723361,-103.0320507
20.07251839,-103.0308459
20.07539559,-103.0343774
20.07844311,-103.0315327
20.08995233,-103.0415806
20.09861524,-103.0382917
20.11131428,-103.0334543
20.11398969,-103.0346757
20.11661092,-103.0358656
20.11742447,-103.0362245
20.11595891,-103.0423733
20.11580954,-103.0429996
20.11972552,-103.0418011
20.12316973,-103.044609
20.12578759,-103.0330355
20.13296338,-103.0351182
20.13633261,-103.03299
20.13760142,-103.0046911
20.12598556,-102.9993889
20.1252076,-102.9963594
20.12695708,-102.964117
20.1409761,-102.9609814
20.1377445,-102.951506
20.13125728,-102.944959
20.12820535,-102.9414651
20.12911863,-102.9271285
20.13611484,-102.9247032
20.14996935,-102.9438078
20.17083921,-102.9543516
20.1714267,-102.9546486
20.17177515,-102.9394814
20.16202062,-102.9063845
20.16317794,-102.9016008
20.16333597,-102.9009441
20.16443732,-102.8963965
20.1636896,-102.8951913
20.16150919,-102.891689
20.15863482,-102.8870661
20.15844621,-102.8848157
20.1578972,-102.8782543
20.1578039,-102.8771399
20.16308047,-102.8661534
20.16151057,-102.8663822
20.15943018,-102.8666954
20.15573226,-102.8672442
20.15546684,-102.8672821
20.14932077,-102.8530454
20.14927377,-102.8529383
20.14916008,-102.853
20.14762777,-102.8538088
20.14449039,-102.8554643
20.14245335,-102.8565399
20.13321254,-102.8503976
20.1142969,-102.8378093
20.11331794,-102.8357108
20.1118349,-102.8325294
20.1102555,-102.8291339
20.10586179,-102.8197119
20.10459129,-102.8169881
20.10500614,-102.816134
20.10681902,-102.8124101
20.10816874,-102.8109377
20.11028633,-102.8082833
20.11094011,-102.8072446
20.11208618,-102.8065507
20.1130117,-102.8059863
20.11341039,-102.8056048
20.11440565,-102.8042849
20.11677051,-102.802858
20.11923783,-102.8022019
20.11985747,-102.8020424
20.12147049,-102.8022019
20.12408934,-102.8024694
20.12826502,-102.8049492
20.1285641,-102.8049713
20.13099531,-102.8064293
20.1323949,-102.8075116
20.13316358,-102.8078858
20.13332038,-102.8082371
20.13644794,-102.8151114
20.13758151,-102.8175987
20.14095016,-102.7944738
20.13722883,-102.7865235
20.13808508,-102.7804804
20.14898716,-102.765489
20.15152717,-102.7561807
20.14732213,-102.7539599
20.16604016,-102.7308954
20.16737133,-102.6865598
20.17269035,-102.6792288
20.18465292,-102.6785337
20.20555198,-102.6827686
20.21781923,-102.6849737
20.22562247,-102.6797622
20.22575048,-102.6734142
20.23079316,-102.6690431
20.23110599,-102.6597117
20.22792513,-102.6529909
20.22376442,-102.6442016
20.22904658,-102.6278657
20.24789689,-102.6170626
20.25246829,-102.6211897
20.25475574,-102.6139039
20.26250522,-102.6147438
20.26316689,-102.6148116
20.2636835,-102.6148728
20.26469415,-102.6138505
20.26880948,-102.6096999
20.26692516,-102.6001398
20.26490625,-102.5993309
20.2615938,-102.5977212
20.26222497,-102.5940066
20.25960447,-102.5916638
20.25853826,-102.5906946
20.26421659,-102.5807765
20.26541172,-102.5692711
20.26561866,-102.5672793
20.26940568,-102.5657313
20.27484331,-102.5689733
20.27803564,-102.5639835
20.27144407,-102.5564077
20.26835877,-102.5570257
20.26579066,-102.557552
20.26308647,-102.5581018
20.2628881,-102.5577959
20.26077943,-102.5541947
20.2710984,-102.549228
20.27251543,-102.5485491
20.27619426,-102.546779
20.28001025,-102.5446886
20.27791082,-102.5358234
20.27523893,-102.5349383
20.27117227,-102.5335793
20.2706469,-102.5334199
20.27095791,-102.5326487
20.27374786,-102.5256759
20.27389418,-102.5253173
20.27464064,-102.5244781
20.2779905,-102.520724
20.28462696,-102.5210751
20.29081675,-102.5299782
20.29141228,-102.5308251
20.29242832,-102.5307029
20.29602981,-102.5302689
20.29687863,-102.5286888
20.2993795,-102.5239973
20.30031042,-102.5222576
20.30048671,-102.5157729
20.3006412,-102.5103021
20.30065175,-102.5098588
20.30093317,-102.5097674
20.30865868,-102.5071892
20.31580318,-102.5048092
20.30804009,-102.4967974
20.30875869,-102.4905257
20.31314608,-102.4881913
20.32314695,-102.4829114
20.32381004,-102.4825604
20.32457703,-102.4808977
20.32696919,-102.4757173
20.32811043,-102.4732446
20.33030149,-102.4684996
20.32981096,-102.4628534
20.32939006,-102.4581077
20.32910979,-102.4548045
20.33158628,-102.4545148
20.33436209,-102.454202
20.33513679,-102.4528971
20.33792567,-102.4481739
20.33799951,-102.4477319
20.33855205,-102.4448554
20.33960212,-102.4392549
20.34082679,-102.4327704
20.33291202,-102.4224474
20.33294158,-102.4216003
20.33317606,-102.4154818
20.33336234,-102.4103317
20.32797325,-102.4010997
20.32820094,-102.4007254
20.33203525,-102.3943784
20.33365631,-102.3916997
20.33228302,-102.386169
20.32957189,-102.3751969
20.32768613,-102.3675983
20.33532241,-102.3596562
20.33698624,-102.3578171
20.33626415,-102.3524914
20.33553286,-102.3471429
20.33526517,-102.3452278
20.33968677,-102.3428548
20.34053718,-102.3397118
20.34143323,-102.3364007
20.34918778,-102.3275658
20.34853005,-102.3255823
20.345232,-102.3156412
20.34778331,-102.3141376
20.35010765,-102.3127572
20.35619988,-102.3091559
20.35743468,-102.3084159
20.35781599,-102.3082016
20.35316874,-102.2966503
20.35316033,-102.296315
20.35310008,-102.2946514
20.35303144,-102.2926296
20.34893136,-102.2932481
20.3454844,-102.2937671
20.34116542,-102.2903338
20.34168327,-102.2898301
20.34555374,-102.2859312
20.34544632,-102.2851835
20.34503465,-102.2822537
20.34494504,-102.2816742
20.34473705,-102.2813613
20.33988088,-102.2739674
20.3378732,-102.2709157
20.33563031,-102.2675054
20.33567635,-102.2671089
20.33588829,-102.2651865
20.33601734,-102.2639802
20.33633971,-102.2610966
20.33948845,-102.2598913
20.33930754,-102.2596242
20.33567124,-102.2542225
20.33590849,-102.2533373
20.3415372,-102.2322874
20.34213006,-102.2300362
20.34413621,-102.2225523
20.3462321,-102.2217889
20.34914454,-102.2207517
20.3510408,-102.2200721
20.35124206,-102.2188597
20.35160789,-102.2166921
20.3524218,-102.2118474
20.35520884,-102.2096426
20.35673398,-102.208437
20.35590168,-102.2069802
20.35476173,-102.2050121
20.35022888,-102.1971533
20.35513988,-102.1783924
20.35561209,-102.1778354
20.35861781,-102.174302
20.35900827,-102.1738529
20.35967872,-102.174379
20.3640185,-102.1778272
20.36494362,-102.1777058
20.36871672,-102.177171
20.36695061,-102.1587152
20.36766684,-102.1588903
20.37452988,-102.1606077
20.37496505,-102.160714
20.3759765,-102.1646666
20.37701495,-102.1687106
20.37816809,-102.1674053
20.37868565,-102.1668097
20.37918505,-102.1662381
20.37560076,-102.1415412
20.37545659,-102.1405421
20.37631385,-102.1352164
20.38101418,-102.1320042
20.37777383,-102.1246644
20.37809204,-102.123673
20.37933751,-102.1198117
20.38092833,-102.1148602
20.37814898,-102.1084589
20.38391533,-102.0968697
20.38419683,-102.0962905