2234,NAYARIT
22.5748572,-105.6795949
22.57558702,-105.6783132
22.57621857,-105.6773442
22.57665757,-105.6770238
22.57694871,-105.6768106
22.57723134,-105.6763832
22.57691619,-105.675888
22.57673258,-105.6755896
22.57639509,-105.674507
22.57662159,-105.6737664
22.57674109,-105.6725608
22.57703183,-105.6710274
22.57753773,-105.6700891
22.57764005,-105.6691274
22.57776748,-105.6679684
22.57397283,-105.667144
22.58211991,-105.6590644
22.57862005,-105.6542265
22.58877034,-105.6562643
22.59233767,-105.6448119
22.58638088,-105.6428591
22.58836558,-105.6333989
22.57444596,-105.6275087
22.5688685,-105.617895
22.5687897,-105.61234
22.55995819,-105.6012545
22.55952602,-105.600705
22.5589895,-105.6007358
22.54791006,-105.6015215
22.54675458,-105.6016136
22.54282505,-105.6018875
22.5373094,-105.5985232
22.5341208,-105.5841266
22.53479507,-105.5808991
22.53578529,-105.5761832
22.5398889,-105.5738799
22.53793446,-105.5606042
22.53975925,-105.5527453
22.53582456,-105.5417892
22.51109994,-105.5341069
22.51147508,-105.5320007
22.52236363,-105.5319925
22.52180528,-105.5198619
22.51729772,-105.5096385
22.5265888,-105.504397
22.51643207,-105.4841169
22.50880982,-105.4782195
22.50670469,-105.4660356
22.50660859,-105.4654626
22.50793579,-105.4649974
22.51214615,-105.4635247
22.51226296,-105.4623659
22.5127155,-105.4579781
22.51679539,-105.4566509
22.52113142,-105.4552398
22.52443394,-105.4423689
22.52451325,-105.4420704
22.53032214,-105.4438334
22.53722309,-105.4377529
22.53814015,-105.4369432
22.53922486,-105.436761
22.54014563,-105.4366002
22.55246206,-105.4344493
22.55834696,-105.4368829
22.56478085,-105.4395374
22.56668639,-105.4387897
22.57166093,-105.4368366
22.5803951,-105.437738
22.58550517,-105.4382635
22.59296777,-105.4473204
22.60035037,-105.4562773
22.61164382,-105.4483127
22.61305659,-105.4484874
22.62210352,-105.4496168
22.62705681,-105.4502502
22.6269531,-105.4512343
22.62512192,-105.4693317
22.62636966,-105.470384
22.63061259,-105.473932
22.64101725,-105.4700028
22.64926434,-105.4602296
22.65745062,-105.4620764
22.6527699,-105.4909003
22.65579273,-105.4925634
22.67135314,-105.5000102
22.69534854,-105.4942881
22.71209869,-105.5033373
22.7124936,-105.5035435
22.71766102,-105.5063434
22.72402203,-105.5097686
22.74319554,-105.5144541
22.75992981,-105.514583
22.7596254,-105.5195812
22.77360675,-105.5241514
22.77506701,-105.524632
22.77492289,-105.5241813
22.77406338,-105.5216478
22.77373159,-105.5206646
22.77349364,-105.5199471
22.77560202,-105.5190847
22.78080894,-105.5169479
22.78397427,-105.518726
22.78444951,-105.5189933
22.78774397,-105.5150942
22.78923704,-105.5133327
22.79070237,-105.5115925
22.79277389,-105.5091508
22.79300732,-105.5088692
22.79339931,-105.5084033
22.79404088,-105.5089455
22.79466483,-105.5094639
22.79673243,-105.5111959
22.79857207,-105.5065649
22.80107391,-105.5059697
22.80449731,-105.5051833
22.80677054,-105.5046567
22.80710393,-105.5039712
22.80789416,-105.5023611
22.81160716,-105.4947923
22.81228954,-105.49554
22.81363647,-105.4970204
22.8148811,-105.494991
22.81582407,-105.4934496
22.81635778,-105.4939449
22.81823552,-105.4956474
22.82626014,-105.4933884
22.8261358,-105.4928622
22.82521642,-105.4889327
22.82821518,-105.4872393
22.82909679,-105.4872086
22.83089629,-105.487148
22.83327756,-105.4870635
22.83351401,-105.4870489
22.83996725,-105.4868116
22.84046941,-105.4854837
22.84280727,-105.4792581
22.84341403,-105.4789299
22.8438736,-105.4786859
22.85081346,-105.4749786
22.85931949,-105.4844163
22.88123319,-105.4755353
22.89267233,-105.4578578
22.93411413,-105.4961505
22.95916822,-105.5014684
22.97800884,-105.4535088
22.99366624,-105.4465432
23.00060064,-105.4434529
23.0245673,-105.432795
23.02426706,-105.4097913
23.03770543,-105.4127823
23.04625275,-105.4102348
23.07472191,-105.4131873
23.08419161,-105.3934419
23.08196204,-105.3870095
23.08150905,-105.3857133
23.08412976,-105.3842256
23.08311414,-105.3833248
23.08249916,-105.3827914
23.07818628,-105.3790067
23.0767387,-105.3716672
23.07395774,-105.3583767
23.06871529,-105.358071
23.06418034,-105.3578041
23.06360395,-105.3567431
23.06296644,-105.3555689
23.06047746,-105.3509828
23.05790625,-105.3510369
23.05217308,-105.3511656
23.05140991,-105.3511807
23.04619592,-105.3587879
23.04266695,-105.3561019
23.03750294,-105.3521726
23.03671664,-105.3515775
23.036091,-105.3511128
23.0355532,-105.3512047
23.03131418,-105.3519513
23.02727591,-105.3526539
23.02005601,-105.3539199
23.01758782,-105.3500521
23.01312527,-105.3430708
23.01146685,-105.3433307
23.01100207,-105.343406
23.00842676,-105.3436502
23.00815028,-105.3404696
23.00571989,-105.3398897
22.99978385,-105.3384774
22.99771221,-105.3359987
22.99588876,-105.3338009
22.99413669,-105.338409
22.98965567,-105.3356393
22.98937791,-105.3354643
22.98870586,-105.3350441
22.98760298,-105.3360745
22.98341415,-105.3399735
22.98308047,-105.3402863
22.9828607,-105.3399498
22.9813495,-105.3375933
22.9804667,-105.3364175
22.97702703,-105.3388443
22.97639088,-105.3392868
22.97140519,-105.3371803
22.9704382,-105.3403312
22.96982326,-105.3423152
22.96952116,-105.3432687
22.96932279,-105.3423615
22.9680878,-105.3368836
22.96320968,-105.3356847
22.9627039,-105.3355556
22.96277153,-105.3349456
22.96299505,-105.3329996
22.96320684,-105.3311759
22.96321755,-105.3311002
22.96296196,-105.3311612
22.96144657,-105.3315277
22.95439022,-105.3332212
22.95297901,-105.3295894
22.95259233,-105.3285672
22.95212935,-105.3285593
22.95001453,-105.3285063
22.94406044,-105.3283534
22.9445832,-105.3251564
22.95606317,-105.2550098
22.95841751,-105.2406128
22.96178784,-105.0767221
22.95503972,-104.9990061
22.95501077,-104.9986255
22.95057414,-104.9970152
22.94808027,-104.9987166
22.94569697,-105.0003345
22.94058977,-105.0038052
22.93239583,-105.0039582
22.92250841,-105.0094818
22.91905972,-105.0070399
22.90929499,-104.9996937
22.90873786,-105.0003269
22.90675955,-105.0026004
22.90463267,-105.0050409
22.90438184,-105.0053317
22.90392878,-105.004813
22.90272059,-105.0034318
22.89251407,-104.9916895
22.88952937,-104.9882483
22.88889862,-104.9875236
22.88518498,-104.9875013
22.87871123,-104.987455
22.85621169,-104.9873105
22.85331719,-104.9890728
22.85170917,-104.9900496
22.84940926,-104.9887669
22.84864565,-104.9883395
22.84626441,-104.9870355
22.83800414,-104.9878063
22.83607546,-104.9879895
22.82876815,-104.9784292
22.82607526,-104.974912
22.82273595,-104.9705331
22.81519735,-104.9606672
22.81389504,-104.9589656
22.81511821,-104.9576839
22.817823,-104.9548997
22.82187141,-104.9507027
22.81645722,-104.9403193
22.81818841,-104.9395335
22.82587367,-104.9360311
22.82658818,-104.935704
22.82656504,-104.9350092
22.8264198,-104.9297368
22.80747457,-104.9284476
22.75683478,-104.938328
22.74859428,-104.9145692
22.74105655,-104.8928552
22.73683208,-104.905551
22.7303832,-104.9248991
22.71876854,-104.959752
22.68678349,-105.0555557
22.66300435,-105.0864556
22.62327413,-105.0273641
22.62303596,-105.0270065
22.59050598,-104.9786042
22.50573209,-104.9610789
22.58191708,-104.888193
22.60936594,-104.8619173
22.65298294,-104.8582851
22.65394209,-104.8437052
22.6465438,-104.8401268
22.64052165,-104.8293391
22.64027771,-104.8168491
22.6343841,-104.8133851
22.64180701,-104.8031616
22.64910605,-104.8037494
22.64795096,-104.787796
22.64358441,-104.7791668
22.6328037,-104.7742453
22.60319021,-104.779441
22.59175062,-104.7727873
22.58540179,-104.7759162
22.57879246,-104.7631981
22.57089643,-104.761465
22.55844038,-104.7373868
22.56091167,-104.7270403
22.57093179,-104.7200825
22.5633766,-104.7195946
22.5537055,-104.7087903
22.5590852,-104.6809738
22.56436655,-104.6685831
22.56047689,-104.6672025
22.55932177,-104.6667895
22.52378225,-104.6541555
22.46275956,-104.6555207
22.46107365,-104.6025941
22.46106398,-104.6020908
22.45863542,-104.6023425
22.45681612,-104.6025402
22.44650066,-104.6036624
22.4371412,-104.596551
22.43033026,-104.5955369
22.41723163,-104.5931713
22.41523999,-104.59282
22.41220741,-104.5868689
22.39988335,-104.5805368
22.39868609,-104.5799192
22.39434294,-104.573037
22.39331356,-104.5590522
22.38565537,-104.5571064
22.38873725,-104.5491947
22.37914663,-104.5476995
22.3660066,-104.5351412
22.35984681,-104.5170886
22.34555886,-104.5057434
22.35116848,-104.4940785
22.35150022,-104.4819618
22.35443889,-104.4860978
22.36021792,-104.4942538
22.36045764,-104.494589
22.36860699,-104.4886608
22.36917644,-104.4882566
22.37229145,-104.4904612
22.37201538,-104.4934982
22.37190298,-104.4948335
22.37535155,-104.4954972
22.37610229,-104.4934294
22.38589986,-104.4662838
22.39380342,-104.3746062
22.43280757,-104.3240226
22.42777576,-104.3277535
22.42424056,-104.324961
22.41049521,-104.3285089
22.38185063,-104.3260367
22.36585472,-104.2931758
22.36164146,-104.2919857
22.36009525,-104.2915577
22.35590859,-104.2855157
22.34454946,-104.2923057
22.34762896,-104.2982953
22.32912664,-104.292725
22.32641059,-104.2983031
22.32145263,-104.2946937
22.31056201,-104.2931757
22.30913045,-104.2929767
22.29712996,-104.2848823
22.29245835,-104.2913292
22.28675618,-104.2907496
22.27772853,-104.2958308
22.24536819,-104.3280573
22.2320165,-104.3266164
22.22742454,-104.3312854
22.22042897,-104.3297969
22.21099067,-104.3421115
22.20773874,-104.341623
22.20101927,-104.3321163
22.19327466,-104.3369238
22.18828103,-104.3357409
22.18159576,-104.3425233
22.17892808,-104.3507636
22.17003795,-104.3496957
22.16455255,-104.3551575
22.14954758,-104.3555922
22.13638731,-104.3624362
22.12790626,-104.361346
22.11148664,-104.3664109
22.10258948,-104.3734835
22.09295473,-104.3671434
22.08376633,-104.3683724
22.07281328,-104.3633289
22.05330812,-104.3618337
22.04537536,-104.3682036
22.04017669,-104.3656259
22.03134641,-104.3666016
22.02842045,-104.3697229
22.02250168,-104.3685165
22.01953346,-104.3631759
22.01289931,-104.360666
22.00050208,-104.3669064
21.98713973,-104.3674255
21.97996679,-104.3710265
21.97320639,-104.3667081
21.97322003,-104.3664115
21.97344963,-104.3609249
21.97393149,-104.3496186
21.97412942,-104.3449794
21.97542166,-104.3429885
21.97982789,-104.3362133
21.97553862,-104.3263176
21.97650242,-104.3262188
21.98361333,-104.3254482
21.9837989,-104.3239828
21.98437928,-104.3192148
21.99074174,-104.3150944
21.98865432,-104.3078075
21.99025722,-104.3068618
21.99838175,-104.3020554
21.9990986,-104.3008655
22.0025431,-104.2951433
22.00320406,-104.2940448
22.00274733,-104.2936245
21.99835045,-104.2895578
21.99951326,-104.2809526
21.98482054,-104.2763206
21.9814591,-104.2752608
21.98041087,-104.2749327
21.97985047,-104.2729254
21.97658148,-104.2612825
21.97185217,-104.2575442
21.9668026,-104.245909
21.96942227,-104.2330913
21.98280552,-104.2122317
21.98356914,-104.2064723
21.98457686,-104.198865
21.9853294,-104.1932111
21.97095606,-104.1735733
21.96309504,-104.1735271
21.93912072,-104.1785927
21.92757131,-104.1883288
21.91654214,-104.1901976
21.90965717,-104.2000016
21.89672602,-104.2009247
21.88003512,-104.196248
21.87637814,-104.1904267
21.86861603,-104.1866417
21.86823357,-104.1790583
21.87250978,-104.1758164
21.87192131,-104.1724965
21.85954261,-104.1805846
21.85097541,-104.1976286
21.85182514,-104.1915249
21.83849914,-104.1876946
21.83780286,-104.1875046
21.83310504,-104.1782496
21.83261929,-104.1772962
21.83169316,-104.1766698
21.82868143,-104.1746023
21.82085938,-104.1692619
21.81123001,-104.1626852
21.80986332,-104.1617542
21.81099694,-104.1566653
21.80930846,-104.1553756
21.80832949,-104.1546284
21.80764688,-104.1541095
21.80741328,-104.1481043
21.80412904,-104.1447248
21.80312673,-104.1436954
21.79401642,-104.1343182
21.79291568,-104.1331817
21.79093774,-104.1311516
21.78769263,-104.1097818
21.79141823,-104.1061957
21.7916182,-104.1048527
21.79235782,-104.0998939
21.79273812,-104.0973072
21.79080564,-104.0932409
21.78564058,-104.0932403
21.78488724,-104.0932334
21.78578996,-104.0842609
21.78249256,-104.0797438
21.7899852,-104.0761121
21.78988727,-104.0658736
21.79039653,-104.0658049
21.79442493,-104.0652778
21.79258135,-104.0558711
21.7942916,-104.0522014
21.79462777,-104.0514995
21.79445194,-104.0510715
21.7893462,-104.0384372
21.79074539,-104.0349193
21.7910833,-104.0340801
21.78917899,-104.0277555
21.78716106,-104.0210794
21.78178015,-104.0098642
21.78301259,-104.0016848
21.77948774,-103.9970231
21.77997119,-103.9891497
21.77273395,-103.9844419
21.77404664,-103.9811997
21.7713011,-103.977301
21.77217237,-103.9581888
21.7761278,-103.9526646
21.77397273,-103.9508183
21.77653644,-103.9455009
21.77167768,-103.9233595
21.75545626,-103.9183169
21.75143008,-103.9216199
21.75093574,-103.9327977
21.74352825,-103.9321188
21.73646151,-103.9274421
21.73230855,-103.9191258
21.71684164,-103.9030571
21.72829229,-103.899029
21.72836322,-103.8962285
21.71332413,-103.896839
21.69840172,-103.8879969
21.68668545,-103.9032639
21.66981074,-103.9120903
21.67070363,-103.9140051
21.67140165,-103.9155312
21.66896573,-103.9216043
21.64978141,-103.9285165
21.64189123,-103.9301579
21.63041736,-103.9121135
21.61926827,-103.9079783
21.61523072,-103.910771
21.61683902,-103.919354
21.60878091,-103.9126628
21.59061976,-103.9234661
21.58039984,-103.9176524
21.57813348,-103.9043232
21.57441772,-103.9038738
21.57440072,-103.8935197
21.57109877,-103.8911625
21.57072984,-103.8909026
21.56682844,-103.8915207
21.56251795,-103.8921925
21.55674784,-103.8875765
21.5550132,-103.8861877
21.55119205,-103.8765751
21.54900856,-103.8710582
21.54862093,-103.8700972
21.55018017,-103.8642905
21.55167332,-103.8586756
21.55234797,-103.8561806
21.5335395,-103.8541355
21.53140161,-103.8582942
21.52520593,-103.8602624
21.5156264,-103.8523652
21.51294327,-103.8422944
21.51397849,-103.8324069
21.49432401,-103.8259671
21.49423646,-103.8111659
21.48593312,-103.801827
21.48996798,-103.7928783
21.49753628,-103.7898639
21.49865164,-103.7751231
21.49282414,-103.7790985
21.48863001,-103.7713541
21.48340739,-103.7701264
21.48152898,-103.7614363
21.47414591,-103.7499378
21.46451271,-103.7510593
21.43994873,-103.741943
21.43203468,-103.7291325
21.4217149,-103.7219532
21.42160526,-103.7276595
21.41624519,-103.7321616
21.41791889,-103.7525707
21.41048618,-103.7565152
21.41074408,-103.7648692
21.40005366,-103.7569263
21.39391218,-103.7677381
21.38880603,-103.767448
21.38278233,-103.7506479
21.37448178,-103.7415919
21.35922245,-103.747489
21.3543049,-103.7457879
21.34643468,-103.7475504
21.34292887,-103.7525552
21.33697981,-103.7498006
21.33565467,-103.7577357
21.32986347,-103.7578428
21.32636799,-103.7674331
21.32209897,-103.7685392
21.32090332,-103.7753975
21.30903961,-103.7803033
21.30201501,-103.8012849
21.29532392,-103.8069084
21.28925055,-103.8078616
21.28747869,-103.8149499
21.28112137,-103.8207025
21.27707014,-103.8202592
21.27199033,-103.8254101
21.25653769,-103.8176276
21.24901729,-103.8196955
21.23977456,-103.8428204
21.24671738,-103.8532877
21.24860098,-103.8625811
21.24285689,-103.8744451
21.23923156,-103.8755512
21.2420598,-103.8817155
21.23901237,-103.8926106
21.22743066,-103.8971889
21.23413191,-103.903437
21.23017046,-103.9176281
21.25054283,-103.9212984
21.26217184,-103.9317895
21.25502199,-103.9352831
21.25054353,-103.9284545
21.23386318,-103.92419
21.23827493,-103.935589
21.23887845,-103.9473836
21.25146152,-103.9569281
21.25689742,-103.9710661
21.25721359,-103.9718828
21.25670995,-103.9722336
21.25205852,-103.9754373
21.24901303,-103.9849675
21.24499763,-103.9873936
21.24369897,-103.9881645
21.24149366,-103.993054
21.2392042,-103.9981212
21.23709221,-104.0027904
21.23577804,-104.003354
21.23256529,-104.004758
21.22815711,-104.0066656
21.2274401,-104.0156452
21.22734162,-104.0169201
21.22497428,-104.0168289
21.21941443,-104.0165992
21.21698358,-104.0165083
21.20976407,-104.0162028
21.20755093,-104.0161189
21.20713585,-104.0173162
21.2054846,-104.0220998
21.20879142,-104.0231995
21.21292991,-104.0245417
21.20957321,-104.0285774
21.20341097,-104.0327133
21.20058837,-104.0265864
21.19938494,-104.0270061
21.19584807,-104.0282035
21.19617541,-104.0336212
21.19620491,-104.0341321
21.1978382,-104.0348269
21.20387539,-104.0373666
21.19993176,-104.0445547
21.19936432,-104.0455924
21.20335502,-104.0511763
21.20502954,-104.0535267
21.20301848,-104.0539388
21.19849602,-104.0548543
21.19582057,-104.0554109
21.19496528,-104.0555793
21.19434071,-104.059508
21.19683125,-104.0605538
21.19946648,-104.0616368
21.20040199,-104.0649401
21.20050574,-104.0653215
21.19987308,-104.0658028
21.19533465,-104.069236
21.19347208,-104.068732
21.18830918,-104.0680152
21.1880826,-104.0700062
21.18824064,-104.0717382
21.188914,-104.0722723
21.19044047,-104.0734702
21.19005619,-104.0763768
21.18976642,-104.0803371
21.20127751,-104.0806881
21.20491779,-104.0852577
21.19974093,-104.0875627
21.19566879,-104.089378
21.19606968,-104.09523
21.19768422,-104.0966111
21.20085964,-104.0993121
21.19648378,-104.1073613
21.18877108,-104.1099316
21.19669043,-104.1239091
21.19100024,-104.1291508
21.18893369,-104.1387265
21.18885576,-104.1391074
21.19070925,-104.1454252
21.19122036,-104.147157
21.18498744,-104.1586551
21.1844658,-104.1596083
21.18544073,-104.1612568
21.18897617,-104.167291
21.18850899,-104.1720755
21.18799012,-104.1772934
21.18837371,-104.1790329
21.18987363,-104.1858462
21.19327209,-104.2013499
21.18785729,-104.2093299
21.18688458,-104.2107037
21.17763019,-104.2162128
21.17658661,-104.2168379
21.17593709,-104.2178225
21.17272709,-104.2226518
21.16198795,-104.2285183
21.15581563,-104.2242612
21.15354487,-104.2237811
21.14143165,-104.2211869
21.13566898,-104.2199589
21.11302287,-104.2240628
21.10420084,-104.216685
21.09905939,-104.2201793
21.09668988,-104.2196302
21.08543002,-104.2170358
21.07062837,-104.2221406
21.06257298,-104.2375137
21.05288228,-104.2387192
21.0487652,-104.2248789
21.04358395,-104.2273668
21.04075226,-104.2361023
21.03218392,-104.2362705
21.02851358,-104.2427634
21.02235045,-104.2410383
21.02080144,-104.2352854
21.01400627,-104.2296172
20.99982444,-104.223353
20.99509796,-104.2257787
20.9980339,-104.2316464
20.99256878,-104.2386502
20.96602471,-104.2320737
20.96229607,-104.2195844
20.9666643,-104.2080557
20.96001866,-104.2007769
20.93728817,-104.2052781
20.94142392,-104.2216673
20.94001353,-104.22568
20.92680258,-104.2368574
20.92184781,-104.2467907
20.90747671,-104.2485692
20.89543981,-104.2587923
20.88786957,-104.2687943
20.88840488,-104.2912636
20.86512765,-104.2794605
20.86294905,-104.2910421
20.8498018,-104.29047
20.84911259,-104.2904474
20.84785811,-104.2942313
20.84715525,-104.2963222
20.84923365,-104.2980841
20.84681862,-104.3030051
20.84806423,-104.3088343
20.83988384,-104.3175854
20.83850971,-104.3190505
20.84260503,-104.3313264
20.84623317,-104.3337683
20.84594282,-104.3414665
20.84584077,-104.3439766
20.84562561,-104.3497059
20.84052649,-104.3620503
20.834519,-104.3586095
20.82048291,-104.3574581
20.82023315,-104.3607009
20.81455941,-104.364424
20.8096186,-104.3512628
20.78560361,-104.3758224
20.77763877,-104.3751817
20.79058905,-104.357992
20.79382071,-104.3467
20.79136009,-104.3456466
20.79048976,-104.3361478
20.79719621,-104.3277253
20.79118509,-104.3155414
20.77091943,-104.2943768
20.77165426,-104.2913628
20.78374074,-104.290027
20.78256888,-104.2798343
20.7692348,-104.2802769
20.76972854,-104.2745542
20.73638701,-104.2605776
20.72693856,-104.2479882
20.71888002,-104.2469282
20.71515598,-104.2429225
20.70867037,-104.2434788
20.70588124,-104.2474469
20.69390108,-104.2447228
20.68777566,-104.2497736
20.68351668,-104.2525199
20.68259163,-104.2531154
20.67151066,-104.2472638
20.66431739,-104.2367416
20.66130916,-104.238352
20.65388715,-104.255671
20.64343403,-104.2607449
20.63297041,-104.2475377
20.63031203,-104.2487968
20.63046579,-104.254351
20.61267163,-104.2522449
20.60509393,-104.2542971
20.60500279,-104.2549387
20.60444848,-104.2586772
20.61381854,-104.2666576
20.61602633,-104.2737307
20.62243211,-104.2754622
20.62906555,-104.2819856
20.63995157,-104.2813674
20.64085952,-104.281314
20.64720582,-104.2809635
20.65331177,-104.2851519
20.65766724,-104.2838703
20.6614027,-104.2882419
20.66409226,-104.2873489
20.67086611,-104.2851142
20.67844359,-104.2915914
20.68658357,-104.2871963
20.68908459,-104.2885932
20.69241632,-104.2974817
20.69528545,-104.3051336
20.69602678,-104.3071021
20.70244356,-104.3093076
20.70361682,-104.309711
20.70859648,-104.315151
20.71407587,-104.3211256
20.71540542,-104.3225828
20.71740455,-104.3247494
20.71541383,-104.3315394
20.71896964,-104.3333486
20.72056303,-104.3341572
20.72541526,-104.3484237
20.73596296,-104.3533448
20.73696474,-104.3583807
20.7438587,-104.3625471
20.74368405,-104.3632794
20.74087309,-104.3748611
20.74285259,-104.3776602
20.74908982,-104.3773711
20.75026101,-104.377317
20.7505605,-104.3773102
20.75119847,-104.3777061
20.76340888,-104.3853281
20.76646116,-104.384497
20.76697161,-104.3843445
20.76862826,-104.3892126
20.78044545,-104.3964293
20.78583612,-104.4032505
20.7877307,-104.405654
20.79301096,-104.4136957
20.7961116,-104.4184185
20.79456752,-104.4208137
20.7911348,-104.4261549
20.80398565,-104.4344561
20.8042191,-104.4346086
20.80564694,-104.4355318
20.80728944,-104.4406199
20.80752293,-104.441337
20.80381696,-104.4495244
20.80438205,-104.451058
20.80500795,-104.4527591
20.80692007,-104.4579706
20.810225,-104.4628832
20.81350204,-104.4610904
20.81375816,-104.4609612
20.81644279,-104.4677589
20.81996382,-104.47667
20.82308638,-104.4760217
20.82282095,-104.4800735
20.82627569,-104.4818741
20.83276244,-104.4852459
20.83342812,-104.4855971
20.83382721,-104.4861618
20.83891674,-104.493417
20.8380456,-104.4992459
20.84168473,-104.502794
20.8463963,-104.5037405
20.85057433,-104.5045794
20.86072103,-104.5066165
20.85984122,-104.5104613
20.86634667,-104.5137729
20.86937388,-104.5194718
20.87318103,-104.521341
20.87843722,-104.5239205
20.88038118,-104.5248813
20.88448062,-104.5227918
20.88410517,-104.5246457
20.88228862,-104.533518
20.88313314,-104.5340226
20.88741972,-104.5365169
20.88793183,-104.5368222
20.89321276,-104.535174
20.89415215,-104.5348839
20.89460475,-104.5354947
20.89747168,-104.5393324
20.90167913,-104.5449397
20.90221158,-104.5456571
20.90486661,-104.5447802
20.9103225,-104.542987
20.91122561,-104.5426974
20.91571448,-104.5477482
20.91514406,-104.5520202
20.91811348,-104.5540501
20.9229039,-104.5573303
20.92554151,-104.5591236
20.9258412,-104.5596496
20.93040669,-104.5676692
20.93082979,-104.5684088
20.9310235,-104.5687602
20.93098196,-104.5690721
20.93076841,-104.5704382
20.93015777,-104.574367
20.93379833,-104.5796243
20.93402002,-104.5799291
20.9345676,-104.5899239
20.93145389,-104.5921446
20.93151633,-104.5970123
20.93153328,-104.6013455
20.92925908,-104.6043438
20.92820058,-104.6057551
20.9262789,-104.6082966
20.92337293,-104.6121492
20.92338736,-104.6128967
20.92341415,-104.6150412
20.9234456,-104.6179705
20.92346107,-104.619184
20.92529199,-104.6208856
20.92682832,-104.6223038
20.92557842,-104.6232271
20.92323457,-104.6249741
20.9257351,-104.6309938
20.92696978,-104.632009
20.93311632,-104.6370596
20.93302132,-104.6514486
20.93298315,-104.6567744
20.93297403,-104.6578197
20.93539756,-104.6598572
20.93874239,-104.6626566
20.94427558,-104.6622456
20.94112018,-104.6693863
20.94158229,-104.6709808
20.94257514,-104.674392
20.94378221,-104.6785186
20.94475756,-104.6818837
20.94904079,-104.6813496
20.9525782,-104.6809153
20.95763436,-104.680289
20.95748199,-104.6874078
20.96273708,-104.692489
20.96510134,-104.6947775
20.96421792,-104.6980433
20.96376204,-104.6997066
20.96592135,-104.7033147
20.96820368,-104.7071451
20.97080905,-104.7081068
20.97409026,-104.7093346
20.97446273,-104.7159504
20.98035148,-104.7164834
20.98116755,-104.7175373
20.98284927,-104.7199179
20.98201109,-104.729767
20.98344251,-104.7298962
20.98721112,-104.730248
20.98816249,-104.7262647
20.99962326,-104.7257611
21.00225672,-104.7256549
21.00504486,-104.7255253
21.01107412,-104.7298814
21.01227482,-104.7307356
21.00816169,-104.7369542
21.00633359,-104.7397159
21.00670804,-104.7405933
21.01257522,-104.7544333
21.01240456,-104.7553418
21.01109565,-104.7619941
21.01027697,-104.7661147
21.00944746,-104.7703256
21.00909675,-104.7721497
21.01463516,-104.7744841
21.01684233,-104.7753692
21.01775704,-104.776468
21.02003044,-104.7791993
21.02120272,-104.7806031
21.02338726,-104.7832276
21.01707572,-104.7884621
21.01567522,-104.7896218
21.01565834,-104.7900491
21.01560535,-104.7919555
21.01552648,-104.794283
21.01539115,-104.7987005
21.01685393,-104.8030569
21.0148949,-104.8059638
21.01300143,-104.8127013
21.01468679,-104.8177596
21.01766221,-104.8266553
21.01819474,-104.8282804
21.01437144,-104.8323546
21.01966601,-104.8380002
21.02017348,-104.8385268
21.00672068,-104.841686
21.00535801,-104.8539313
21.00022512,-104.8522982
20.99962068,-104.8521078
20.99393291,-104.8587985
20.99536611,-104.8665738
20.9954405,-104.8669619
20.99517474,-104.8671
20.98988532,-104.8699454
20.98840955,-104.8707316
20.98251498,-104.8739056
20.98038648,-104.8818784
20.97873668,-104.882267
20.97467148,-104.883221
20.97331336,-104.883541
20.97332011,-104.8846244
20.97331995,-104.8851135
20.97335248,-104.8901104
20.97335892,-104.8907289
20.97214539,-104.8910797
20.96880597,-104.8920405
20.96367696,-104.8998003
20.9633034,-104.9003574
20.96293137,-104.9003567
20.95445291,-104.900517
20.94641957,-104.9006544
20.94244749,-104.9067279
20.94351002,-104.9109695
20.94428516,-104.9140978
20.93794516,-104.919645
20.94078876,-104.9223146
20.93986973,-104.9281288
20.93628108,-104.9330806
20.93494988,-104.9348277
20.93495848,-104.9357962
20.93500797,-104.9417096
20.93118718,-104.9502006
20.93004943,-104.9527267
20.91408882,-104.9662533
20.91287975,-104.9668339
20.91047042,-104.9680085
20.91031214,-104.9719451
20.91423368,-104.9755927
20.91284305,-104.9803605
20.91569585,-104.9820388
20.91783982,-104.9833055
20.91814845,-104.9837639
20.92138652,-104.9907905
20.92156931,-104.9911869
20.92112297,-104.9931254
20.92012115,-104.9974733
20.91696153,-104.9984883
20.9125053,-104.999915
20.91230904,-105.0002052
20.91182322,-105.000915
20.90969383,-105.0039893
20.91357391,-105.0037148
20.91736324,-105.0034408
20.91867189,-105.0033408
20.91929543,-105.0043941
20.92176473,-105.0084837
20.91391243,-105.0201267
20.91179005,-105.0232853
20.90788206,-105.0290835
20.91166361,-105.0374219
20.93024677,-105.0411151
20.93223796,-105.0513766
20.92998385,-105.0579079
20.93274094,-105.0607003
20.93314118,-105.0611042
20.93285087,-105.0620055
20.92795791,-105.0769893
20.92132271,-105.0838254
20.92218449,-105.0901204
20.92228026,-105.0907685
20.92193601,-105.091188
20.9164657,-105.0978265
20.91434426,-105.1004118
20.90845668,-105.1172584
20.89365069,-105.1237585
20.88966343,-105.1283672
20.88818575,-105.1300685
20.88822471,-105.1303808
20.88925973,-105.1396286
20.88780218,-105.1403454
20.88449263,-105.1419857
20.88011961,-105.1441527
20.88059081,-105.1472654
20.86360379,-105.1578176
20.86071745,-105.1587323
20.85981326,-105.1590152
20.84515287,-105.1636765
20.83516514,-105.1661712
20.83392576,-105.1655534
20.82729793,-105.1622417
20.82363898,-105.1667209
20.81124638,-105.1818727
20.81290427,-105.1776464
20.8134028,-105.1763649
20.81146204,-105.1715194
20.80625318,-105.1732895
20.80310083,-105.1660492
20.79548829,-105.1690933
20.79272156,-105.162502
20.76792894,-105.1735949
20.77891142,-105.195583
20.77992156,-105.1976053
20.77775406,-105.2005809
20.7764292,-105.2001539
20.77163408,-105.198628
20.77084257,-105.1991615
20.76737236,-105.2015188
20.77014097,-105.2053494
20.76604965,-105.2096223
20.76590004,-105.2119871
20.76568603,-105.2152523
20.75971881,-105.222409
20.7532116,-105.2301984
20.74727449,-105.2303432
20.74299848,-105.2304578
20.7424824,-105.2393843
20.73830506,-105.2382713
20.7322572,-105.2363708
20.73100442,-105.2359742
20.72933848,-105.237516
20.72832972,-105.2384465
20.72189788,-105.2443667
20.72161595,-105.2443972
20.71411005,-105.2453583
20.70754503,-105.2549567
20.70430046,-105.2543613
20.70033282,-105.2536364
20.69762386,-105.2560022
20.69306632,-105.2599539
20.69261308,-105.2603587
20.68232529,-105.260732
20.68123554,-105.260778
20.68052774,-105.2641726
20.6815619,-105.265874
20.68606918,-105.269354
20.68554581,-105.2717565
20.68429379,-105.2734435
20.67946619,-105.2717874
20.6774914,-105.271642
20.67615142,-105.2719324
20.67529338,-105.2725961
20.67469709,-105.2754341
20.67457525,-105.2760373
20.67275043,-105.279043
20.67166901,-105.2794397
20.67232044,-105.2817367
20.67299441,-105.2828811
20.67569537,-105.2855365
20.6786921,-105.287939
20.68095398,-105.2894957
20.68675919,-105.2933492
20.68760433,-105.2941267
20.68892884,-105.2949738
20.6908172,-105.2961793
20.6956761,-105.2980565
20.69945711,-105.2998496
20.7047606,-105.3017259
20.70746931,-105.3031759
20.71022755,-105.3040149
20.71582019,-105.3063651
20.71835276,-105.3071504
20.72112742,-105.308905
20.72738607,-105.3123388
20.73613035,-105.3191291
20.73940102,-105.3226843
20.74249295,-105.3252791
20.74514584,-105.3280333
20.74621741,-105.329239
20.74807271,-105.3315347
20.75045188,-105.3339387
20.75285791,-105.337601
20.7548857,-105.3403016
20.75698319,-105.3431318
20.75821263,-105.3445815
20.75894201,-105.3460768
20.7598406,-105.3481297
20.76040482,-105.3505325
20.7609498,-105.3521583
20.76147816,-105.3537138
20.76169512,-105.3554002
20.76192549,-105.3564767
20.76287975,-105.3588797
20.76292945,-105.3607416
20.76258628,-105.3631364
20.76178954,-105.3651134
20.75647524,-105.3699115
20.75499698,-105.3706981
20.75341307,-105.3713386
20.75217538,-105.3710943
20.75110145,-105.371651
20.75104945,-105.3723611
20.75132762,-105.3733219
20.75126378,-105.3762057
20.75130881,-105.37745
20.75137091,-105.3791517
20.75063408,-105.3804633
20.74978053,-105.38131
20.74847925,-105.3814788
20.74690198,-105.3814091
20.74644789,-105.3818366
20.74588596,-105.3830343
20.74548387,-105.3839803
20.74016563,-105.3917864
20.73953259,-105.3929147
20.73799935,-105.3961652
20.7361914,-105.3978968
20.73545169,-105.399331
20.73545457,-105.4004222
20.73561657,-105.4021081
20.73600631,-105.4029402
20.7362947,-105.4038409
20.73684865,-105.4050388
20.73690321,-105.4062519
20.73667441,-105.4071516
20.73651015,-105.4084109
20.73632866,-105.4104403
20.73598548,-105.4115842
20.73542619,-105.4122489
20.73575704,-105.4136823
20.73614912,-105.4144072
20.73722499,-105.4157956
20.7380694,-105.4181994
20.73941985,-105.4198855
20.7402524,-105.4211979
20.74211778,-105.4237916
20.74317882,-105.425837
20.74385517,-105.4276374
20.74481588,-105.4288965
20.74672678,-105.4326877
20.74779321,-105.4344886
20.7484107,-105.4380903
20.7484547,-105.4421717
20.74945293,-105.4469854
20.74989846,-105.4485498
20.75029247,-105.4499839
20.75063281,-105.4517844
20.75181119,-105.4550425
20.75265472,-105.4586587
20.7542897,-105.462581
20.75502872,-105.4723769
20.75376554,-105.4772376
20.75925413,-105.4888036
20.76410657,-105.4948382
20.76721249,-105.5014465
20.77215632,-105.5117692
20.77125857,-105.5172548
20.76902304,-105.5229007
20.76466001,-105.5291107
20.76038654,-105.5314456
20.75863527,-105.5326201
20.75934973,-105.5346804
20.76103009,-105.5365647
20.76561347,-105.5376942
20.77114878,-105.5388609
20.77660285,-105.5349252
20.78632533,-105.529264
20.79043193,-105.5259061
20.79021579,-105.5187648
20.78704025,-105.5148127
20.78367417,-105.5112502
20.7847947,-105.5043526
20.78957025,-105.4967308
20.80095,-105.4855991
20.81914695,-105.4779094
20.82442749,-105.47356
20.83540909,-105.4671055
20.84855235,-105.4629547
20.85704242,-105.4603153
20.87117029,-105.4547607
20.87407767,-105.4534026
20.8736078,-105.448901
20.8719674,-105.4451937
20.87224992,-105.4411192
20.8750311,-105.4368997
20.88285517,-105.4299648
20.89064267,-105.4250512
20.89743184,-105.4213514
20.90018499,-105.41836
20.91192662,-105.4123247
20.91759105,-105.4077779
20.9282303,-105.4035508
20.93213952,-105.4003847
20.93496036,-105.3943342
20.94263326,-105.3855449
20.94580287,-105.3809297
20.95059083,-105.3728879
20.95497502,-105.3654417
20.9558674,-105.3595358
20.96616941,-105.3532567
20.97527905,-105.3491982
20.98024846,-105.3456428
20.97896417,-105.3429573
20.98079027,-105.3383029
20.98455869,-105.3340456
20.9856611,-105.333016
20.98871207,-105.3308569
20.99329387,-105.3279951
20.99697105,-105.3262486
21.00382065,-105.3200913
21.01656709,-105.3161082
21.02888353,-105.3139576
21.03505515,-105.3126837
21.03704861,-105.3090594
21.03448768,-105.3032679
21.03189109,-105.2991178
21.02663214,-105.2967984
21.02554237,-105.2951502
21.02498106,-105.2929835
21.02503948,-105.2906941
21.02555792,-105.2872694
21.02606597,-105.2855902
21.02691265,-105.2846214
21.02776032,-105.2836066
21.02815969,-105.2827597
21.0280518,-105.2818678
21.027995,-105.2815547
21.02709125,-105.2813792
21.02687092,-105.2798067
21.02720786,-105.2789076
21.02760181,-105.2783118
21.0267901,-105.2780758
21.02647134,-105.2781284
21.0256857,-105.2787919
21.02455806,-105.2788998
21.02375931,-105.27806
21.02308478,-105.2760839
21.02303411,-105.2733678
21.02343563,-105.2719942
21.02416801,-105.2708497
21.02507288,-105.269278
21.02784661,-105.2664625
21.0321422,-105.2620755
21.03615771,-105.2584754
21.03819498,-105.2561407
21.04018301,-105.253134
21.04356728,-105.2493345
21.04431099,-105.248503
21.0472054,-105.2455433
21.04780875,-105.2449101
21.05143174,-105.2422543
21.05516698,-105.2398669
21.05872396,-105.2381808
21.06454017,-105.2356631
21.06810236,-105.2345873
21.07510634,-105.2325498
21.0838139,-105.2306352
21.0893959,-105.2297502
21.09335764,-105.2290934
21.09888445,-105.2286735
21.10420258,-105.2286815
21.1072776,-105.2287577
21.10979025,-105.2288192
21.11566487,-105.2295513
21.11780307,-105.230154
21.11920764,-105.2311151
21.12118847,-105.2335796
21.12135613,-105.2346633
21.12175702,-105.236304
21.1218626,-105.2373185
21.12235791,-105.2379289
21.12623215,-105.2388371
21.13297996,-105.2386235
21.14032323,-105.2355789
21.14441821,-105.2354947
21.14965362,-105.2312683
21.15366244,-105.2262405
21.15690052,-105.2246153
21.1600735,-105.2256456
21.16272356,-105.2260805
21.16430001,-105.2270714
21.16446944,-105.2276439
21.16546299,-105.2308789
21.16758262,-105.2315043
21.17059942,-105.2317642
21.17591622,-105.2322754
21.1785542,-105.2332823
21.18373471,-105.2320847
21.19221508,-105.2250496
21.19387296,-105.2243333
21.19529704,-105.223944
21.1963591,-105.2239368
21.19726312,-105.2228153
21.19801356,-105.2220905
21.19920192,-105.2203962
21.19982134,-105.2185649
21.21119157,-105.2173743
21.22761196,-105.2185962
21.2398873,-105.2192591
21.25441373,-105.221213
21.26130056,-105.222609
21.26562062,-105.223486
21.27722258,-105.2251042
21.2817365,-105.2258287
21.28925907,-105.2272102
21.30906119,-105.2316583
21.31576763,-105.233436
21.3232885,-105.2361901
21.33434552,-105.2399817
21.33924066,-105.2419962
21.34322761,-105.2436063
21.34647249,-105.2442538
21.34724288,-105.2443076
21.34728651,-105.2448185
21.34721606,-105.2464288
21.34721027,-105.2475574
21.34766995,-105.2477102
21.34819476,-105.2465045
21.34932414,-105.2454672
21.35044963,-105.2441852
21.35143504,-105.2430875
21.35158942,-105.2413701
21.35196715,-105.2402492
21.35370482,-105.2392035
21.35490974,-105.2388838
21.35716405,-105.238731
21.35890239,-105.2380825
21.36273986,-105.2381811
21.36295505,-105.2374486
21.36409127,-105.2373731
21.37004252,-105.2370974
21.3714666,-105.2384327
21.37207297,-105.2385175
21.37275254,-105.2377163
21.37282628,-105.2359459
21.37192699,-105.2329698
21.37230482,-105.2318414
21.37418912,-105.2307275
21.37870714,-105.2291172
21.3836828,-105.2290491
21.38541264,-105.2300937
21.38654266,-105.2307424
21.38691782,-105.2301699
21.38677078,-105.2289646
21.38571208,-105.2275157
21.38504454,-105.2243026
21.38526831,-105.222297
21.38610154,-105.221091
21.38753264,-105.2203742
21.39114681,-105.2190083
21.39393947,-105.2182914
21.39611621,-105.218375
21.39973269,-105.2186265
21.40123772,-105.218711
21.40191748,-105.2191913
21.40372634,-105.2195037
21.40500267,-105.2196724
21.40575461,-105.2188787
21.40704492,-105.2183825
21.40876371,-105.2182298
21.41027884,-105.2178336
21.41095596,-105.216712
21.41185606,-105.2153462
21.41343843,-105.2147734
21.41540784,-105.2134925
21.41645222,-105.2117375
21.41773979,-105.2096393
21.41849138,-105.2084261
21.41984457,-105.2079604
21.42105809,-105.2072284
21.42308725,-105.2069921
21.42384007,-105.2065872
21.42474578,-105.2053824
21.42617189,-105.2049015
21.42768665,-105.2053896
21.42919568,-105.2057177
21.42994512,-105.2054739
21.43054716,-105.2040316
21.43145251,-105.2037114
21.43363424,-105.2035587
21.43505417,-105.2025055
21.43627485,-105.2018644
21.4368802,-105.2002622
21.43643147,-105.1978434
21.43612107,-105.195754
21.43703102,-105.1939069
21.43959204,-105.1925414
21.44192947,-105.1910153
21.44313261,-105.1907785
21.44358931,-105.1902064
21.44358784,-105.1894053
21.44494205,-105.1884521
21.44660762,-105.1878033
21.44765376,-105.1881311
21.45081347,-105.1885285
21.45322788,-105.1885362
21.45646034,-105.1880554
21.45970588,-105.1878186
21.46143109,-105.1882304
21.46610206,-105.1901609
21.46978915,-105.1922595
21.4736172,-105.1949981
21.47738628,-105.1983852
21.48015805,-105.2004079
21.480471,-105.200636
21.48197101,-105.200964
21.4831025,-105.2002478
21.48581908,-105.1983934
21.48793255,-105.1976
21.49003661,-105.1963868
21.49100408,-105.1970051
21.49213383,-105.1972418
21.49343098,-105.1981565
21.49489834,-105.1991796
21.49676654,-105.2010028
21.49827674,-105.2021471
21.4998014,-105.2034675
21.50149806,-105.2048102
21.50245595,-105.2058855
21.5036441,-105.2068015
21.50555921,-105.2085484
21.50849297,-105.2115008
21.51062953,-105.2135078
21.51238357,-105.2151408
21.51406909,-105.2170098
21.51638644,-105.2194821
21.51977753,-105.2226933
21.52191308,-105.2251736
21.5229306,-105.2268595
21.52389067,-105.2282554
21.52523654,-105.2307277
21.52591122,-105.2318803
21.52636579,-105.2331391
21.52669939,-105.2341076
21.52738522,-105.2351611
21.528311,-105.236458
21.52874017,-105.2384876
21.52874861,-105.2415233
21.52852113,-105.2449802
21.52791067,-105.2476577
21.525835,-105.2487947
21.52497647,-105.2481845
21.52484738,-105.2469942
21.52479058,-105.2458189
21.52432542,-105.2446361
21.52386226,-105.2463603
21.52318586,-105.2474366
21.52182961,-105.2484661
21.52074565,-105.2490692
21.51894438,-105.2492524
21.51786541,-105.2487642
21.51640644,-105.2477879
21.51528209,-105.2472987
21.51510704,-105.2478486
21.51414518,-105.2486875
21.51341119,-105.2490541
21.51318979,-105.249649
21.51312386,-105.2506175
21.51306178,-105.2514042
21.51318111,-105.2521977
21.51334745,-105.2524867
21.51401903,-105.2524945
21.5144225,-105.2531591
21.51481172,-105.2540671
21.51514794,-105.2549059
21.51537635,-105.2556911
21.51581887,-105.2570806
21.51566098,-105.2581027
21.51491431,-105.2594912
21.51463315,-105.2616125
21.51417423,-105.2622756
21.5130463,-105.2628096
21.51294009,-105.2635346
21.51287794,-105.2643213
21.51270952,-105.2645573
21.51213842,-105.264946
21.51248917,-105.2655256
21.51344233,-105.2655258
21.51498773,-105.2667009
21.52319201,-105.2765743
21.52449996,-105.2782374
21.52593817,-105.2801753
21.52747517,-105.2825862
21.52846565,-105.2842343
21.5291801,-105.2856307
21.52927447,-105.2863097
21.52949922,-105.2868355
21.52972813,-105.2867441
21.53031148,-105.2862102
21.53081101,-105.285775
21.53131029,-105.2857751
21.53189183,-105.2861725
21.53261273,-105.2868439
21.53406185,-105.2874227
21.5350994,-105.287721
21.53672122,-105.2878663
21.53727202,-105.2888501
21.53780767,-105.2901161
21.53842608,-105.2909099
21.53933141,-105.2910242
21.54046015,-105.2917263
21.54085223,-105.2912229
21.541001,-105.2906358
21.54145024,-105.2904298
21.54186667,-105.291329
21.54186408,-105.2927177
21.54266348,-105.2931145
21.54334093,-105.2936951
21.54407113,-105.2926651
21.54428576,-105.2919706
21.54500544,-105.2922757
21.54499726,-105.2939238
21.54621853,-105.2953887
21.54697133,-105.2954193
21.54810849,-105.2948844
21.54867867,-105.2932755
21.54901706,-105.2923135
21.54996831,-105.2915581
21.55154861,-105.2911008
21.55323571,-105.2915886
21.55503833,-105.292192
21.55538589,-105.2929162
21.55295133,-105.2951065
21.55179002,-105.2976082
21.54462588,-105.3006378
21.54135232,-105.2983644
21.53741465,-105.2982652
21.53441875,-105.2978531
21.53393888,-105.2986382
21.53475103,-105.2997072
21.53646646,-105.3018282
21.53786101,-105.3040941
21.53953182,-105.3061765
21.54255052,-105.3105785
21.54561365,-105.3150194
21.54696131,-105.3173463
21.54768174,-105.3184533
21.55074928,-105.3230997
21.5522772,-105.3258995
21.55322024,-105.3272038
21.55551627,-105.3314153
21.5592185,-105.3377483
21.56060923,-105.3401666
21.56155491,-105.341761
21.56285971,-105.3443701
21.56425999,-105.3471781
21.56565448,-105.3498332
21.56762946,-105.3537548
21.56920394,-105.3568914
21.5714106,-105.3610034
21.57275814,-105.3637195
21.5735901,-105.3651076
21.57559495,-105.3688921
21.5760015,-105.3698073
21.57685191,-105.3715927
21.57740026,-105.3710132
21.57825616,-105.3713102
21.57884138,-105.3719436
21.57929329,-105.37286
21.57933855,-105.373691
21.57901579,-105.3747445
21.5790106,-105.3758047
21.57969148,-105.3774524
21.58148692,-105.3808402
21.58337815,-105.3835862
21.58436925,-105.3855706
21.58580365,-105.3880346
21.58684253,-105.3911402
21.5878716,-105.3926356
21.5894052,-105.3955342
21.59062194,-105.3975718
21.59250835,-105.401341
21.59309087,-105.4025
21.59354346,-105.4033778
21.5940791,-105.4041946
21.59436573,-105.4043693
21.59574043,-105.4070555
21.59694329,-105.4097106
21.59844732,-105.4118845
21.60616247,-105.4233528
21.61042622,-105.4299904
21.61216314,-105.4326986
21.61620349,-105.4395653
21.61665761,-105.4403658
21.61830835,-105.4440744
21.6194996,-105.4480262
21.62107395,-105.4514903
21.62197454,-105.4526191
21.62273512,-105.451902
21.62341951,-105.4505361
21.62448019,-105.4493922
21.62620633,-105.44853
21.62781989,-105.448637
21.6292892,-105.4499104
21.63019171,-105.4505514
21.63214339,-105.4509633
21.63455447,-105.4511321
21.63928971,-105.451299
21.6395982,-105.4513069
21.6425304,-105.4513144
21.64374315,-105.4510786
21.64433665,-105.4517348
21.64486695,-105.4523748
21.64938598,-105.4528711
21.65502162,-105.4545798
21.65780145,-105.45571
21.66306475,-105.4586318
21.6683299,-105.4614702
21.67968109,-105.4673752
21.69223721,-105.4741879
21.69652545,-105.4760574
21.69847047,-105.4771643
21.70095348,-105.4785682
21.70433124,-105.47975
21.70479685,-105.4796358
21.70564456,-105.4782856
21.70504498,-105.4750968
21.70415177,-105.4736468
21.70392305,-105.4729219
21.70438171,-105.472312
21.70471746,-105.4723195
21.71712015,-105.4794907
21.7198248,-105.4831304
21.72162708,-105.4837251
21.72169918,-105.4837488
21.7230892,-105.4841068
21.72388708,-105.4849534
21.72398585,-105.4858013
21.72376613,-105.4862815
21.72319493,-105.4878455
21.72262925,-105.487968
21.72275922,-105.4894398
21.72456043,-105.4900806
21.72614143,-105.4904243
21.72710523,-105.4895627
21.72750199,-105.4888832
21.72803404,-105.4870447
21.72925279,-105.4853505
21.73128087,-105.4843976
21.73278453,-105.4845496
21.7350429,-105.4854501
21.7368456,-105.4864263
21.73917649,-105.4877308
21.73986778,-105.489272
21.73926452,-105.4902487
21.73834283,-105.4916532
21.73713714,-105.4907751
21.73414968,-105.4899976
21.73343967,-105.4904784
21.73290512,-105.4908288
21.73191651,-105.4931789
21.734779,-105.4962538
21.73719571,-105.4973748
21.73967379,-105.4977942
21.74847162,-105.5009686
21.75591858,-105.5044555
21.76016387,-105.5066063
21.77613975,-105.514694
21.79251761,-105.5234527
21.79598448,-105.5258869
21.7985332,-105.5271838
21.80139196,-105.5288171
21.80296611,-105.5294577
21.80450999,-105.530625
21.80690095,-105.5308849
21.80763227,-105.5302735
21.80918191,-105.5327693
21.80993607,-105.533928
21.81135284,-105.5346995
21.81372882,-105.5360043
21.81997383,-105.5396199
21.8249299,-105.5428249
21.83378762,-105.5484941
21.83848547,-105.5518655
21.84569924,-105.5567641
21.84671273,-105.5576955
21.84846924,-105.5590831
21.85170351,-105.5613489
21.8576429,-105.5652029
21.86217879,-105.5684983
21.86469879,-105.5702385
21.8713089,-105.5745258
21.87476305,-105.5770889
21.881031,-105.5816365
21.88550998,-105.5846347
21.8919597,-105.5887781
21.89924785,-105.5935622
21.91235212,-105.6020001
21.91819361,-105.605349
21.92112332,-105.6070275
21.92632846,-105.6100192
21.9300385,-105.6124914
21.9407139,-105.6183892
21.94563932,-105.6216844
21.95514226,-105.6268498
21.95708777,-105.6279027
21.9588818,-105.6288335
21.96013751,-105.6294893
21.96377694,-105.6314813
21.96633283,-105.632832
21.9682839,-105.633648
21.96990297,-105.6342967
21.97218771,-105.6355939
21.97332007,-105.6360895
21.97501287,-105.6366917
21.97659054,-105.6375547
21.97820853,-105.6382486
21.97929566,-105.6387369
21.98061178,-105.6391415
21.98159102,-105.6395843
21.98245279,-105.6400033
21.98343097,-105.6404911
21.98422132,-105.6408582
21.98508813,-105.6410644
21.98598748,-105.6414296
21.98738405,-105.6418875
21.98831899,-105.6422842
21.98940882,-105.6426583
21.99056948,-105.6431085
21.99170399,-105.6435131
21.99253141,-105.6438484
21.99324023,-105.6442072
21.99437126,-105.6443756
21.99496549,-105.644589
21.99542208,-105.6448631
21.99614069,-105.6451918
21.9969621,-105.645398
21.99764039,-105.6455126
21.99831435,-105.6458097
21.99891803,-105.6460075
21.99970222,-105.6462516
22.00051544,-105.6464198
22.0009373,-105.6462439
22.00415682,-105.6471752
22.00714209,-105.6480295
22.00850524,-105.6483649
22.01177377,-105.6491442
22.01583651,-105.6501279
22.02265964,-105.6514938
22.027168,-105.6520661
22.03213528,-105.6528141
22.03693441,-105.6533787
22.03918636,-105.6537592
22.04450285,-105.6539508
22.04929217,-105.6541645
22.05132744,-105.6541105
22.06466059,-105.6532099
22.06957519,-105.6527378
22.08646783,-105.6506931
22.10459278,-105.6491444
22.1089412,-105.6488088
22.12419777,-105.6476028
22.12977699,-105.6474433
22.14468998,-105.6473278
22.15970802,-105.6477634
22.16354877,-105.6477782
22.16784499,-105.6477322
22.17625419,-105.6477096
22.18043347,-105.6476178
22.18202972,-105.6465499
22.18292848,-105.6461759
22.18321145,-105.6449636
22.18309592,-105.6433225
22.18310086,-105.6423463
22.18333202,-105.6410193
22.18340914,-105.6373724
22.18327503,-105.6349763
22.1834812,-105.6323969
22.18354325,-105.6305363
22.1836741,-105.6276818
22.18291452,-105.6225326
22.18357298,-105.6149941
22.18248033,-105.6131864
22.1807982,-105.6125071
22.17724362,-105.610745
22.17487591,-105.6090967
22.17310234,-105.6076692
22.17187198,-105.6059225
22.15561265,-105.603428
22.14325634,-105.5982856
22.1364717,-105.5874595
22.12701659,-105.5817137
22.12549809,-105.5778989
22.13126765,-105.5773578
22.13387443,-105.5753736
22.13304125,-105.570193
22.12701666,-105.5676369
22.11244271,-105.5617553
22.10521912,-105.5560706
22.1046937,-105.5509055
22.09787415,-105.5414604
22.09123125,-105.5385307
22.08001832,-105.5392701
22.07369959,-105.5356687
22.06431234,-105.5264986
22.06544695,-105.5189826
22.06599967,-105.508698
22.06990092,-105.5060509
22.07300127,-105.5102543
22.07527027,-105.5230114
22.0795789,-105.5303356
22.08466564,-105.5318389
22.08792297,-105.5291762
22.0884135,-105.5216383
22.08950845,-105.5158468
22.08435464,-105.5033428
22.0778186,-105.4952852
22.07284191,-105.4893196
22.06397975,-105.4853135
22.05132549,-105.4791492
22.04539256,-105.4724812
22.03841395,-105.4698943
22.03048225,-105.4672927
22.0223245,-105.4602121
22.02246307,-105.4540478
22.02703693,-105.4497058
22.02982895,-105.4535516
22.03387732,-105.4584575
22.04466399,-105.4625082
22.0522627,-105.4657891
22.06136678,-105.4735793
22.07048474,-105.4803396
22.07814517,-105.4808812
22.08142601,-105.4775398
22.09142099,-105.4740219
22.09706609,-105.4789662
22.10438568,-105.4805295
22.11345739,-105.4752807
22.12672547,-105.4687575
22.1321214,-105.4702682
22.13737913,-105.4783019
22.14287612,-105.4897844
22.1511714,-105.5047541
22.1518907,-105.5154199
22.1494844,-105.5225697
22.15337274,-105.5236751
22.15743237,-105.5248349
22.16671481,-105.5247363
22.17273075,-105.5273068
22.17760389,-105.5377298
22.18211208,-105.5505619
22.18064236,-105.5587639
22.17484915,-105.5603279
22.16637753,-105.5532328
22.15733242,-105.543032
22.14031646,-105.5319384
22.12949981,-105.5292524
22.12712561,-105.535371
22.13269761,-105.543413
22.14767042,-105.5462056
22.15650726,-105.551257
22.15980516,-105.5606178
22.16113216,-105.572322
22.17068455,-105.574291
22.17858384,-105.5786241
22.18248625,-105.575984
22.18323311,-105.5711924
22.19166494,-105.5662719
22.20766979,-105.5656694
22.21625226,-105.5679661
22.21762404,-105.5706823
22.21869998,-105.5728408
22.22034384,-105.5845528
22.21926278,-105.5900304
22.21044831,-105.5976901
22.20073589,-105.6025735
22.19453673,-105.6043894
22.19713481,-105.6051214
22.2009111,-105.6075015
22.20372791,-105.6089745
22.21128996,-105.6121643
22.21467185,-105.6139344
22.21534525,-105.6138734
22.21663913,-105.6129112
22.2176096,-105.6121865
22.21862166,-105.6120116
22.2197577,-105.6115839
22.22161696,-105.6112941
22.22263619,-105.6108133
22.22297454,-105.610325
22.22399714,-105.6100881
22.22671359,-105.609257
22.22959418,-105.6087838
22.23275533,-105.6087388
22.23472997,-105.6085629
22.23738118,-105.6085785
22.24004241,-105.6081664
22.24127599,-105.6082266
22.24223973,-105.6089513
22.24347314,-105.6101808
22.24426341,-105.6113324
22.24532803,-105.6127891
22.24628995,-105.6135906
22.24712367,-105.6144375
22.24768689,-105.6155892
22.24786056,-105.6163145
22.2484124,-105.6171769
22.25066922,-105.6185196
22.2523686,-105.6184657
22.25626561,-105.6176349
22.25784962,-105.6174668
22.2592602,-105.6173368
22.26055905,-105.617711
22.26150855,-105.6182672
22.26268893,-105.6190455
22.26370677,-105.6197853
22.26478624,-105.6202207
22.26798919,-105.6218759
22.27001449,-105.624181
22.27124945,-105.6253402
22.27232399,-105.6263706
22.27276681,-105.6272327
22.27355553,-105.6284457
22.27823559,-105.6290718
22.28575098,-105.6292237
22.28636875,-105.6295979
22.28778188,-105.6293607
22.29528962,-105.6294526
22.29958596,-105.6294073
22.30014502,-105.628804
22.30122168,-105.6282014
22.30286117,-105.6276068
22.30466909,-105.6271863
22.30541004,-105.6277285
22.30613517,-105.6281716
22.30743501,-105.6281179
22.30885135,-105.627744
22.31037804,-105.6276977
22.31133056,-105.628125
22.31250867,-105.6286133
22.31336317,-105.6285755
22.3140358,-105.6289342
22.31408103,-105.6289415
22.31525876,-105.6294457
22.31529492,-105.6294528
22.31764483,-105.6306964
22.3191103,-105.6313219
22.32025881,-105.6319095
22.32242853,-105.6330922
22.32341278,-105.6333289
22.32522217,-105.6328474
22.32640556,-105.6327259
22.32768688,-105.6326876
22.32820143,-105.6328175
22.32934025,-105.6330462
22.33058415,-105.6330545
22.33372647,-105.6326569
22.33457865,-105.6327179
22.33570017,-105.6329095
22.33705335,-105.6332904
22.3479797,-105.6328254
22.34865744,-105.6325815
22.34926012,-105.6320549
22.34989473,-105.6321002
22.35055882,-105.6324356
22.35977069,-105.6342058
22.36444239,-105.6336497
22.36799364,-105.634397
22.37156502,-105.6350606
22.37591746,-105.6361056
22.37720247,-105.6362969
22.37794138,-105.6365404
22.37764148,-105.6373195
22.37804282,-105.6387841
22.37800095,-105.6401732
22.37767903,-105.6414997
22.37561471,-105.6416227
22.37256899,-105.6410037
22.36917362,-105.641348
22.36398825,-105.640966
22.36059806,-105.6407062
22.35100274,-105.6401795
22.34220322,-105.6394098
22.33892552,-105.6393863
22.33711279,-105.6396236
22.33552755,-105.6402258
22.33451396,-105.6404629
22.32029615,-105.6391806
22.31746797,-105.6381958
22.31285571,-105.6362352
22.30947599,-105.6347634
22.30799825,-105.6342742
22.30506076,-105.6352286
22.30144465,-105.6356937
22.29737475,-105.636533
22.29568918,-105.6367701
22.29353947,-105.6362809
22.29094845,-105.6360213
22.28811861,-105.6358771
22.28631502,-105.6361133
22.28495889,-105.6362435
22.28337892,-105.635854
22.28179509,-105.6352437
22.2781877,-105.6357248
22.27400773,-105.6354573
22.26531738,-105.6346864
22.25764152,-105.6320994
22.25449155,-105.6305126
22.25100708,-105.6277059
22.24695578,-105.6242877
22.24435952,-105.6227077
22.24290203,-105.6213574
22.24097531,-105.6202663
22.23703462,-105.6202508
22.23206529,-105.6203429
22.22968568,-105.619976
22.22743048,-105.6197246
22.22517038,-105.6200681
22.22189707,-105.6210217
22.2198555,-105.6221123
22.21770419,-105.6224635
22.21489175,-105.6219679
22.21241148,-105.620862
22.21015232,-105.6200071
22.2050723,-105.6190149
22.20236835,-105.618153
22.19898336,-105.6172909
22.19616201,-105.6167878
22.19446632,-105.6162995
22.19288802,-105.6154523
22.19153249,-105.6155594
22.18994741,-105.6161612
22.18927101,-105.6171229
22.18915331,-105.6194269
22.18869004,-105.6213645
22.18901237,-105.6246457
22.18880248,-105.6270033
22.18854141,-105.6296045
22.18830146,-105.6336176
22.18818638,-105.6357998
22.18750268,-105.6382189
22.18748888,-105.6403392
22.18748741,-105.6404013
22.18770763,-105.6422246
22.19020728,-105.6455739
22.19126804,-105.6483282
22.19942933,-105.6491899
22.20755105,-105.6501896
22.22064791,-105.6508536
22.22956265,-105.6521118
22.25292607,-105.6556216
22.2663523,-105.6581016
22.30065397,-105.6640909
22.30844385,-105.6660676
22.33506817,-105.6729868
22.34870693,-105.6764583
22.37013737,-105.68373
22.38400764,-105.6885294
22.39234618,-105.6914822
22.41478254,-105.7003396
22.42988825,-105.7062451
22.46808864,-105.7245486
22.50931092,-105.7469954
22.51854644,-105.7533657
22.52326723,-105.7567918
22.52461476,-105.7581421
22.52778087,-105.758653
22.53048733,-105.7593929
22.53206472,-105.759881
22.53387109,-105.758798
22.536244,-105.7583175
22.53804773,-105.7580885
22.53894407,-105.7574551
22.53941521,-105.7571275
22.54089448,-105.755677
22.54106245,-105.7548385
22.54121497,-105.7540754
22.54123556,-105.7539757
22.54078947,-105.7517793
22.53974632,-105.7504204
22.53967153,-105.7503217
22.53731235,-105.7479945
22.53449333,-105.7466516
22.52953437,-105.7444238
22.52750583,-105.7438133
22.52615504,-105.7425925
22.5246988,-105.7419748
22.5224432,-105.7409901
22.51984839,-105.7397626
22.51545798,-105.7376795
22.51453294,-105.7372516
22.51117376,-105.7357108
22.50992384,-105.7355731
22.50767961,-105.7337423
22.50441588,-105.7323839
22.49923212,-105.7300567
22.49505106,-105.7283259
22.49156616,-105.7267234
22.48964565,-105.7250217
22.48841303,-105.7241676
22.48728394,-105.7239149
22.48503934,-105.7217181
22.48154141,-105.7191469
22.4779465,-105.7164533
22.47559257,-105.7138898
22.47401619,-105.7110903
22.47177884,-105.7066956
22.47020645,-105.7052374
22.46908476,-105.7031628
22.46882247,-105.7023617
22.46852604,-105.7014691
22.46854286,-105.6966011
22.46867684,-105.6944198
22.46800356,-105.692955
22.4678972,-105.6894295
22.46837011,-105.6840807
22.46874035,-105.6792213
22.46942173,-105.6769243
22.47066479,-105.6758264
22.47248236,-105.6746282
22.47587299,-105.6725829
22.47903801,-105.6716221
22.48548214,-105.6717753
22.48965415,-105.6727661
22.49608432,-105.6738877
22.50082479,-105.6746512
22.50489053,-105.675147
22.50553384,-105.6752087
22.50815348,-105.6754142
22.51334621,-105.6770162
22.51672317,-105.6789776
22.51954636,-105.6809299
22.52258348,-105.6822883
22.52585108,-105.6838828
22.52776486,-105.6847446
22.5309202,-105.6860954
22.53407037,-105.6884225
22.53745856,-105.6895294
22.54061045,-105.6906432
22.54151069,-105.6917338
22.54411102,-105.6923668
22.54715167,-105.6939543
22.54951749,-105.6960377
22.55199197,-105.6977538
22.55390538,-105.6982494
22.55615588,-105.6998372
22.55807544,-105.7004551
22.56066705,-105.7010723
22.56338156,-105.7007297
22.56620805,-105.699883
22.5685803,-105.6990431
22.56938435,-105.6980815
22.56916513,-105.6966172
22.56872131,-105.6946712
22.56883465,-105.6929704
22.56918185,-105.6921232
22.5689569,-105.691276
22.56941257,-105.6896899
22.57043484,-105.6890948
22.57145781,-105.6888506
22.57246811,-105.687996
22.57269119,-105.6863557
22.57192495,-105.6841196
22.5728577,-105.6827079
22.57464703,-105.6800303