2326,PUEBLA
20.5259519,-97.98029284
20.5301178,-97.9710766
20.53118914,-97.96870413
20.53190854,-97.96880306
20.53403957,-97.96910065
20.53744185,-97.97766805
20.55437483,-97.97294429
20.56154035,-97.96633852
20.56128908,-97.95345107
20.56699357,-97.94788972
20.56927254,-97.937392
20.56523169,-97.93353705
20.57092104,-97.92947091
20.57955695,-97.92328488
20.57889003,-97.91972794
20.58635806,-97.91432785
20.58718646,-97.90969686
20.59327244,-97.9085898
20.60834263,-97.90583456
20.62344477,-97.89482481
20.63872334,-97.90047157
20.64363335,-97.90725349
20.65344108,-97.91193059
20.66392882,-97.90779732
20.67284989,-97.91324445
20.67962113,-97.91635636
20.68165601,-97.91576202
20.68752671,-97.91405349
20.68803475,-97.91269532
20.6900162,-97.90740628
20.69060054,-97.90585046
20.69272056,-97.90403586
20.69894778,-97.89871629
20.7041623,-97.90365231
20.70566577,-97.91673013
20.72664183,-97.91893584
20.74628707,-97.91244215
20.75829915,-97.91673084
20.75789669,-97.9095046
20.79800469,-97.89484885
20.83388059,-97.87907807
20.83183271,-97.87013648
20.83253024,-97.86841369
20.83528676,-97.86162957
20.83409083,-97.85635682
20.83379222,-97.85505311
20.83815607,-97.8476592
20.83952687,-97.84534104
20.83626598,-97.8395793
20.83499978,-97.84040516
20.83034432,-97.84341104
20.82911352,-97.84420435
20.82353515,-97.84398298
20.81753957,-97.85010164
20.81492134,-97.84393724
20.81400048,-97.84178424
20.81301112,-97.83944999
20.81307261,-97.83206423
20.80880303,-97.82859368
20.80980258,-97.82731283
20.81161704,-97.82496914
20.81983002,-97.81436474
20.82118139,-97.80937575
20.82189857,-97.80674237
20.81899519,-97.79951601
20.82122628,-97.79781517
20.81624808,-97.79007225
20.82477775,-97.7768949
20.82284841,-97.77440938
20.82717607,-97.77272196
20.81916927,-97.76316108
20.81418304,-97.75030642
20.80704346,-97.74780483
20.80134069,-97.73890749
20.79955907,-97.69518995
20.7978098,-97.69559325
20.79405035,-97.69648053
20.79310656,-97.70163049
20.79858791,-97.71096712
20.79954096,-97.71258478
20.79880324,-97.71378329
20.79648554,-97.71753648
20.79468811,-97.72042856
20.79439302,-97.72090842
20.79161519,-97.72541182
20.78628566,-97.72339013
20.78446046,-97.72626591
20.78386076,-97.72721134
20.77767227,-97.72465483
20.77739464,-97.72058178
20.77113982,-97.72536612
20.76471711,-97.72513551
20.76290664,-97.7181855
20.76274431,-97.71757554
20.75850771,-97.72668554
20.74876407,-97.72388528
20.74187197,-97.7282714
20.73471611,-97.74855112
20.71935424,-97.75318287
20.70618603,-97.75088485
20.69197671,-97.75746328
20.68834649,-97.75582234
20.68624932,-97.74797847
20.68791184,-97.74219551
20.67390785,-97.73856351
20.67189674,-97.73803884
20.67067929,-97.73831112
20.6577232,-97.74131857
20.65751808,-97.74209634
20.65704229,-97.7439046
20.65645159,-97.74614792
20.65832417,-97.75049011
20.65931424,-97.75280176
20.65701503,-97.75203053
20.64357887,-97.74758997
20.64586866,-97.73763405
20.64200137,-97.73498466
20.64006785,-97.73366484
20.6375606,-97.73194869
20.6374323,-97.73028507
20.637262,-97.728095
20.63646015,-97.71763719
20.63624377,-97.71478347
20.63385084,-97.71133378
20.63216725,-97.70890753
20.6301622,-97.70602406
20.62279713,-97.70678608
20.62278976,-97.7103888
20.61948488,-97.71225768
20.60771933,-97.71400475
20.60689006,-97.70679322
20.6026927,-97.7059702
20.60185454,-97.69332141
20.59950859,-97.69411422
20.58465085,-97.69913387
20.57376655,-97.69865434
20.57367086,-97.69751561
20.57257591,-97.68415754
20.56981548,-97.68472993
20.56704486,-97.68046353
20.55442145,-97.68520981
20.55521238,-97.67694747
20.54304523,-97.65721808
20.55938674,-97.65528592
20.56670234,-97.64804597
20.5539259,-97.6369451
20.55614056,-97.62874231
20.56389348,-97.62286947
20.56369467,-97.60934874
20.56056927,-97.60418268
20.55901574,-97.60160546
20.56178279,-97.5984467
20.55828816,-97.59213687
20.56071687,-97.58858192
20.55800724,-97.58839104
20.55627056,-97.58826954
20.54262861,-97.57501663
20.53378382,-97.57853336
20.53255116,-97.57233902
20.51068501,-97.55777366
20.51045336,-97.5538807
20.50829796,-97.55588746
20.50460276,-97.55301871
20.50681457,-97.5520117
20.48769893,-97.54156718
20.48393224,-97.54307809
20.48351976,-97.54324577
20.48386093,-97.54436113
20.48490281,-97.54771627
20.48586521,-97.55083816
20.48349662,-97.55548278
20.48524938,-97.55646749
20.4890132,-97.55858256
20.49111221,-97.57831214
20.4911981,-97.57908211
20.48443543,-97.58179735
20.47911658,-97.58392593
20.47498173,-97.58558238
20.47098404,-97.58977849
20.46469656,-97.59637171
20.4635386,-97.59805818
20.46169224,-97.60072738
20.46232022,-97.60393216
20.46309565,-97.60784703
20.46365952,-97.6107218
20.45854868,-97.61503957
20.45508524,-97.61796304
20.45483592,-97.62632492
20.45122099,-97.62808809
20.44698872,-97.6301551
20.44920302,-97.63680764
20.44792481,-97.63747944
20.44166779,-97.64076656
20.43175524,-97.63554212
20.41911098,-97.6372497
20.41388017,-97.64088078
20.41205678,-97.642157
20.40929038,-97.64408672
20.4119391,-97.65072363
20.41184218,-97.65241092
20.41171379,-97.65458523
20.41125614,-97.6623904
20.4107304,-97.67132366
20.41424259,-97.67327071
20.42366331,-97.67848164
20.42428069,-97.67881561
20.42439202,-97.6792211
20.42647825,-97.68655349
20.42772761,-97.69093866
20.42824327,-97.69152619
20.43212611,-97.69599844
20.43347668,-97.69755563
20.44146264,-97.6995394
20.44373775,-97.70010232
20.44783422,-97.70732887
20.4548495,-97.70932018
20.45372927,-97.7204433
20.4577885,-97.72540982
20.45804225,-97.72572189
20.45787805,-97.72601349
20.45539959,-97.7304841
20.45151908,-97.73381715
20.45065073,-97.73455932
20.44241132,-97.73516832
20.44213051,-97.7351844
20.44171349,-97.73616736
20.44104209,-97.73778642
20.43860067,-97.74359063
20.43717558,-97.74356813
20.43028647,-97.74346988
20.42384374,-97.74700286
20.42218154,-97.74790933
20.41775605,-97.7512293
20.41188139,-97.75561468
20.40485998,-97.75662184
20.39987213,-97.75734856
20.39723871,-97.76181911
20.39661505,-97.7628803
20.39388651,-97.76296341
20.39310708,-97.76299265
20.39030602,-97.76307804
20.38694279,-97.76284908
20.38317932,-97.76258217
20.3824951,-97.74425532
20.37676449,-97.74437076
20.37238807,-97.74813797
20.36203176,-97.74343231
20.36159088,-97.74323936
20.3597089,-97.74439288
20.3573455,-97.7458501
20.35591846,-97.7467271
20.34800916,-97.74030982
20.34564065,-97.73317021
20.3226998,-97.70492403
20.32131802,-97.69744717
20.33529762,-97.69229665
20.34609632,-97.67736769
20.33913761,-97.67799891
20.33562048,-97.67395617
20.3217806,-97.68400422
20.31996437,-97.6893757
20.31681461,-97.68356162
20.31321266,-97.68291204
20.31320757,-97.67794514
20.3073551,-97.67727389
20.30670883,-97.67719838
20.30405412,-97.68018969
20.30236949,-97.68220275
20.30442309,-97.69190959
20.30290213,-97.70419921
20.29663868,-97.70663373
20.28814598,-97.70369668
20.28348843,-97.70741883
20.28261083,-97.72294529
20.27350635,-97.74180707
20.28003832,-97.7557609
20.26680966,-97.75276314
20.26144874,-97.74758903
20.25205019,-97.73851
20.2425595,-97.73553371
20.23449094,-97.7344208
20.22866119,-97.7374421
20.22500042,-97.73177194
20.22341736,-97.73451275
20.21873594,-97.73416778
20.20632779,-97.73001856
20.20135766,-97.73877035
20.19229609,-97.74169782
20.18931522,-97.73632713
20.18300384,-97.73381662
20.18241686,-97.73358773
20.18250531,-97.73221589
20.18292097,-97.72538632
20.1881796,-97.72529472
20.18875458,-97.72058793
20.18291474,-97.71165267
20.18155356,-97.70136787
20.16616382,-97.68838367
20.1681222,-97.65810891
20.16782011,-97.65769591
20.16626279,-97.65557722
20.16439372,-97.6530267
20.16349704,-97.65180668
20.16782889,-97.64564907
20.17072714,-97.64517639
20.17773355,-97.64403351
20.17677636,-97.6397603
20.17653615,-97.63866081
20.18124859,-97.63850178
20.18262606,-97.638455
20.18259991,-97.63786017
20.18249689,-97.63490676
20.18221257,-97.62943721
20.17801636,-97.62610206
20.17676344,-97.62511937
20.17389467,-97.62283675
20.16895671,-97.61643506
20.16683472,-97.60453404
20.16187324,-97.60517543
20.1510511,-97.60798329
20.14233117,-97.60506773
20.14061046,-97.60109202
20.1323187,-97.60481645
20.11793496,-97.60208544
20.11230385,-97.5965163
20.11312667,-97.59111441
20.10809965,-97.58200454
20.10232687,-97.57782393
20.09677498,-97.57998073
20.09490692,-97.58404791
20.09541936,-97.58482572
20.09720343,-97.58753524
20.09677312,-97.5902065
20.0959295,-97.59551481
20.08478863,-97.59262482
20.07959147,-97.58639046
20.07930611,-97.58406447
20.07872455,-97.57935526
20.08033682,-97.57865462
20.08483284,-97.57668612
20.08227136,-97.57127582
20.08199121,-97.57068974
20.08253711,-97.56919339
20.0847304,-97.56323396
20.08533552,-97.561594
20.08593978,-97.56178542
20.09047078,-97.56318995
20.10166152,-97.5596955
20.10641658,-97.55821448
20.10087623,-97.55301188
20.10113607,-97.54918896
20.10128975,-97.54700665
20.11541807,-97.53976717
20.11674056,-97.5326101
20.11684227,-97.53205937
20.11548578,-97.52942727
20.1144953,-97.52752016
20.12167632,-97.52064698
20.12301723,-97.51936376
20.12341419,-97.51898329
20.12399845,-97.51634456
20.12507142,-97.51152156
20.12596657,-97.51111734
20.13025496,-97.50920321
20.13412749,-97.4999866
20.13607667,-97.49536205
20.13910768,-97.49754475
20.14152662,-97.49927726
20.14581953,-97.49507153
20.14857273,-97.50318299
20.15464909,-97.50528178
20.15693968,-97.50206936
20.16654602,-97.48861058
20.16764815,-97.48784613
20.17342594,-97.48385629
20.17580154,-97.47437376
20.17750696,-97.47193888
20.18182272,-97.46578238
20.18264055,-97.46461404
20.18396449,-97.46429345
20.19000822,-97.46284424
20.19452073,-97.46176092
20.20869355,-97.46398124
20.2153653,-97.46502618
20.21812707,-97.46546221
20.23110145,-97.46095943
20.24009003,-97.45240838
20.23676199,-97.44397772
20.24094191,-97.43906455
20.24174306,-97.42256943
20.23324876,-97.40834798
20.23360844,-97.4079417
20.24274152,-97.39766615
20.24470641,-97.39544612
20.24893451,-97.37753774
20.24288394,-97.37457715
20.22542779,-97.37512814
20.21975573,-97.37178521
20.20828567,-97.33905418
20.20663569,-97.3343637
20.17978834,-97.3389713
20.17213073,-97.33539197
20.15221806,-97.33360686
20.15340795,-97.32805191
20.19552699,-97.31770718
20.19215343,-97.28666198
20.17967824,-97.28077901
20.18449863,-97.27417327
20.17872264,-97.263782
20.18008794,-97.25753213
20.17733306,-97.25443398
20.17881929,-97.25119197
20.1820298,-97.24420455
20.17724451,-97.24406521
20.17695634,-97.23545213
20.17138366,-97.23161546
20.1727524,-97.22869212
20.16959572,-97.21918623
20.16372285,-97.20153872
20.16996652,-97.19873776
20.17552159,-97.18622563
20.16780535,-97.16807519
20.16438129,-97.17536924
20.15999502,-97.17494193
20.15658421,-97.17951861
20.15158239,-97.1634451
20.1605899,-97.16142285
20.16030575,-97.14910718
20.14869037,-97.15781351
20.13700409,-97.14838351
20.1399708,-97.13591716
20.13752349,-97.12269428
20.13744649,-97.12227441
20.12462003,-97.13361362
20.12222599,-97.14128712
20.11930972,-97.14002076
20.11693162,-97.14649996
20.11262992,-97.15439469
20.08184082,-97.18286987
20.07713657,-97.17670525
20.0755953,-97.17758821
20.06317761,-97.18475273
20.06200802,-97.18648631
20.05958136,-97.19005727
20.05918242,-97.19063542
20.05819476,-97.19210084
20.05513553,-97.19661078
20.05560179,-97.1975854
20.05673846,-97.19996661
20.05761278,-97.20179796
20.05475742,-97.20272225
20.05569998,-97.20613989
20.04901307,-97.20723802
20.03991778,-97.21048727
20.02946315,-97.20487269
20.02752548,-97.20383515
20.01604198,-97.20699345
20.0145132,-97.20741219
20.01280842,-97.21317279
20.01189864,-97.21624938
20.00990652,-97.22297709
20.00938174,-97.2247469
20.00267113,-97.22566225
20.00169562,-97.22579258
20.00123177,-97.22661735
20.00118042,-97.22671511
20.00092271,-97.22717278
19.99734957,-97.23353798
19.99038165,-97.23838855
19.98662658,-97.24099107
19.98256476,-97.25406912
19.98245709,-97.2543967
19.98130609,-97.25529567
19.9753906,-97.25988227
19.97014832,-97.26395569
19.95980028,-97.26805354
19.94729271,-97.26863399
19.94641433,-97.26867903
19.94459275,-97.26436887
19.93587639,-97.26204062
19.93286,-97.25810355
19.93222778,-97.25615958
19.92736349,-97.25954732
19.92418642,-97.25424479
19.91867083,-97.26087493
19.92213773,-97.26268852
19.92059811,-97.27002098
19.91536985,-97.27105202
19.91732468,-97.27295211
19.91187467,-97.28112988
19.90692214,-97.28169537
19.9048454,-97.28636539
19.90178415,-97.28621051
19.90326987,-97.28907378
19.89513393,-97.29489345
19.88841695,-97.29558908
19.88658218,-97.29082789
19.88162549,-97.30002136
19.87624016,-97.3021277
19.85651012,-97.30929779
19.83489604,-97.30891662
19.82789745,-97.31486059
19.82094648,-97.31413516
19.81776033,-97.31667674
19.79035009,-97.3132899
19.7737236,-97.31960686
19.75060096,-97.31876635
19.7463937,-97.32112382
19.73578026,-97.32070434
19.74116904,-97.31521052
19.73427556,-97.31368632
19.72833768,-97.31520322
19.71515625,-97.33174437
19.70586677,-97.32455733
19.68380295,-97.30748249
19.67477943,-97.30480531
19.67470134,-97.3172114
19.67828904,-97.32650233
19.67717204,-97.34203623
19.66671934,-97.34592909
19.6559776,-97.36167529
19.64264648,-97.36899219
19.63410995,-97.37952004
19.63424895,-97.38318277
19.62763284,-97.38505347
19.6256872,-97.39291092
19.62064002,-97.39509383
19.61472708,-97.40339352
19.61932374,-97.40518034
19.6276042,-97.41632545
19.62373592,-97.41912559
19.61519377,-97.42747221
19.60175412,-97.42796994
19.59987145,-97.43167587
19.58868066,-97.43398205
19.58530854,-97.43009686
19.57766226,-97.43178401
19.56109978,-97.42552869
19.557771,-97.42787629
19.5417323,-97.42664191
19.5358925,-97.41222951
19.52648282,-97.40627699
19.52430522,-97.40890352
19.49505966,-97.40204271
19.49244647,-97.39600832
19.49492883,-97.37072288
19.48972586,-97.35921149
19.4925379,-97.35602063
19.48513058,-97.35274878
19.48298901,-97.34796372
19.45109491,-97.34670619
19.43493838,-97.35516605
19.4321773,-97.38131493
19.42865166,-97.38994328
19.40877919,-97.39401778
19.40490916,-97.37237939
19.37419696,-97.35931694
19.37440163,-97.3500549
19.37983141,-97.34711848
19.388265,-97.28757532
19.39228395,-97.28506708
19.38711049,-97.2834028
19.38475794,-97.27802536
19.38223593,-97.26666258
19.37961979,-97.25146606
19.37010867,-97.2321084
19.36260005,-97.23085774
19.35708856,-97.22281624
19.35881548,-97.2106553
19.34922821,-97.20760258
19.33800496,-97.21126593
19.33355909,-97.20598443
19.32343404,-97.21511798
19.3164024,-97.20946489
19.3171711,-97.20626807
19.30803834,-97.20096425
19.31217724,-97.19174138
19.32146776,-97.18832206
19.32771642,-97.17536137
19.32733136,-97.16219126
19.3210128,-97.14775753
19.32119777,-97.13631972
19.30831218,-97.12827855
19.30381187,-97.10096413
19.31096421,-97.09038131
19.31039994,-97.08334624
19.32113774,-97.07128586
19.32121328,-97.07054554
19.32040737,-97.06751698
19.32038849,-97.0674938
19.31495463,-97.06819436
19.30981178,-97.05977146
19.31415109,-97.05083733
19.32069467,-97.04555799
19.31225617,-97.04170485
19.30819443,-97.03367801
19.29759288,-97.03048249
19.2947647,-97.02469806
19.2973039,-97.01786304
19.29620405,-97.0040538
19.28707849,-96.99317237
19.28193574,-96.9856965
19.27891449,-96.9877932
19.27396143,-96.99122083
19.26958452,-96.99425718
19.26906055,-96.99430985
19.26403819,-96.99482855
19.25910006,-96.99952911
19.25341456,-97.00492956
19.24498932,-97.00231375
19.23958637,-97.00064172
19.23588883,-97.00202273
19.2313739,-97.00663975
19.22991975,-97.01803825
19.22665587,-97.02020432
19.22272686,-97.02281441
19.21870036,-97.02549231
19.21727874,-97.03241128
19.2126461,-97.03540187
19.20655819,-97.05037991
19.20179431,-97.05103479
19.19789332,-97.05617043
19.19771929,-97.05639139
19.19587847,-97.05525386
19.17325177,-97.04127738
19.16532236,-97.0429489
19.16059488,-97.03891277
19.15538787,-97.03903563
19.15138682,-97.04220907
19.14142684,-97.02925987
19.1339106,-97.02723136
19.13714446,-97.03516585
19.13401665,-97.03815702
19.12831448,-97.04195682
19.13845277,-97.05678955
19.14824944,-97.06786772
19.15208757,-97.06551637
19.15863939,-97.06799701
19.15767986,-97.0746883
19.16870712,-97.11196677
19.16777332,-97.13045235
19.16015883,-97.13685419
19.16335761,-97.14303431
19.16334108,-97.16905129
19.16900659,-97.18099833
19.16252538,-97.1840719
19.16365846,-97.18777264
19.1696487,-97.18919189
19.17150326,-97.19477725
19.1693864,-97.19546467
19.16195454,-97.20227842
19.15918893,-97.20992864
19.14687706,-97.19864469
19.14608322,-97.19790505
19.14473215,-97.20072747
19.14088973,-97.20870783
19.1360618,-97.2187723
19.13584094,-97.21923772
19.13256275,-97.21845172
19.13193288,-97.21830697
19.12223943,-97.22325908
19.12157967,-97.22703611
19.10897401,-97.23733454
19.10754361,-97.23996074
19.09611757,-97.2609868
19.08079119,-97.26491501
19.06328068,-97.26940176
19.02961282,-97.26804514
18.98571489,-97.28945928
18.98524191,-97.28968991
18.97847028,-97.28725479
18.95998819,-97.28061114
18.94737302,-97.26835786
18.93944889,-97.2661525
18.93529704,-97.25973448
18.92539703,-97.25577542
18.92332767,-97.2530676
18.9179705,-97.24607869
18.91595955,-97.24551335
18.90901316,-97.24357558
18.90266977,-97.24179783
18.89648429,-97.24501881
18.89338291,-97.24664258
18.8904968,-97.27151482
18.86725112,-97.29696857
18.86154906,-97.2962587
18.86015368,-97.29914949
18.85273659,-97.30211665
18.84888342,-97.30840515
18.84693681,-97.30494936
18.84264485,-97.3061697
18.83658365,-97.32097917
18.82755629,-97.32431133
18.82472298,-97.32174954
18.82297067,-97.32016152
18.82163809,-97.31896343
18.82152315,-97.3193455
18.81864457,-97.32932516
18.81639147,-97.32823461
18.81248475,-97.32698193
18.79948992,-97.33556573
18.80074591,-97.34219485
18.79470207,-97.35032814
18.78016755,-97.3545413
18.77464724,-97.35293897
18.77795783,-97.34663564
18.7771703,-97.3396255
18.76827603,-97.33642026
18.76709233,-97.33037746
18.76380291,-97.33062067
18.75143801,-97.34285192
18.73925437,-97.34163216
18.72783927,-97.34680297
18.72583564,-97.34176182
18.71554368,-97.3495648
18.70466771,-97.34199647
18.69663162,-97.34571322
18.69212081,-97.34013626
18.6860735,-97.34372798
18.67788336,-97.33719851
18.68170239,-97.33155893
18.67785424,-97.32837877
18.67191594,-97.32992634
18.66349639,-97.32419009
18.66374511,-97.31966595
18.67033064,-97.31651375
18.66825415,-97.31323311
18.67397443,-97.31108893
18.67321973,-97.30286447
18.65514488,-97.29133627
18.65186939,-97.28218106
18.63090897,-97.27310118
18.62718316,-97.27182891
18.62851845,-97.26879045
18.62406728,-97.25972816
18.62668116,-97.25215929
18.64255219,-97.24141649
18.64075755,-97.23193367
18.63559214,-97.22383714
18.62849816,-97.22003831
18.62502098,-97.21407097
18.62920111,-97.19634112
18.61607616,-97.18465134
18.61616208,-97.17546554
18.60623882,-97.17384021
18.60578377,-97.1633421
18.59338175,-97.14494107
18.58472036,-97.14818308
18.57889224,-97.14409293
18.57536681,-97.14597013
18.56965963,-97.15151631
18.55886316,-97.14948038
18.54830748,-97.15350049
18.53374316,-97.13853127
18.53226745,-97.13434279
18.53526715,-97.12966514
18.52072678,-97.11299512
18.51468583,-97.11741343
18.51193983,-97.11650536
18.5040318,-97.11390246
18.50222888,-97.11331437
18.50178959,-97.11317109
18.50146258,-97.11258248
18.49927928,-97.10865308
18.49078289,-97.10494498
18.48695614,-97.09061707
18.46639435,-97.09841431
18.46202053,-97.09146443
18.46542304,-97.08365205
18.46647487,-97.07402381
18.47742971,-97.05882376
18.48626673,-97.05138477
18.49916492,-97.04601375
18.516662,-97.02608505
18.51329455,-97.01955613
18.52032121,-97.01490767
18.52401604,-97.00537058
18.53155595,-96.99846662
18.52806006,-96.9968193
18.53784769,-96.97994234
18.53803702,-96.97422734
18.54137525,-96.97575421
18.54167895,-96.9758997
18.5453302,-96.97080959
18.54433187,-96.96452325
18.55414774,-96.95802337
18.55506781,-96.95278863
18.54418589,-96.93699567
18.5414423,-96.93807988
18.54005776,-96.93058588
18.53523321,-96.92581859
18.5382785,-96.9167838
18.55065038,-96.8997248
18.53363321,-96.884764
18.53489349,-96.88081972
18.5356062,-96.87861424
18.52158542,-96.86951129
18.51860324,-96.86412461
18.51210262,-96.8638965
18.51172896,-96.85906008
18.49939601,-96.84322005
18.49273453,-96.84173201
18.49836791,-96.82516855
18.50411279,-96.82738104
18.51051611,-96.82451904
18.51158522,-96.8184914
18.51197081,-96.81811846
18.51750379,-96.81418059
18.51698448,-96.80936857
18.5157155,-96.80802371
18.51403237,-96.80622473
18.51262207,-96.80472156
18.51129642,-96.80331012
18.51134809,-96.79721417
18.51111463,-96.79674844
18.50782213,-96.7958106
18.5022922,-96.79432915
18.49996504,-96.79590075
18.49866427,-96.79677837
18.49683263,-96.79801546
18.49171018,-96.79313268
18.48607676,-96.79676369
18.48502002,-96.79658086
18.48136819,-96.7959843
18.47941929,-96.79566461
18.47595089,-96.79121538
18.4709852,-96.79033216
18.46939048,-96.79004179
18.46744982,-96.78969817
18.46724784,-96.78883524
18.46597404,-96.78344177
18.46585647,-96.78292435
18.4654748,-96.78132102
18.4648569,-96.78125919
18.4621498,-96.78100901
18.45882995,-96.78449462
18.45755424,-96.78582895
18.45733581,-96.78605788
18.45707176,-96.78575482
18.44970982,-96.7774061
18.44816222,-96.77586647
18.44444974,-96.78264006
18.44327463,-96.78478399
18.43513591,-96.77883281
18.43337974,-96.77754321
18.43233864,-96.77833003
18.43035361,-96.77983352
18.42884501,-96.78097728
18.42778199,-96.77878851
18.42666993,-96.77649256
18.42621164,-96.77555193
18.4266254,-96.77469184
18.42894592,-96.769822
18.42659482,-96.76315518
18.42311372,-96.76511449
18.4226442,-96.76983046
18.42255068,-96.77078502
18.41767644,-96.76628294
18.41546715,-96.76654292
18.41327537,-96.76678563
18.41091155,-96.7631317
18.4079825,-96.75859133
18.408766,-96.75743259
18.40915348,-96.75686048
18.41150327,-96.7533652
18.41110674,-96.75238207
18.40724538,-96.74294306
18.40681013,-96.74189034
18.40785816,-96.73278224
18.40865441,-96.72580128
18.40802235,-96.72559325
18.40694164,-96.72524364
18.40617245,-96.72499822
18.40036916,-96.73172129
18.39860534,-96.72996579
18.39644761,-96.72782241
18.39380534,-96.72915715
18.39818845,-96.73227709
18.39794759,-96.7331542
18.39296842,-96.75153401
18.39260737,-96.75286141
18.39215817,-96.754517
18.39150791,-96.75430482
18.38989649,-96.75379281
18.38089607,-96.75092535
18.38271691,-96.76288045
18.381558,-96.76314054
18.37495519,-96.76462831
18.37451444,-96.76523073
18.37100787,-96.77008952
18.36826084,-96.77388311
18.36479643,-96.77865924
18.36331959,-96.78071154
18.36268884,-96.78157948
18.3532243,-96.78643204
18.3462599,-96.78350225
18.33811129,-96.78505228
18.33783273,-96.78511266
18.33768618,-96.78558514
18.33621815,-96.7902389
18.3352147,-96.79341261
18.3347005,-96.79503191
18.33131402,-96.7984122
18.3290216,-96.80070804
18.32900526,-96.80651252
18.32899758,-96.80916945
18.32397581,-96.81635548
18.32122349,-96.82028446
18.32016349,-96.82180327
18.31062848,-96.82229892
18.30128304,-96.81746331
18.30096153,-96.8172954
18.30048057,-96.81808129
18.29991353,-96.818996
18.29566476,-96.82596139
18.29524636,-96.82616674
18.27509996,-96.83606246
18.27185977,-96.83765808
18.2716145,-96.84049576
18.27140824,-96.84292215
18.26725633,-96.84008432
18.26678321,-96.8400145
18.26499932,-96.84266366
18.24921125,-96.84500604
18.24729279,-96.84528667
18.24704898,-96.84579795
18.24409234,-96.85199361
18.24380388,-96.85258944
18.24329878,-96.85366472
18.24200128,-96.86020986
18.24116029,-96.864431
18.2437756,-96.87602562
18.23587325,-96.90689501
18.23793498,-96.91243585
18.23811471,-96.91293124
18.23034233,-96.91595978
18.22933408,-96.91635715
18.23597239,-96.92023148
18.23990624,-96.91928749
18.23689948,-96.92622898
18.23644601,-96.92727358
18.22607625,-96.92951883
18.2214602,-96.93166929
18.22114035,-96.93181373
18.22107564,-96.93472159
18.22104425,-96.93600381
18.21624055,-96.93604877
18.21991931,-96.93938179
18.21998838,-96.95268222
18.22670208,-96.95906772
18.23270903,-96.97681365
18.23077779,-96.99160685
18.22656034,-96.99786338
18.21272925,-97.00134227
18.20826448,-97.00755222
18.20139454,-97.013229
18.18368728,-97.02787804
18.1790202,-97.03753734
18.16726883,-97.03992507
18.16302752,-97.03807856
18.15091997,-97.08433781
18.15463889,-97.08403876
18.15890536,-97.09240851
18.1483528,-97.11430579
18.16060547,-97.12646744
18.15954636,-97.13238179
18.16376977,-97.13476194
18.16854883,-97.13672961
18.17021988,-97.13328083
18.1744366,-97.13493002
18.16924152,-97.14442123
18.17399565,-97.14733463
18.17635134,-97.14877796
18.18299804,-97.15284379
18.19297119,-97.16512781
18.19461119,-97.16690465
18.20089997,-97.16819326
18.20400841,-97.17876114
18.20042649,-97.18728451
18.19649071,-97.18986351
18.19105228,-97.18795464
18.18779699,-97.19167897
18.17515217,-97.18768687
18.17395355,-97.20851579
18.17014131,-97.20788457
18.1636411,-97.2125993
18.17308661,-97.22524735
18.17355684,-97.22587478
18.17417381,-97.2267054
18.17304791,-97.22865238
18.17258689,-97.22945188
18.17085271,-97.23244249
18.17012374,-97.23371047
18.17037827,-97.23403061
18.17234595,-97.23646403
18.1728559,-97.23709722
18.17287864,-97.23724318
18.17248134,-97.23844755
18.17128621,-97.24210335
18.17106312,-97.24277383
18.16682678,-97.24499423
18.1684588,-97.24658731
18.16936726,-97.24748125
18.16425143,-97.2540111
18.16293798,-97.25568965
18.1631872,-97.25813299
18.16340672,-97.26024602
18.15830477,-97.27149849
18.1563427,-97.27582613
18.15872621,-97.27855559
18.16029652,-97.28035698
18.15964745,-97.29054899
18.15921512,-97.29750057
18.15882581,-97.30359626
18.14891297,-97.31510101
18.14617051,-97.31827585
18.14604636,-97.31977094
18.14529884,-97.32833924
18.14520542,-97.32940731
18.14494038,-97.33252107
18.14170598,-97.33436574
18.14036373,-97.33514499
18.12765738,-97.34243199
18.1261803,-97.34327718
18.12574762,-97.34446072
18.12289606,-97.35230391
18.12253207,-97.35282257
18.11930647,-97.35502815
18.11548661,-97.35762283
18.10040737,-97.36808087
18.10071715,-97.3695773
18.10142014,-97.37300266
18.10157922,-97.37375903
18.09479636,-97.37890817
18.09390446,-97.37958638
18.097011,-97.38290701
18.10168972,-97.38791836
18.1015596,-97.3886892
18.10108259,-97.39145883
18.100785,-97.39322175
18.1005858,-97.39435921
18.10082232,-97.39469427
18.10153103,-97.39570898
18.10331044,-97.39825617
18.10651895,-97.40284914
18.10617306,-97.40307838
18.10185598,-97.40596962
18.10187027,-97.40647302
18.10201149,-97.41112148
18.10173367,-97.41113551
18.0971198,-97.41150283
18.09311976,-97.41507372
18.08965866,-97.41814622
18.08820957,-97.4169197
18.08678754,-97.41572779
18.07776345,-97.42330484
18.07676129,-97.42400764
18.0692906,-97.42560029
18.06950589,-97.4270216
18.07067923,-97.43460511
18.06991077,-97.43492396
18.06845337,-97.43553535
18.0690311,-97.43664188
18.07149052,-97.44134224
18.07069678,-97.44168554
18.06422766,-97.44441689
18.06441536,-97.44497352
18.06551216,-97.44831427
18.06274084,-97.44819341
18.05359049,-97.4477735
18.05290139,-97.44865714
18.04798862,-97.45493049
18.0474965,-97.45481438
18.04353167,-97.45386043
18.0436254,-97.45456433
18.04388269,-97.45644749
18.04027982,-97.45788152
18.03591582,-97.45961496
18.03683106,-97.46115468
18.03775561,-97.46270356
18.03178998,-97.46499339
18.03089806,-97.46870893
18.0285173,-97.46567849
18.02683169,-97.4670464
18.0253872,-97.48701075
18.02907462,-97.5033924
18.04649658,-97.52138342
18.04607597,-97.5351473
18.04274597,-97.53726084
18.03388001,-97.5428006
18.03402137,-97.54546304
18.0467984,-97.55767028
18.0532066,-97.55683133
18.0647684,-97.56410955
18.06893214,-97.56324645
18.07519199,-97.56193469
18.10777768,-97.56969423
18.11011133,-97.57337789
18.13093507,-97.60819355
18.14215749,-97.60608772
18.15288578,-97.60842257
18.15300188,-97.61057227
18.15305746,-97.61150522
18.15333443,-97.61629543
18.15924877,-97.62767137
18.16051335,-97.63007565
18.16778324,-97.64387568
18.17196855,-97.65182733
18.17508666,-97.65294019
18.17981864,-97.64916408
18.18483571,-97.64554671
18.18668503,-97.63600351
18.19747724,-97.6296851
18.2060866,-97.63911646
18.21524722,-97.63510325
18.23646062,-97.64038956
18.2374541,-97.64000751
18.24738874,-97.63617954
18.27812273,-97.64167831
18.29323549,-97.65318589
18.29182382,-97.66446107
18.28803642,-97.69986983
18.28449582,-97.71024662
18.27620127,-97.72028821
18.27238667,-97.74332881
18.29061116,-97.78392571
18.28168254,-97.802488
18.28262931,-97.80296822
18.28377575,-97.80354892
18.28096159,-97.81458952
18.27590551,-97.82412534
18.27484108,-97.82429279
18.27044534,-97.82504255
18.26627656,-97.82573562
18.26462078,-97.82709334
18.25719767,-97.83321365
18.25067824,-97.8291851
18.23560398,-97.8266512
18.22281912,-97.82450739
18.21578934,-97.84412936
18.19777509,-97.85532979
18.18944153,-97.84983734
18.18402764,-97.85073027
18.17032612,-97.83986592
18.17223236,-97.8476321
18.17165712,-97.84805895
18.14843215,-97.86525721
18.14622125,-97.86289149
18.13194724,-97.863715
18.12869531,-97.86092204
18.12332734,-97.8674007
18.11490783,-97.8672334
18.09691156,-97.85708461
18.08373433,-97.84906774
18.08021726,-97.84071213
18.06764091,-97.81081908
18.05114847,-97.82740645
18.04808549,-97.83601177
18.03570863,-97.83637096
18.03400926,-97.83642491
18.02323588,-97.84068096
18.02186267,-97.84527571
18.01781546,-97.84254972
17.99616361,-97.84281112
17.97267387,-97.82603287
17.98812462,-97.82146931
17.99162422,-97.81659551
17.9930359,-97.81462618
17.9983824,-97.8071807
18.00427715,-97.79095308
18.01102876,-97.78907467
18.01613725,-97.79665979
18.03446513,-97.7986208
18.0682888,-97.7717414
18.06862247,-97.76433144
18.05761567,-97.74527387
18.04526442,-97.74303718
18.04463485,-97.73835379
18.02673805,-97.71230584
18.02180489,-97.69900126
18.01004558,-97.69997747
18.00366023,-97.70035726
18.00221537,-97.70991902
18.01208237,-97.72848869
18.01191778,-97.73959
18.00738417,-97.74428826
18.00436479,-97.75681062
18.00671266,-97.76369232
18.00346707,-97.76793383
17.99784568,-97.76913778
17.99082417,-97.76517087
17.98595043,-97.76785727
17.97620107,-97.76727649
17.97648904,-97.77363191
17.9729503,-97.77365584
17.96864078,-97.77634077
17.96188532,-97.78963276
17.96013161,-97.80354075
17.95313848,-97.80380659
17.94675972,-97.8125288
17.93759174,-97.81139806
17.91823186,-97.81650313
17.92229239,-97.82295135
17.9226426,-97.82350765
17.91833213,-97.82593256
17.90301765,-97.83208354
17.9010469,-97.8386293
17.91098588,-97.85095113
17.91164701,-97.85690259
17.92156471,-97.86424286
17.92371046,-97.87119904
17.91763209,-97.88036302
17.91379449,-97.88525447
17.91245661,-97.89777365
17.90825646,-97.90592303
17.9074566,-97.90747748
17.90729367,-97.91008057
17.91401082,-97.91521412
17.91513792,-97.9160782
17.91530952,-97.9173959
17.91676478,-97.92832257
17.91725317,-97.9320238
17.92132831,-97.93019984
17.92497763,-97.93667776
17.93029486,-97.93862288
17.94021608,-97.93788984
17.94706948,-97.94407097
17.94810894,-97.9487633
17.96087975,-97.93900308
17.96136254,-97.93508285
17.96139815,-97.93476989
17.96603254,-97.9368751
17.96768129,-97.93762971
17.96626512,-97.95118812
17.97017555,-97.96767575
17.96451617,-97.97928831
17.97850105,-97.98665821
17.97452045,-97.99509762
17.97590511,-98.00151336
17.98074343,-98.00523627
17.98042911,-98.01581144
17.99172955,-98.03019323
17.98686417,-98.03849459
17.9825592,-98.03853145
17.97608546,-98.0469161
17.98109674,-98.04823692
17.98133795,-98.05915519
17.98518218,-98.06357284
17.98029184,-98.07538974
17.98435524,-98.0924592
17.98493408,-98.09488398
17.98358277,-98.09648691
17.98162611,-98.09881363
17.98153514,-98.10883859
17.97786774,-98.1146614
17.98355312,-98.11653752
17.98736482,-98.13069689
17.97745565,-98.13260452
17.97579046,-98.13292557
17.97082129,-98.14412687
17.97169904,-98.14796338
17.97164179,-98.14855102
17.96670445,-98.15283891
17.96259741,-98.15639438
17.96251956,-98.16138455
17.96229567,-98.16222254
17.95350403,-98.16577855
17.95276188,-98.16788317
17.95215586,-98.16960831
17.94685737,-98.17004443
17.94284752,-98.17037841
17.94186181,-98.17282038
17.94157145,-98.17353723
17.94117704,-98.1732789
17.93424955,-98.16872369
17.93336696,-98.17028858
17.93195694,-98.17280601
17.93100523,-98.17272861
17.92268447,-98.17200394
17.91913513,-98.1662449
17.916923,-98.16639644
17.91537001,-98.16650359
17.91410167,-98.17101977
17.91057893,-98.16766957
17.89825016,-98.1747589
17.89555016,-98.19619095
17.89245046,-98.19558015
17.89186825,-98.20257489
17.88487242,-98.20851157
17.88473372,-98.21907838
17.87832171,-98.22267896
17.87929181,-98.2339492
17.87723005,-98.24476645
17.88307012,-98.24750658
17.88366961,-98.25447304
17.88965254,-98.253573
17.89523888,-98.25815095
17.90776554,-98.26068388
17.91481907,-98.26933503
17.91535079,-98.2699843
17.91553537,-98.26976906
17.91635166,-98.26881625
17.91781317,-98.26712309
17.92239286,-98.26180423
17.92399104,-98.26205597
17.92517144,-98.26223878
17.92756655,-98.26262002
17.92720625,-98.26335975
17.92245117,-98.27326366
17.93463451,-98.28199237
17.92052367,-98.2914001
17.91431832,-98.29032299
17.9096694,-98.299053
17.90092743,-98.30297299
17.89336218,-98.30124965
17.88906097,-98.31539539
17.88611067,-98.31678991
17.88765861,-98.31983487
17.87870669,-98.3279688
17.88001254,-98.32958683
17.88382129,-98.33411105
17.88367475,-98.33546806
17.88331407,-98.33884035
17.88973973,-98.3453096
17.89290184,-98.34850802
17.8921829,-98.34943871
17.88150213,-98.36325577
17.87990272,-98.36960294
17.88129833,-98.37083882
17.88283141,-98.37219624
17.882017,-98.37591332
17.88202655,-98.37593432
17.8827367,-98.37865243
17.88370377,-98.38236739
17.8769539,-98.38973773
17.86996553,-98.3891423
17.86277701,-98.39896203
17.86501777,-98.42377954
17.88929502,-98.42619109
17.89255075,-98.42433754
17.88859489,-98.43362197
17.89121796,-98.43629319
17.90195527,-98.43295132
17.91322563,-98.43679649
17.92253098,-98.44401428
17.92577924,-98.43260855
17.93820733,-98.42391106
17.94884394,-98.42276686
17.96516571,-98.43210443
17.9770178,-98.43217434
17.97493944,-98.42846418
17.97823155,-98.42612418
17.98392434,-98.43233268
17.99340937,-98.43483689
17.98767422,-98.44510502
17.99182754,-98.44864625
17.99235473,-98.4701925
17.98101381,-98.47638003
17.98857077,-98.48468865
17.99106544,-98.48769455
17.98927943,-98.49568292
17.99523928,-98.50100642
17.99230411,-98.5117276
17.99612134,-98.52642945
17.9852644,-98.52520136
17.97659663,-98.5293906
17.97491171,-98.53558388
17.9838267,-98.53811886
17.97470194,-98.54407675
17.97900516,-98.553796
17.97388227,-98.55522425
17.97274976,-98.55553622
17.97248198,-98.56949092
17.97606086,-98.57761732
17.97474788,-98.58597926
17.96557781,-98.59514088
17.96210119,-98.5934008
17.9593789,-98.59579792
17.96337869,-98.59707851
17.96035352,-98.60646468
17.9425711,-98.62240122
17.94501991,-98.62711765
17.94328227,-98.63350322
17.93678366,-98.63984218
17.93292721,-98.63882874
17.93346188,-98.64250534
17.93340207,-98.64467999
17.93320437,-98.65160829
17.93477708,-98.65156284
17.93653032,-98.65150117
17.94402248,-98.66376079
17.94368881,-98.66624226
17.94276302,-98.67306347
17.94410194,-98.67307826
17.94981055,-98.67314541
17.95050329,-98.6745579
17.95567541,-98.68515608
17.95791817,-98.68636824
17.96142415,-98.6882611
17.9607272,-98.68946631
17.95405429,-98.70104048
17.95549361,-98.70561752
17.95896363,-98.70912769
17.96494517,-98.70720516
17.97025787,-98.71111801
17.96619357,-98.7134458
17.9735045,-98.71728277
17.98157836,-98.7319786
17.9853086,-98.74466658
17.98564953,-98.74584
17.98374664,-98.749328
17.99104957,-98.75998747
17.98903547,-98.76886818
17.99462012,-98.77539843
17.99502984,-98.78225616
17.99994702,-98.78794971
18.00314851,-98.80029391
18.00233596,-98.81389701
18.01223142,-98.81214278
18.02306393,-98.79886031
18.0241246,-98.79394515
18.01959691,-98.77852691
18.02038143,-98.76576156
18.02490268,-98.76443531
18.02647062,-98.75537129
18.03425497,-98.74429217
18.04169629,-98.7362884
18.04494092,-98.73615919
18.04579963,-98.7361293
18.04714147,-98.75501945
18.04690487,-98.75542457
18.04673168,-98.7557289
18.0449864,-98.75873468
18.04872816,-98.76313805
18.04971219,-98.76430398
18.05070418,-98.7654721
18.04931555,-98.77150022
18.04911555,-98.77234655
18.05670456,-98.77905261
18.05726007,-98.77954078
18.06216884,-98.796808
18.05342821,-98.80046144
18.05438559,-98.80548191
18.05036655,-98.81130375
18.06497404,-98.81298093
18.06496909,-98.81354613
18.0648944,-98.81726936
18.06481467,-98.82198574
18.06465776,-98.83043719
18.05769969,-98.87039491
18.09345036,-98.85955211
18.11745064,-98.85232057
18.1267988,-98.85801238
18.16727244,-98.87997668
18.18385616,-98.94014525
18.18862369,-98.95747004
18.18975143,-98.99999146
18.22883635,-98.99269716
18.23007395,-98.98589049
18.23864731,-98.99058326
18.24918104,-98.98886037
18.25025559,-98.9982357
18.24397877,-99.00691946
18.24718025,-99.01052852
18.24447248,-99.02133079
18.24883377,-99.02321517
18.26177177,-99.01444827
18.26630099,-99.01697542
18.27227409,-99.03260821
18.25142779,-99.05517684
18.25165069,-99.06378263
18.2535142,-99.06324077
18.25714781,-99.06218034
18.25810378,-99.06190414
18.26083442,-99.06423217
18.26088982,-99.06423098
18.26261639,-99.05583133
18.2626579,-99.05564102
18.26302258,-99.05387872
18.26367456,-99.05396178
18.26689355,-99.05436611
18.27099465,-99.05487935
18.27109338,-99.05622216
18.27150408,-99.0619435
18.27430514,-99.06318576
18.27821392,-99.06491108
18.28008513,-99.0657424
18.28213269,-99.06969576
18.28318188,-99.06781914
18.28452047,-99.06541533
18.28157469,-99.06099816
18.28557436,-99.05638931
18.28783056,-99.05377852
18.28916669,-99.0522389
18.28938832,-99.05246621
18.29632448,-99.05963253
18.30038992,-99.05976078
18.30261746,-99.05983848
18.30412966,-99.05989128
18.30712801,-99.06375145
18.30804851,-99.06368198
18.31131012,-99.06342257
18.31395745,-99.06321659
18.3192544,-99.06280455
18.31885755,-99.06657448
18.31884932,-99.06667414
18.31932243,-99.06726802
18.31942345,-99.06734402
18.32211935,-99.06915994
18.32583997,-99.0696962
18.32759038,-99.06995485
18.33182279,-99.06605514
18.33226706,-99.0656358
18.33752707,-99.05928083
18.33896013,-99.05754201
18.34823061,-99.05785454
18.35055017,-99.05010241
18.35073779,-99.04946105
18.3520537,-99.04786663
18.35598854,-99.04312138
18.35753652,-99.04320405
18.35888729,-99.04326728
18.35957583,-99.03779576
18.35962093,-99.03744412
18.36034265,-99.03721526
18.3652175,-99.03569046
18.36501468,-99.03240841
18.36493663,-99.03114955
18.36772712,-99.03085209
18.37237718,-99.02300268
18.3750221,-99.02409207
18.37743496,-99.01975287
18.37871475,-99.01948567
18.38092403,-99.01902761
18.38701586,-99.01777639
18.38725247,-99.01283246
18.38749428,-99.00770354
18.38783184,-99.00057945
18.38904418,-98.9996547
18.38973941,-98.99912046
18.39428529,-98.9956341
18.39471537,-98.99451314
18.39592838,-98.99136283
18.39716675,-98.98812659
18.40549441,-98.98368651
18.41225061,-98.98707411
18.41327481,-98.98399149
18.42025193,-98.98530505
18.42343104,-98.98181678
18.42327043,-98.97697978
18.41753339,-98.97388275
18.41997941,-98.95697486
18.41781071,-98.95178685
18.42083644,-98.94969747
18.4216487,-98.9491389
18.42227358,-98.9487125
18.42226318,-98.94820071
18.42224378,-98.94769149
18.42209475,-98.94214315
18.42206101,-98.94093021
18.42239485,-98.93999115
18.42475065,-98.93346219
18.42895529,-98.92176386
18.43232574,-98.92105509
18.4421394,-98.91897319
18.44377858,-98.91460946
18.45376031,-98.91541818
18.45911804,-98.91186875
18.46181147,-98.91256437
18.46439599,-98.89961606
18.47896295,-98.87052457
18.47768838,-98.84981043
18.4914281,-98.8424548
18.4952193,-98.83378143
18.50681353,-98.84190518
18.51236407,-98.83596307
18.5187558,-98.83644385
18.52197113,-98.83008777
18.52007717,-98.82055974
18.52001622,-98.82024565
18.51993511,-98.81983477
18.52130988,-98.81849807
18.52168215,-98.81812409
18.52049735,-98.81731662
18.51858719,-98.81602552
18.51899206,-98.81078537
18.51555113,-98.81030339
18.51324517,-98.80998474
18.51210107,-98.80981691
18.51155646,-98.80974659
18.50267265,-98.80359699
18.50244929,-98.80160742
18.5022168,-98.7996157
18.4982393,-98.79901379
18.49803475,-98.79876004
18.49702775,-98.79355846
18.49089183,-98.78979602
18.49092926,-98.7894299
18.49234556,-98.78708657
18.48747442,-98.78363871
18.48366127,-98.78606438
18.48109921,-98.77885572
18.47905701,-98.77311016
18.47706198,-98.76746324
18.47496196,-98.76157471
18.47477863,-98.76104784
18.47149017,-98.7600799
18.46664367,-98.75863669
18.46445716,-98.75797947
18.46257169,-98.75743133
18.46209555,-98.75550057
18.46192671,-98.75480742
18.46033267,-98.75559927
18.45743101,-98.75703386
18.45702947,-98.75646244
18.45608695,-98.75514983
18.45148546,-98.74871007
18.45165824,-98.74832897
18.45541054,-98.73979146
18.44516823,-98.73662603
18.4405334,-98.73201613
18.44207966,-98.72197635
18.44511528,-98.70764702
18.44526253,-98.70693219
18.44626433,-98.70762649
18.45168678,-98.71137986
18.45186226,-98.71112668
18.45390659,-98.7081753
18.45509106,-98.70646567
18.45523289,-98.70632947
18.45601266,-98.7084566
18.45626303,-98.70914295
18.45656154,-98.70996094
18.46309377,-98.71024257
18.46349299,-98.70821975
18.46388365,-98.70622083
18.4647254,-98.70704476
18.46489166,-98.70719726
18.46745445,-98.70973222
18.46821284,-98.71047045
18.46846999,-98.70774668
18.46861758,-98.70622071
18.46961647,-98.7063674
18.47772207,-98.70739599
18.47945386,-98.70257562
18.48123553,-98.70209393
18.48216247,-98.70184866
18.49288017,-98.6989813
18.49408927,-98.69963047
18.49542638,-98.70033823
18.49631498,-98.70081963
18.49440313,-98.70692337
18.4941917,-98.70760206
18.49637349,-98.70555007
18.49719824,-98.70477122
18.49765162,-98.70645856
18.4981148,-98.70818126
18.49941267,-98.70709927
18.50503064,-98.70240742
18.50757873,-98.70384988
18.51105224,-98.70580145
18.51153176,-98.70413891
18.51243138,-98.70099551
18.51523656,-98.71003704
18.5187523,-98.71185265
18.51932003,-98.71214976
18.51988079,-98.71171402
18.52758837,-98.70570213
18.53120696,-98.7060088
18.53241222,-98.70276506
18.53893242,-98.70329119
18.5424081,-98.70822795
18.55216182,-98.70593832
18.55803747,-98.71050942
18.5595572,-98.71169968
18.56546019,-98.71628486
18.56509776,-98.71336997
18.56847002,-98.71233968
18.56884775,-98.71222618
18.5687587,-98.71270769
18.56826783,-98.715515
18.56867686,-98.71559061
18.56916752,-98.71567375
18.5718575,-98.71614785
18.57302983,-98.71635464
18.57345395,-98.7150487
18.57445583,-98.71201303
18.57466798,-98.71136479
18.577244,-98.71283596
18.57919697,-98.71396616
18.58015089,-98.71370591
18.58506445,-98.71236315
18.58576873,-98.71269273
18.59362393,-98.71629204
18.60077494,-98.71956685
18.60364252,-98.71904705
18.60490516,-98.71882685
18.60518136,-98.71447627
18.60524237,-98.71353955
18.6076404,-98.71390444
18.61163684,-98.71449918
18.61170054,-98.71451426
18.61231817,-98.71460624
18.61561427,-98.71173767
18.61647595,-98.7109834
18.61850392,-98.71222605
18.62439492,-98.71582829
18.62589968,-98.71674415
18.62833247,-98.71703947
18.6291406,-98.71714827
18.63820318,-98.71839082
18.63894715,-98.72095385
18.64981309,-98.72019215
18.65425168,-98.71987905
18.65522815,-98.71981763
18.6555625,-98.71978823
18.6575434,-98.72260926
18.65894502,-98.72460837
18.66072284,-98.72517369
18.66726924,-98.7272729
18.66817188,-98.72756239
18.66873887,-98.72782192
18.67080679,-98.72965331
18.67401908,-98.73248335
18.67445897,-98.73272695
18.67554517,-98.73313085
18.68040088,-98.73492431
18.6915635,-98.73904464
18.69429694,-98.73941884
18.69779293,-98.73988412
18.70424053,-98.74076123
18.70719182,-98.74115881
18.70759541,-98.74056243
18.71163313,-98.7346887
18.71566189,-98.72882908
18.71897959,-98.72400535
18.73922548,-98.71567407
18.74323725,-98.7140355
18.74547223,-98.71313345
18.74715528,-98.72679177
18.73674484,-98.73859341
18.74098083,-98.75359469
18.75010833,-98.74563596
18.75510022,-98.74868944
18.76178723,-98.7438653
18.77804628,-98.73406342
18.80562091,-98.72742523
18.81341251,-98.72052008
18.81053881,-98.71705642
18.82151563,-98.70757255
18.84094875,-98.7004935
18.84477236,-98.69603762
18.85107027,-98.69456302
18.8557243,-98.68792719
18.87145904,-98.6856308
18.87838118,-98.67795378
18.87944077,-98.67179854
18.89275847,-98.66708259
18.90702894,-98.66776181
18.90925239,-98.67329352
18.90523464,-98.6841349
18.88806729,-98.7004153
18.88022172,-98.69616661
18.87086696,-98.71192137
18.87750743,-98.71160205
18.88984586,-98.70471104
18.9015298,-98.70681734
18.9231995,-98.6777787
18.95136867,-98.67290436
18.96118263,-98.66369498
19.00063925,-98.64781746
19.01549915,-98.6329858
19.02025633,-98.62819445
19.02803082,-98.6242567
19.03542059,-98.61972557
19.04329673,-98.62922502
19.0546855,-98.6272954
19.05982506,-98.62987387
19.06458838,-98.62615727
19.07185477,-98.63432124
19.08136397,-98.63664004
19.08448341,-98.63434533
19.09219924,-98.62612663
19.10007521,-98.63236892
19.10348867,-98.62944709
19.11641412,-98.62975886
19.12549356,-98.6253882
19.12319533,-98.64012789
19.14962242,-98.63770792
19.1670708,-98.6384882
19.17232793,-98.64063012
19.19213102,-98.64990903
19.21997959,-98.64326289
19.23344217,-98.64401853
19.24461601,-98.63841051
19.25698195,-98.62653974
19.26795354,-98.63664172
19.27364271,-98.63944004
19.32401055,-98.66420726
19.34943062,-98.66102563
19.35150652,-98.64633179
19.35846185,-98.6404342
19.36708171,-98.65522645
19.37493638,-98.65717948
19.37993758,-98.6567224
19.39621675,-98.65524322
19.40356087,-98.66073584
19.41038105,-98.65851492
19.41739506,-98.66014076
19.42273896,-98.65631767
19.43197846,-98.65981137
19.43124157,-98.64985642
19.43399531,-98.65020654
19.42607832,-98.64098284
19.42926106,-98.6386164
19.42566653,-98.63713624
19.42981579,-98.6342228
19.45788698,-98.66136788
19.45829984,-98.65626513
19.46473362,-98.65335748
19.46618741,-98.64126544
19.46730801,-98.64112071
19.47136611,-98.64061677
19.47163216,-98.63994608
19.47266958,-98.63728309
19.46257943,-98.62982171
19.46644861,-98.62491476
19.46267355,-98.61861377
19.46177326,-98.60634372
19.453609,-98.59713636
19.45638288,-98.58751476
19.44211234,-98.5720496
19.44616997,-98.5703399
19.45324526,-98.55944621
19.44969504,-98.55239427
19.4542913,-98.54967177
19.4530067,-98.54065392
19.45295144,-98.52087045
19.43837646,-98.51646651
19.42416176,-98.50607682
19.41907687,-98.50369521
19.41580376,-98.51422431
19.39337749,-98.50026326
19.38893017,-98.48747558
19.39085253,-98.48596478
19.38440281,-98.47985241
19.37122504,-98.47630454
19.36541448,-98.46188651
19.34559239,-98.4540195
19.34010945,-98.45786406
19.32889664,-98.46004592
19.32332654,-98.45707895
19.32146445,-98.45148612
19.32658163,-98.44212439
19.32495506,-98.42926123
19.31946357,-98.42122022
19.29559036,-98.42369921
19.28975994,-98.41780198
19.29324906,-98.41285734
19.2868435,-98.40641758
19.28636016,-98.40020116
19.28075418,-98.40033029
19.26757487,-98.38726071
19.26444611,-98.39549212
19.25031487,-98.38278855
19.23570281,-98.36859078
19.22755952,-98.37171011
19.19596216,-98.33373957
19.1906728,-98.33830203
19.17778878,-98.34278669
19.16808892,-98.32392738
19.18204457,-98.3166016
19.17493765,-98.30756116
19.18251808,-98.29744555
19.17268161,-98.28577956
19.16263472,-98.27039775
19.16075238,-98.26206614
19.1574601,-98.24077839
19.15575175,-98.2296849
19.15533813,-98.22944846
19.15043844,-98.22952684
19.14830734,-98.22944995
19.14060361,-98.22572595
19.13864086,-98.2247722
19.13814074,-98.22433801
19.13759416,-98.22385745
19.13283829,-98.20835347
19.13990331,-98.19029431
19.13532344,-98.18832513
19.12716655,-98.19719181
19.12170832,-98.19164409
19.11496028,-98.20501209
19.11581567,-98.18576346
19.10576574,-98.16779575
19.10487357,-98.16620061
19.10771075,-98.16304948
19.12290102,-98.14621017
19.11532532,-98.14260942
19.13005064,-98.12115439
19.15134306,-98.10394238
19.16458234,-98.09944946
19.18504688,-98.06579355
19.21747138,-98.03511511
19.22664942,-98.03506971
19.2304752,-98.03169098
19.2263772,-98.02334414
19.22605164,-98.02268112
19.22435321,-98.01291477
19.22227012,-98.00096592
19.22184314,-97.99853166
19.22137264,-97.99582445
19.22097788,-97.99528994
19.21656135,-97.98935311
19.21560323,-97.98807929
19.21477623,-97.98696616
19.21477932,-97.9864009
19.21481856,-97.98344751
19.21485143,-97.98093787
19.20245655,-97.97791764
19.19444462,-97.95581305
19.19625353,-97.94926911
19.19385533,-97.94499618
19.18032771,-97.93223148
19.16326577,-97.92853823
19.17254103,-97.91433869
19.17684382,-97.90493333
19.1999737,-97.8931288
19.20719088,-97.87633592
19.21106746,-97.86732615
19.21180017,-97.8656251
19.21208947,-97.86493907
19.22226252,-97.85095301
19.24370945,-97.86076362
19.23961994,-97.87092708
19.24496772,-97.86865398
19.25387854,-97.86478642
19.25690865,-97.85367591
19.27038702,-97.8699821
19.28707196,-97.86042825
19.28707933,-97.83959344
19.28708277,-97.83840271
19.29543046,-97.83679935
19.3005022,-97.83930968
19.30127509,-97.83940298
19.30462587,-97.82028159
19.30339169,-97.81269762
19.30094241,-97.79956019
19.28819039,-97.78456837
19.28633246,-97.77710515
19.2874628,-97.77474847
19.28352984,-97.77248932
19.28586846,-97.76571436
19.29990656,-97.7566752
19.29928714,-97.75366157
19.30549157,-97.74484127
19.2974105,-97.7372336
19.28702871,-97.73834129
19.30460933,-97.71971653
19.29620405,-97.71318482
19.29451925,-97.70014716
19.28619345,-97.69007607
19.29249803,-97.67760196
19.29285277,-97.66847544
19.31064071,-97.65796959
19.30637391,-97.64638827
19.30946435,-97.6438719
19.31897007,-97.63910939
19.31615125,-97.6334575
19.32185096,-97.63185454
19.32525843,-97.62683319
19.33360576,-97.62777276
19.33785005,-97.63883621
19.35568709,-97.63131271
19.36057788,-97.6396596
19.35374226,-97.65343834
19.35782177,-97.65315525
19.36385644,-97.65971655
19.36818504,-97.674436
19.38790561,-97.68133315
19.38733961,-97.68880835
19.39228033,-97.69678984
19.3955832,-97.6978722
19.39253661,-97.70356584
19.39839081,-97.70703703
19.40356188,-97.70624338
19.40615927,-97.71152999
19.4176927,-97.71998421
19.43067498,-97.72327324
19.42885763,-97.72503581
19.43378986,-97.7475728
19.44412305,-97.7443521
19.44989948,-97.74669404
19.45086863,-97.75472874
19.45739388,-97.75468989
19.45676832,-97.77052953
19.4604093,-97.77431528
19.46720403,-97.77516017
19.4718574,-97.78112021
19.47257071,-97.79696534
19.48314023,-97.79599825
19.48398771,-97.79746309
19.48478769,-97.79885056
19.4849674,-97.80957146
19.47744151,-97.81603245
19.47136736,-97.83799733
19.46443274,-97.83995839
19.47388339,-97.84708562
19.47678745,-97.84787142
19.48196556,-97.84927599
19.48419379,-97.84987702
19.48800923,-97.8538156
19.4915634,-97.85748516
19.4872905,-97.86895117
19.49100894,-97.87134725
19.48816044,-97.87857363
19.49765822,-97.87950447
19.49507983,-97.8883454
19.50277688,-97.89573122
19.51766862,-97.88700257
19.52896653,-97.8734762
19.54202843,-97.86847084
19.54696544,-97.86867697
19.5578557,-97.86912054
19.57008855,-97.87956542
19.57960909,-97.90835992
19.59256975,-97.91563629
19.59334321,-97.91607936
19.59234187,-97.91794121
19.58863897,-97.92484603
19.58845307,-97.93984717
19.58818612,-97.94037165
19.58562794,-97.94537634
19.58895573,-97.95183866
19.60037966,-97.95698192
19.59984432,-97.96001824
19.60479759,-97.96184876
19.60598373,-97.96689316
19.62233377,-97.97320299
19.62804438,-97.97999425
19.63998279,-98.04220462
19.64837553,-98.03762053
19.66576024,-98.03540747
19.68401807,-98.03571199
19.69554918,-98.04017591
19.70299293,-98.04261771
19.7138763,-98.05318335
19.72685026,-98.05631288
19.72877912,-98.06284423
19.72578349,-98.0672372
19.71735714,-98.0691902
19.70849042,-98.06465786
19.70315156,-98.06854121
19.70095988,-98.07981906
19.70042396,-98.08258187
19.69963125,-98.08277944
19.69318075,-98.08435825
19.68974876,-98.089425
19.68840401,-98.09141636
19.68694201,-98.09132444
19.67730744,-98.09072118
19.66796231,-98.10098395
19.68160295,-98.1068352
19.68608763,-98.11412939
19.68830188,-98.11774636
19.68463605,-98.12682438
19.6832496,-98.14425023
19.6810933,-98.14857779
19.67639268,-98.14946957
19.66765627,-98.16458452
19.67254944,-98.16986325
19.67407293,-98.18100354
19.67910669,-98.18648732
19.67744189,-98.19021883
19.67145816,-98.19020483
19.6771256,-98.21048425
19.67329199,-98.21995832
19.67405998,-98.22784937
19.68055666,-98.227712
19.67676777,-98.23173883
19.6753596,-98.24073357
19.67775603,-98.24158843
19.68420439,-98.24388653
19.69426366,-98.25288108
19.71742895,-98.25515454
19.71766938,-98.25424561
19.71889846,-98.24969295
19.72210251,-98.23778312
19.74079731,-98.21632645
19.73810235,-98.21007244
19.74157813,-98.1957441
19.74957155,-98.19814629
19.752889,-98.19522364
19.75819905,-98.19871867
19.76202122,-98.1978407
19.76291123,-98.19356845
19.77375925,-98.20602877
19.77271969,-98.21956927
19.77816125,-98.21636477
19.77948559,-98.22401895
19.77424065,-98.22966478
19.77620156,-98.23341026
19.79089809,-98.24397723
19.79288152,-98.24718154
19.79514784,-98.25082834
19.79908698,-98.24916528
19.81648265,-98.25378128
19.81822575,-98.25423854
19.82254662,-98.26435648
19.83288062,-98.26572959
19.84175016,-98.26691084
19.84310568,-98.26709393
19.843345,-98.26760719
19.84778242,-98.27696719
19.84781537,-98.27756999
19.84816018,-98.28497035
19.84608838,-98.29626979
19.8454162,-98.29993188
19.84664095,-98.30181738
19.85121019,-98.30885842
19.85351808,-98.31240843
19.85473322,-98.31427765
19.8698486,-98.30423486
19.87573155,-98.29079988
19.87954022,-98.29229641
19.88551692,-98.28864159
19.88890256,-98.29100525
19.88963125,-98.29151013
19.88751937,-98.28562009
19.8963444,-98.26836067
19.89671665,-98.26764345
19.90013933,-98.26781288
19.90128323,-98.26455556
19.90404849,-98.26748482
19.91513906,-98.2689868
19.91700826,-98.25139247
19.91731006,-98.24856296
19.92462846,-98.24602339
19.9272108,-98.25547552
19.94064888,-98.24225236
19.94584243,-98.25387973
19.94861498,-98.25085185
19.94830531,-98.2215706
19.95601096,-98.22657544
19.96860534,-98.21596217
19.96847806,-98.21449585
19.9683645,-98.21321619
19.9648498,-98.21264299
19.96373044,-98.20704195
19.96267256,-98.2017318
19.96100174,-98.1933243
19.96202866,-98.18114858
19.97032843,-98.16829234
19.97481813,-98.16401935
19.98308651,-98.16429377
19.99741252,-98.17425167
20.0010756,-98.17170907
20.00201147,-98.17106144
20.01016177,-98.17168028
20.02228722,-98.16379831
20.02902938,-98.17544852
20.0346717,-98.17442563
20.04504989,-98.18103272
20.05135105,-98.17699702
20.05690621,-98.16819999
20.08237543,-98.15861685
20.08350836,-98.15858712
20.08720641,-98.15849665
20.09249025,-98.15835161
20.09331498,-98.15832822
20.0936573,-98.15716167
20.09704156,-98.14541062
20.10403816,-98.13949888
20.10682396,-98.12993824
20.1073076,-98.1282754
20.12300322,-98.12455946
20.12356226,-98.12443064
20.12325601,-98.12380324
20.1212077,-98.11960084
20.11974331,-98.1166013
20.12026684,-98.11083455
20.12033083,-98.11014615
20.12321563,-98.10733859
20.12376426,-98.10680429
20.12896398,-98.10302012
20.13742139,-98.10495192
20.13958881,-98.10352586
20.1459842,-98.09932732
20.14204851,-98.10571438
20.14775192,-98.12443699
20.14734509,-98.13730137
20.15380279,-98.13988087
20.15433635,-98.14008656
20.15437774,-98.13957394
20.15491821,-98.13265518
20.15910194,-98.13346256
20.16055098,-98.12981687
20.16545984,-98.13309608
20.16594125,-98.13027514
20.17114053,-98.1310679
20.17157822,-98.13115866
20.17470832,-98.13181608
20.17917414,-98.13274519
20.17975985,-98.13152525
20.18139607,-98.12810659
20.18556416,-98.12793935
20.19895355,-98.13940035
20.2023584,-98.1445348
20.20823406,-98.15339936
20.20931868,-98.15360634
20.21655578,-98.15499337
20.21977381,-98.15097418
20.22032631,-98.14700665
20.22061697,-98.1470224
20.22498573,-98.14725118
20.23910966,-98.15623864
20.23895269,-98.1611517
20.25362226,-98.17562391
20.25936814,-98.18552767
20.25563485,-98.19508844
20.24811444,-98.20339729
20.24616371,-98.20555443
20.24366528,-98.2083011
20.23429338,-98.21222275
20.23649481,-98.215025
20.23786239,-98.21676228
20.23651397,-98.22929096
20.23204825,-98.23465521
20.22570704,-98.2357157
20.2238822,-98.2360139
20.21797366,-98.24319275
20.21599952,-98.25397336
20.21497537,-98.25952671
20.21573193,-98.2611513
20.21857785,-98.26733292
20.22745786,-98.26586039
20.21990746,-98.27494024
20.21844136,-98.28285029
20.23236389,-98.28468297
20.24884161,-98.27602271
20.26025059,-98.28335497
20.26147838,-98.28311699
20.26468321,-98.28249308
20.27203068,-98.26769908
20.28564806,-98.26077166
20.28667051,-98.25624655
20.29693529,-98.25868099
20.30118306,-98.25399646
20.3017182,-98.25105151
20.30316279,-98.24306228
20.30404795,-98.23814123
20.30418368,-98.23739469
20.30118911,-98.23478582
20.29731417,-98.23142761
20.29551557,-98.22986248
20.29456063,-98.22903101
20.29139658,-98.21632752
20.29274044,-98.21346813
20.29348134,-98.21189468
20.29550594,-98.20760039
20.29597103,-98.20660907
20.29479879,-98.20470943
20.29160407,-98.1995593
20.29135517,-98.19505
20.29123397,-98.19274599
20.2912017,-98.19218206
20.29147867,-98.19201323
20.29446594,-98.19031872
20.29437386,-98.17798113
20.30258763,-98.18104222
20.30967523,-98.17899593
20.33664811,-98.18167451
20.33617386,-98.17579962
20.32764757,-98.1639523
20.33247865,-98.15804734
20.33011525,-98.14638886
20.33472196,-98.14525258
20.33236446,-98.13957587
20.33607739,-98.12826787
20.34023394,-98.12442196
20.34521254,-98.12755909
20.35340509,-98.11550299
20.35439791,-98.11317556
20.36179364,-98.1136195
20.36523831,-98.10607248
20.37473974,-98.10974318
20.37529593,-98.10205974
20.38107646,-98.10035857
20.38500782,-98.099069
20.38916057,-98.08979925
20.39649229,-98.08880059
20.40345418,-98.07731689
20.40959928,-98.07920266
20.41566152,-98.07435712
20.41949522,-98.07631725
20.4201293,-98.07663086
20.42413822,-98.07342763
20.43360444,-98.06584996
20.43410204,-98.06544567
20.43476904,-98.06422558
20.4375144,-98.0591816
20.44160149,-98.05165825
20.43869476,-98.04802793
20.43630375,-98.04504437
20.44002027,-98.04108557
20.44195367,-98.0390317
20.44676478,-98.03391186
20.44730827,-98.03005287
20.44750807,-98.02867054
20.44836042,-98.02136123
20.45448151,-98.01708989
20.45459338,-98.0154718
20.4547871,-98.0128237
20.45886126,-98.01492239
20.4629629,-98.01218295
20.47154275,-98.01172515
20.47556271,-98.0058732
20.48210223,-98.00891013
20.48251986,-97.99855712
20.48676739,-97.99861185
20.48486748,-97.99364452
20.48641698,-97.99322546
20.48850681,-97.99265317
20.49634353,-97.99049969
20.49770373,-97.99012711
20.50402995,-97.99710867
20.51707075,-97.9851606