338,TLAXCALA
19.60752824,-98.6470641
19.59721061,-98.63348374
19.60141094,-98.63038592
19.60116718,-98.61378282
19.60111734,-98.61074726
19.60481348,-98.60337611
19.61728932,-98.5918243
19.61911847,-98.59013067
19.63022178,-98.58366227
19.6370576,-98.57969454
19.63994799,-98.56722704
19.6402538,-98.5659229
19.63718106,-98.56074331
19.62692503,-98.56336828
19.62756132,-98.55547163
19.62523216,-98.55549241
19.62406199,-98.54988505
19.61843545,-98.54999922
19.63399958,-98.53532022
19.62632538,-98.52994096
19.61894568,-98.52476044
19.61443568,-98.52770727
19.6029124,-98.5189317
19.60296022,-98.50135474
19.60719106,-98.49420571
19.60908405,-98.49023024
19.61398637,-98.49250463
19.61969132,-98.4899084
19.61651445,-98.47802338
19.61370388,-98.46750205
19.61776155,-98.45340846
19.61371341,-98.43005615
19.61744715,-98.4127676
19.61304929,-98.39668383
19.60913536,-98.38157583
19.61162661,-98.37961545
19.62893511,-98.36615016
19.68523619,-98.3235837
19.7010433,-98.32045639
19.69670624,-98.32964331
19.7039738,-98.32876485
19.71051924,-98.33287654
19.72205262,-98.33069579
19.72697905,-98.31218521
19.72287877,-98.30130583
19.72340246,-98.29269184
19.72630875,-98.2932731
19.71682417,-98.2791647
19.72614689,-98.28112562
19.72650234,-98.28120205
19.72368263,-98.27197821
19.72127927,-98.26973453
19.71464412,-98.26353141
19.71742895,-98.25515454
19.69426366,-98.25288108
19.68420439,-98.24388653
19.67775603,-98.24158843
19.6753596,-98.24073357
19.67676777,-98.23173883
19.68055666,-98.227712
19.67405998,-98.22784937
19.67329199,-98.21995832
19.6771256,-98.21048425
19.67145816,-98.19020483
19.67744189,-98.19021883
19.67910669,-98.18648732
19.67407293,-98.18100354
19.67254944,-98.16986325
19.66765627,-98.16458452
19.67639268,-98.14946957
19.6810933,-98.14857779
19.6832496,-98.14425023
19.68463605,-98.12682438
19.68830188,-98.11774636
19.68608763,-98.11412939
19.68160295,-98.1068352
19.66796231,-98.10098395
19.67730744,-98.09072118
19.68694201,-98.09132444
19.68840401,-98.09141636
19.68974876,-98.089425
19.69318075,-98.08435825
19.69963125,-98.08277944
19.70042396,-98.08258187
19.70095988,-98.07981906
19.70315156,-98.06854121
19.70849042,-98.06465786
19.71735714,-98.0691902
19.72578349,-98.0672372
19.72877912,-98.06284423
19.72685026,-98.05631288
19.7138763,-98.05318335
19.70299293,-98.04261771
19.69554918,-98.04017591
19.68401807,-98.03571199
19.66576024,-98.03540747
19.64837553,-98.03762053
19.63998279,-98.04220462
19.62804438,-97.97999425
19.62233377,-97.97320299
19.60598373,-97.96689316
19.60479759,-97.96184876
19.59984432,-97.96001824
19.60037966,-97.95698192
19.58895573,-97.95183866
19.58562794,-97.94537634
19.58818612,-97.94037165
19.58845307,-97.93984717
19.58863897,-97.92484603
19.59234187,-97.91794121
19.59334321,-97.91607936
19.59256975,-97.91563629
19.57960909,-97.90835992
19.57008855,-97.87956542
19.5578557,-97.86912054
19.54696544,-97.86867697
19.54202843,-97.86847084
19.52896653,-97.8734762
19.51766862,-97.88700257
19.50277688,-97.89573122
19.49507983,-97.8883454
19.49765822,-97.87950447
19.48816044,-97.87857363
19.49100894,-97.87134725
19.4872905,-97.86895117
19.4915634,-97.85748516
19.48800923,-97.8538156
19.48419379,-97.84987702
19.48196556,-97.84927599
19.47678745,-97.84787142
19.47388339,-97.84708562
19.46443274,-97.83995839
19.47136736,-97.83799733
19.47744151,-97.81603245
19.4849674,-97.80957146
19.48478769,-97.79885056
19.48398771,-97.79746309
19.48314023,-97.79599825
19.47257071,-97.79696534
19.4718574,-97.78112021
19.46720403,-97.77516017
19.4604093,-97.77431528
19.45676832,-97.77052953
19.45739388,-97.75468989
19.45086863,-97.75472874
19.44989948,-97.74669404
19.44412305,-97.7443521
19.43378986,-97.7475728
19.42885763,-97.72503581
19.43067498,-97.72327324
19.4176927,-97.71998421
19.40615927,-97.71152999
19.40356188,-97.70624338
19.39839081,-97.70703703
19.39253661,-97.70356584
19.3955832,-97.6978722
19.39228033,-97.69678984
19.38733961,-97.68880835
19.38790561,-97.68133315
19.36818504,-97.674436
19.36385644,-97.65971655
19.35782177,-97.65315525
19.35374226,-97.65343834
19.36057788,-97.6396596
19.35568709,-97.63131271
19.33785005,-97.63883621
19.33360576,-97.62777276
19.32525843,-97.62683319
19.32185096,-97.63185454
19.31615125,-97.6334575
19.31897007,-97.63910939
19.30946435,-97.6438719
19.30637391,-97.64638827
19.31064071,-97.65796959
19.29285277,-97.66847544
19.29249803,-97.67760196
19.28619345,-97.69007607
19.29451925,-97.70014716
19.29620405,-97.71318482
19.30460933,-97.71971653
19.28702871,-97.73834129
19.2974105,-97.7372336
19.30549157,-97.74484127
19.29928714,-97.75366157
19.29990656,-97.7566752
19.28586846,-97.76571436
19.28352984,-97.77248932
19.2874628,-97.77474847
19.28633246,-97.77710515
19.28819039,-97.78456837
19.30094241,-97.79956019
19.30339169,-97.81269762
19.30462587,-97.82028159
19.30127509,-97.83940298
19.3005022,-97.83930968
19.29543046,-97.83679935
19.28708277,-97.83840271
19.28707933,-97.83959344
19.28707196,-97.86042825
19.27038702,-97.8699821
19.25690865,-97.85367591
19.25387854,-97.86478642
19.24496772,-97.86865398
19.23961994,-97.87092708
19.24370945,-97.86076362
19.22226252,-97.85095301
19.21208947,-97.86493907
19.21180017,-97.8656251
19.21106746,-97.86732615
19.20719088,-97.87633592
19.1999737,-97.8931288
19.17684382,-97.90493333
19.17254103,-97.91433869
19.16326577,-97.92853823
19.18032771,-97.93223148
19.19385533,-97.94499618
19.19625353,-97.94926911
19.19444462,-97.95581305
19.20245655,-97.97791764
19.21485143,-97.98093787
19.21481856,-97.98344751
19.21477932,-97.9864009
19.21477623,-97.98696616
19.21560323,-97.98807929
19.21656135,-97.98935311
19.22097788,-97.99528994
19.22137264,-97.99582445
19.22184314,-97.99853166
19.22227012,-98.00096592
19.22435321,-98.01291477
19.22605164,-98.02268112
19.2263772,-98.02334414
19.2304752,-98.03169098
19.22664942,-98.03506971
19.21747138,-98.03511511
19.18504688,-98.06579355
19.16458234,-98.09944946
19.15134306,-98.10394238
19.13005064,-98.12115439
19.11532532,-98.14260942
19.12290102,-98.14621017
19.10771075,-98.16304948
19.10487357,-98.16620061
19.10576574,-98.16779575
19.11581567,-98.18576346
19.11496028,-98.20501209
19.12170832,-98.19164409
19.12716655,-98.19719181
19.13532344,-98.18832513
19.13990331,-98.19029431
19.13283829,-98.20835347
19.13759416,-98.22385745
19.13814074,-98.22433801
19.13864086,-98.2247722
19.14060361,-98.22572595
19.14830734,-98.22944995
19.15043844,-98.22952684
19.15533813,-98.22944846
19.15575175,-98.2296849
19.1574601,-98.24077839
19.16075238,-98.26206614
19.16263472,-98.27039775
19.17268161,-98.28577956
19.18251808,-98.29744555
19.17493765,-98.30756116
19.18204457,-98.3166016
19.16808892,-98.32392738
19.17778878,-98.34278669
19.1906728,-98.33830203
19.19596216,-98.33373957
19.22755952,-98.37171011
19.23570281,-98.36859078
19.25031487,-98.38278855
19.26444611,-98.39549212
19.26757487,-98.38726071
19.28075418,-98.40033029
19.28636016,-98.40020116
19.2868435,-98.40641758
19.29324906,-98.41285734
19.28975994,-98.41780198
19.29559036,-98.42369921
19.31946357,-98.42122022
19.32495506,-98.42926123
19.32658163,-98.44212439
19.32146445,-98.45148612
19.32332654,-98.45707895
19.32889664,-98.46004592
19.34010945,-98.45786406
19.34559239,-98.4540195
19.36541448,-98.46188651
19.37122504,-98.47630454
19.38440281,-98.47985241
19.39085253,-98.48596478
19.38893017,-98.48747558
19.39337749,-98.50026326
19.41580376,-98.51422431
19.41907687,-98.50369521
19.42416176,-98.50607682
19.43837646,-98.51646651
19.45295144,-98.52087045
19.4530067,-98.54065392
19.4542913,-98.54967177
19.44969504,-98.55239427
19.45324526,-98.55944621
19.44616997,-98.5703399
19.44211234,-98.5720496
19.45638288,-98.58751476
19.453609,-98.59713636
19.46177326,-98.60634372
19.46267355,-98.61861377
19.46644861,-98.62491476
19.46257943,-98.62982171
19.47266958,-98.63728309
19.47163216,-98.63994608
19.47136611,-98.64061677
19.46730801,-98.64112071
19.46618741,-98.64126544
19.46473362,-98.65335748
19.45829984,-98.65626513
19.45788698,-98.66136788
19.4631997,-98.66596956
19.46358777,-98.66630641
19.47068334,-98.65478534
19.47851516,-98.66140615
19.48553052,-98.66101889
19.5006179,-98.67652116
19.51634404,-98.6807034
19.52965675,-98.69885227
19.54105966,-98.70388137
19.5438307,-98.70876416
19.54820367,-98.7118779
19.56551468,-98.70684063
19.57435676,-98.69417574
19.5850456,-98.69055178
19.58688267,-98.67800978
19.59948803,-98.68159439
19.59780739,-98.66616739
19.60547337,-98.66441305