2244,ZACATECAS
25.04739924,-102.6072728
24.99898566,-102.4456012
25.04291715,-102.4504996
25.11649849,-102.4589766
25.11723706,-102.4450679
25.12515791,-102.2944299
25.12497829,-102.2934378
25.10562994,-102.1892854
25.06517837,-102.0694625
25.0458842,-102.0124395
25.05984019,-102.0004072
25.07614506,-101.9863385
25.01810114,-101.8496009
24.97205915,-101.8317089
24.89082677,-101.7816432
24.8758677,-101.7724269
24.8448625,-101.6988849
24.88004481,-101.7033103
24.88011827,-101.5701435
24.8195801,-101.5702578
24.79577679,-101.5704788
24.78304445,-101.5738507
24.78144142,-101.5956938
24.77282076,-101.5959999
24.77109509,-101.5919561
24.753831,-101.5978685
24.74399358,-101.4915192
24.73661226,-101.4606883
24.74647728,-101.447649
24.7717866,-101.4121568
24.800015,-101.4381884
24.78841459,-101.4031004
24.81168387,-101.3397284
24.77767705,-101.2483876
24.76204673,-101.219936
24.74855576,-101.1867624
24.7146034,-101.1727095
24.6936582,-101.1678264
24.63436077,-101.1366595
24.62237049,-101.1250315
24.58865941,-101.0694117
24.57640564,-101.0347273
24.57819616,-101.0292503
24.57502473,-101.0112054
24.57313172,-101.0003718
24.57667826,-100.9733236
24.57328082,-100.9673506
24.55285707,-100.9656706
24.54190459,-100.9578587
24.58325005,-100.9010805
24.55568084,-100.8473742
24.5516946,-100.8082965
24.55526312,-100.7989731
24.52727118,-100.7824992
24.4596443,-100.742727
24.34310271,-100.849992
24.27048118,-100.9625352
24.20707717,-101.0650843
24.20578385,-101.0493138
24.15282883,-101.0219857
24.10401903,-101.0867213
24.10367335,-101.0975328
24.12865921,-101.0919176
24.13315544,-101.1290815
24.14323823,-101.128624
24.15762217,-101.150956
24.16414555,-101.1723182
24.15984245,-101.2162876
24.04477643,-101.2045
24.04163995,-101.1353222
24.0244511,-101.128036
24.00565637,-101.2003572
24.00094267,-101.1999288
24.00093359,-101.1999289
23.91892888,-101.1925286
23.83934816,-101.2934826
23.84778184,-101.2974731
23.81818171,-101.342198
23.80660777,-101.3446015
23.79739391,-101.3404738
23.79521731,-101.3431511
23.73568233,-101.4165942
23.68878839,-101.4743574
23.60138169,-101.5831634
23.55759509,-101.6375772
23.56631107,-101.6496393
23.56776116,-101.6566592
23.57234285,-101.6593978
23.56712904,-101.666569
23.54813625,-101.6500051
23.44217413,-101.78244
23.43847677,-101.8158118
23.4787029,-101.7994
23.48923137,-101.81157
23.5186005,-101.810967
23.53020715,-101.8301705
23.52935642,-101.8412954
23.54087081,-101.8438049
23.50973947,-101.8981961
23.47548731,-101.9170113
23.46204747,-101.9288673
23.45918282,-101.9388698
23.41248642,-101.9537929
23.37195809,-101.952976
23.37281862,-102.0004019
23.3728277,-102.0003945
23.37299085,-102.0091916
23.35358619,-102.1230476
23.36082471,-102.1685968
23.39850224,-102.1684665
23.40148103,-102.191203
23.42423557,-102.1961551
23.44758056,-102.1935452
23.44695597,-102.2379959
23.3756386,-102.2513316
23.36485866,-102.2533529
23.33815076,-102.2734342
23.33763256,-102.2738313
23.32780598,-102.2856725
23.32025507,-102.303365
23.29911735,-102.2751659
23.29176231,-102.2653625
23.27234447,-102.2746324
23.27292451,-102.2852606
23.23152623,-102.2891895
23.20946744,-102.239383
23.16949948,-102.2408709
23.14091185,-102.2211866
23.10703642,-102.2347287
23.10618914,-102.230632
23.07698217,-102.248195
23.07531069,-102.2311965
23.06342087,-102.22874
23.04051169,-102.2367349
23.02518249,-102.2333248
23.00658709,-102.2627293
22.98782032,-102.2630575
22.97509755,-102.2595404
22.97207346,-102.2489647
22.92982718,-102.2327223
22.90329014,-102.2440976
22.89043493,-102.1921776
22.868166,-102.2050876
22.86425975,-102.2135254
22.86666035,-102.217333
22.85561901,-102.2308523
22.85577724,-102.2155702
22.81262725,-102.1935819
22.79386015,-102.1794825
22.7999631,-102.1324916
22.81579588,-102.0808471
22.79988056,-102.0810908
22.80324548,-102.0872021
22.78515397,-102.098067
22.77649306,-102.0976323
22.77050434,-102.0922911
22.76508377,-102.0931684
22.7637763,-102.0933816
22.75653421,-102.0886521
22.74110014,-102.0889183
22.7465889,-102.0793894
22.74818428,-102.0652974
22.74548974,-102.0607348
22.73818934,-102.0634133
22.73266862,-102.0654342
22.71109822,-102.0354891
22.72505237,-102.0349239
22.72701231,-102.039342
22.73365832,-102.037915
22.73505732,-102.0341534
22.73566702,-102.0269744
22.72118867,-102.005314
22.71934578,-102.0003767
22.71932762,-102.0004
22.71257203,-101.9823488
22.71862434,-101.963885
22.70266192,-101.9561102
22.6963013,-101.939745
22.66844303,-101.9518379
22.66687106,-101.9476797
22.66364502,-101.9391729
22.65022044,-101.9466494
22.64573643,-101.9491441
22.64239824,-101.8992543
22.65058664,-101.8984301
22.65535496,-101.8553837
22.58419832,-101.8672256
22.56378608,-101.8736791
22.54889957,-101.8656078
22.56188636,-101.8507456
22.56203741,-101.8473878
22.55606673,-101.8413529
22.55365116,-101.8406887
22.54078803,-101.8606097
22.53078784,-101.8554224
22.5332068,-101.8501804
22.51115858,-101.8356537
22.51340464,-101.8306639
22.51171311,-101.8280083
22.5032111,-101.8320826
22.48618537,-101.8287264
22.47490562,-101.8169993
22.46879877,-101.7975206
22.46492068,-101.7829715
22.48477719,-101.7780424
22.48765395,-101.771077
22.48131799,-101.7427484
22.50232604,-101.7430986
22.50304276,-101.7269553
22.4868565,-101.7324714
22.50541749,-101.7148006
22.50145579,-101.6805738
22.50880743,-101.6796512
22.50598001,-101.6734023
22.50704266,-101.6651471
22.50057536,-101.6594257
22.50299451,-101.6572578
22.5151007,-101.6552443
22.52396701,-101.6457377
22.55495776,-101.6288691
22.56706167,-101.6222848
22.57455478,-101.6090163
22.58395056,-101.6016918
22.58819,-101.5843658
22.58827078,-101.5840221
22.59093375,-101.5851137
22.59643902,-101.5797422
22.6121651,-101.573806
22.63340075,-101.5740497
22.6343442,-101.5737839
22.65695053,-101.56739
22.67646216,-101.5365816
22.70182992,-101.4964955
22.74603505,-101.4910865
22.74914834,-101.4139516
22.73523554,-101.3871558
22.71094008,-101.349267
22.6756399,-101.3797394
22.67320636,-101.3773747
22.65328717,-101.3595064
22.65823461,-101.3357395
22.64248335,-101.3337176
22.63701209,-101.3260882
22.6304945,-101.3263021
22.60288562,-101.3036655
22.58355347,-101.2968522
22.583947,-101.293564
22.55926084,-101.2873523
22.53421135,-101.2949137
22.52770127,-101.2947539
22.51328429,-101.2868031
22.50485464,-101.3056714
22.4863657,-101.3065639
22.46386028,-101.3167723
22.45423339,-101.3283307
22.4563607,-101.374383
22.42998561,-101.3738109
22.35626536,-101.3817233
22.36348105,-101.4308415
22.33716749,-101.434435
22.31007882,-101.4103491
22.3088855,-101.4092812
22.30422154,-101.4051299
22.29962983,-101.3916413
22.29198737,-101.3989119
22.29103771,-101.3998198
22.28282388,-101.3979583
22.27880928,-101.4044287
22.28111282,-101.4085482
22.27229253,-101.4118523
22.26744746,-101.4173147
22.26544676,-101.3905877
22.26305683,-101.3899781
22.25700468,-101.3815929
22.25994962,-101.3779915
22.25277043,-101.3716519
22.25252933,-101.3659821
22.23922195,-101.3596266
22.22412507,-101.3444595
22.21358923,-101.3410563
22.21068514,-101.3370211
22.2057716,-101.3406903
22.19358337,-101.3372412
22.176413,-101.3511813
22.14909792,-101.340484
22.14300552,-101.3380804
22.14401421,-101.32785
22.08632652,-101.3512947
22.06971659,-101.3539196
22.05281097,-101.3466786
22.0406272,-101.3613737
22.04485016,-101.3773503
22.04200244,-101.3779916
22.04114429,-101.37455
22.03348091,-101.3762824
22.03244676,-101.3697664
22.02738632,-101.3709257
22.02868962,-101.3789139
22.02028277,-101.3808672
22.01906047,-101.3726807
22.02618761,-101.3641808
22.03354186,-101.3623654
22.03019897,-101.3552546
22.04335451,-101.3515008
22.03582513,-101.3314353
22.02503786,-101.3327622
22.0170208,-101.3281926
22.01460251,-101.3399122
22.0246617,-101.3381418
22.02765789,-101.34893
22.01247819,-101.3526763
22.01373536,-101.3451611
22.00537637,-101.3454502
22.00529625,-101.3268875
21.99655757,-101.3275216
21.99501214,-101.3610452
21.99150366,-101.3621132
21.99042249,-101.3729099
21.96201001,-101.4000101
21.9481438,-101.4056257
21.93432635,-101.4290172
21.9329937,-101.429468
21.93181518,-101.4298719
21.91843292,-101.4122863
21.90855062,-101.4105837
21.89720246,-101.4342126
21.91078571,-101.4402943
21.90629744,-101.4466417
21.89317219,-101.4416287
21.88577455,-101.451723
21.8797295,-101.4672494
21.87224711,-101.4663712
21.86764021,-101.4835149
21.85976194,-101.4809443
21.85327871,-101.4883444
21.84165417,-101.4864602
21.83017378,-101.5035276
21.81009102,-101.4963558
21.7995257,-101.5103413
21.81819835,-101.5225258
21.81380767,-101.5291864
21.80931833,-101.5274004
21.81076509,-101.5375174
21.8340506,-101.5479704
21.83666768,-101.5615285
21.84040805,-101.5617945
21.84226157,-101.5656482
21.85624953,-101.5626955
21.89592558,-101.5695396
21.91713112,-101.5701803
21.91535352,-101.5906735
21.90956837,-101.5929162
21.91041659,-101.5979062
21.91926583,-101.6117162
21.92987074,-101.6165145
21.91788174,-101.6208631
21.91077532,-101.6286456
21.90742116,-101.6498099
21.92077296,-101.6496351
21.923877,-101.6535109
21.94160184,-101.6604921
21.94367464,-101.6661142
21.96212527,-101.6817788
21.972452,-101.7076807
21.980882,-101.7110686
21.99298724,-101.7289601
22.00132813,-101.7283567
22.01457386,-101.7510021
22.00895064,-101.7596457
22.00733492,-101.7777737
22.01640373,-101.7782089
22.02360323,-101.7854718
22.02498726,-101.8022037
22.02527204,-101.8048513
22.03622837,-101.804867
22.04065844,-101.8450364
22.04377799,-101.8511402
22.04068678,-101.8555045
22.06103973,-101.8782028
22.05878988,-101.8921569
22.07119441,-101.9142067
22.08371639,-101.9220732
22.0922682,-101.9237132
22.09450381,-101.9290461
22.1006826,-101.9437712
22.10555701,-101.9431835
22.10287711,-101.9674608
22.10772457,-101.9677434
22.11128301,-101.9679495
22.12089893,-101.9870389
22.12252436,-102.0003983
22.12254251,-102.0003751
22.12325044,-102.0062268
22.12972993,-102.0250192
22.13977917,-102.0228677
22.15511175,-102.0195789
22.15536948,-102.0456798
22.16138882,-102.042735
22.15897553,-102.0374475
22.16842686,-102.0308631
22.16796697,-102.0019468
22.20469551,-102.0023287
22.20755503,-102.0003754
22.21060516,-101.9983
22.22825246,-101.9987581
22.23326344,-102.0003986
22.2332816,-102.0003754
22.24158782,-102.0030997
22.24193116,-102.0225707
22.26786565,-102.0291999
22.28183666,-102.0290396
22.2989015,-102.0373648
22.29112698,-102.0505171
22.29295897,-102.0556526
22.29368446,-102.0576966
22.29995777,-102.056614
22.30575939,-102.0759626
22.29073895,-102.0862235
22.28537306,-102.1023528
22.28748173,-102.1236086
22.29032372,-102.153288
22.34701224,-102.1481076
22.3509179,-102.1802737
22.3626508,-102.1768796
22.36261564,-102.1911306
22.36249758,-102.2119977
22.36771727,-102.212189
22.3748393,-102.2279595
22.37447495,-102.252076
22.37792952,-102.2546473
22.38058782,-102.2500852
22.38682566,-102.2494062
22.38703237,-102.2506952
22.38775125,-102.2551895
22.39906863,-102.2624991
22.40680379,-102.2674961
22.40854881,-102.2715551
22.40935347,-102.2734241
22.41320547,-102.2718368
22.41350498,-102.2769793
22.41379568,-102.2818851
22.41662107,-102.2857076
22.41872193,-102.2885535
22.41954597,-102.2896672
22.41983574,-102.2900572
22.45949252,-102.2982051
22.45717769,-102.311908
22.4405909,-102.3122208
22.43824676,-102.3131748
22.41927537,-102.3208953
22.38897081,-102.3215216
22.38841685,-102.3625454
22.38432006,-102.3597375
22.35815663,-102.3787121
22.36472944,-102.3895623
22.3615577,-102.4049959
22.35198715,-102.4515291
22.35160065,-102.4684896
22.33960314,-102.4702137
22.33323523,-102.4685885
22.33266375,-102.4684438
22.33190467,-102.4612642
22.32782909,-102.4610964
22.32666725,-102.4610436
22.32362647,-102.4609136
22.32319079,-102.4608901
22.32309733,-102.4617838
22.32263073,-102.4660022
22.31571859,-102.4672233
22.31233971,-102.4678261
22.30571316,-102.4736248
22.30295896,-102.4892878
22.30394419,-102.5046923
22.29210099,-102.5118334
22.29185282,-102.6168016
22.29185961,-102.6173736
22.29217347,-102.664158
22.29221066,-102.6702466
22.28207861,-102.670453
22.24599037,-102.6711543
22.22622996,-102.6385756
22.20937592,-102.6528663
22.17551518,-102.6698572
22.1602071,-102.6705284
22.15841005,-102.6683621
22.14461461,-102.676052
22.14699983,-102.6806756
22.1423151,-102.6828661
22.11735767,-102.6916394
22.10728285,-102.691334
22.0998224,-102.6970719
22.09852648,-102.706548
22.07821746,-102.7474196
21.99386027,-102.8068073
21.95584957,-102.8230059
21.94052788,-102.8346783
21.94228158,-102.8376847
21.93990095,-102.8397909
21.91394892,-102.8465042
21.9126632,-102.8442685
21.89388811,-102.8547977
21.88135213,-102.8581701
21.87990993,-102.8612292
21.87486342,-102.8595581
21.86403966,-102.863518
21.85810778,-102.8723768
21.84977347,-102.8742756
21.84282389,-102.8640678
21.83379482,-102.8587877
21.83342698,-102.8465651
21.82542639,-102.8505634
21.82160585,-102.8471368
21.79897853,-102.8535238
21.79934098,-102.8470762
21.80402991,-102.8428037
21.7975709,-102.8404924
21.79787352,-102.8315879
21.77883628,-102.820434
21.77440046,-102.8216385
21.76977692,-102.8189076
21.7664653,-102.8169549
21.76424055,-102.8068457
21.7552535,-102.7931575
21.74345327,-102.7827057
21.74292998,-102.7785167
21.74017906,-102.7804546
21.73489777,-102.77664
21.73812858,-102.7731225
21.7202189,-102.7460072
21.68707005,-102.766721
21.67554513,-102.7860853
21.67627515,-102.7958886
21.66999055,-102.7983843
21.6709616,-102.8053497
21.66850148,-102.8037098
21.65812379,-102.7744198
21.64635957,-102.7836741
21.63815548,-102.778196
21.62191108,-102.7760828
21.60323754,-102.7679341
21.59821146,-102.7657291
21.59612855,-102.7648207
21.58643013,-102.7381479
21.5917814,-102.7350889
21.59318419,-102.7302202
21.5896321,-102.7252082
21.57428329,-102.7197837
21.57149192,-102.7150605
21.57180695,-102.6959029
21.56268195,-102.6927594
21.55113442,-102.6974898
21.54264429,-102.6964671
21.54466275,-102.6896312
21.53956237,-102.6649575
21.5342019,-102.6600203
21.53579621,-102.6458066
21.53359904,-102.6307611
21.52762402,-102.6315696
21.51878656,-102.6419919
21.50835384,-102.6300824
21.50052707,-102.6265727
21.49690978,-102.6322796
21.49070911,-102.6328141
21.48312712,-102.6381767
21.48198976,-102.6345146
21.47866637,-102.6349571
21.47695719,-102.6400466
21.48053388,-102.6398018
21.47608453,-102.6425561
21.47482909,-102.6475918
21.47445042,-102.6491486
21.47310783,-102.6490185
21.46259381,-102.6480272
21.46094198,-102.6437548
21.46464618,-102.6368795
21.46227929,-102.6364598
21.44861797,-102.6458902
21.44779143,-102.6503465
21.44745717,-102.6521237
21.4471786,-102.6536043
21.44703002,-102.6543972
21.44210861,-102.6507661
21.44168341,-102.6504527
21.44033292,-102.6543137
21.44005727,-102.6551072
21.43720253,-102.652063
21.43677794,-102.6516054
21.43368158,-102.6541456
21.43290746,-102.6547864
21.42801581,-102.6527041
21.42686536,-102.6522151
21.42193185,-102.6535662
21.42222823,-102.6564122
21.42232416,-102.6573201
21.4125437,-102.6525127
21.41187355,-102.6521847
21.41107239,-102.6591427
21.41097822,-102.6599369
21.40693693,-102.6521462
21.40679296,-102.6518572
21.40609155,-102.6524752
21.40529904,-102.6531764
21.40237496,-102.6557556
21.40058628,-102.6517193
21.39963341,-102.6495828
21.39603002,-102.6475923
21.39359445,-102.6462724
21.39344396,-102.6410537
21.39301787,-102.6387794
21.38917036,-102.6408928
21.38772413,-102.6416865
21.38605404,-102.6417633
21.36735614,-102.6426634
21.33905447,-102.6819788
21.34308885,-102.68487
21.34107305,-102.6952081
21.34457851,-102.7006021
21.35614572,-102.699282
21.36388187,-102.7022734
21.38090847,-102.7135653
21.38148171,-102.7209889
21.38695444,-102.7247111
21.38716854,-102.7293123
21.37412688,-102.7295406
21.36879519,-102.7324399
21.35741899,-102.7278854
21.34605708,-102.7411997
21.34578393,-102.7506981
21.33941443,-102.7578774
21.33627808,-102.7590062
21.33488724,-102.7594948
21.33243608,-102.7560305
21.33185029,-102.7552075
21.32276775,-102.7586479
21.31463712,-102.771321
21.32802107,-102.7840321
21.32794455,-102.7900897
21.30690105,-102.7987491
21.32007741,-102.8056538
21.32179251,-102.8125209
21.3158026,-102.8177614
21.2948171,-102.8153353
21.30318198,-102.837515
21.30164388,-102.839994
21.29827636,-102.8401545
21.29338263,-102.8488444
21.28958252,-102.8501033
21.28166368,-102.8511715
21.27735956,-102.8451369
21.27134626,-102.8576421
21.26189423,-102.8634857
21.25586468,-102.8626242
21.25380852,-102.8635778
21.25273491,-102.8640815
21.25477948,-102.8731683
21.24741827,-102.8719239
21.23728273,-102.8766237
21.24124235,-102.8839414
21.23570916,-102.8867179
21.23723011,-102.8920052
21.23320579,-102.8927685
21.23705609,-102.8984827
21.23616916,-102.9027099
21.22797671,-102.9024505
21.22153537,-102.9098892
21.20499522,-102.9110945
21.20952147,-102.9204717
21.2145516,-102.9481897
21.23434705,-102.9488919
21.23169581,-102.9520658
21.23357488,-102.9592145
21.24150924,-102.9687432
21.23983722,-102.97909
21.24651105,-102.9798452
21.24903578,-102.9865812
21.25515834,-102.9883903
21.25912296,-102.9955236
21.25993128,-103.0009784
21.25583569,-103.0097302
21.24480402,-103.013438
21.24124269,-103.0195343
21.25046978,-103.0305895
21.24973327,-103.0455207
21.25709127,-103.049686
21.26458945,-103.0479621
21.25601899,-103.0656546
21.24759544,-103.0568654
21.23568424,-103.0681418
21.21564548,-103.0776102
21.2125761,-103.0779388
21.20989426,-103.0695989
21.19515393,-103.08434
21.18226153,-103.0840873
21.16780967,-103.0759622
21.16351669,-103.077397
21.15262238,-103.0717504
21.13918491,-103.0793723
21.13583048,-103.0917478
21.1304268,-103.0987518
21.12806624,-103.0976832
21.11596469,-103.0922358
21.11574425,-103.0875211
21.11103203,-103.0853919
21.10962571,-103.0763975
21.09772943,-103.0752292
21.10327995,-103.0507998
21.08017157,-103.0701561
21.06588449,-103.0889247
21.06215403,-103.1055336
21.06805605,-103.1149261
21.06826272,-103.1251044
21.06326076,-103.121747
21.05343934,-103.1272326
21.05938647,-103.1389142
21.06465004,-103.1424229
21.06523437,-103.1504039
21.06839603,-103.1522651
21.07130111,-103.1616427
21.06989575,-103.1650828
21.06912851,-103.166937
21.07225148,-103.1750021
21.07467134,-103.1812428
21.0707419,-103.1883461
21.07397846,-103.1875216
21.0748058,-103.1873077
21.07517478,-103.1876977
21.07935155,-103.1919773
21.08495451,-103.1890553
21.08523697,-103.1889031
21.08584877,-103.2011711
21.08765833,-103.2029794
21.09407887,-103.2091751
21.08541552,-103.220352
21.08518564,-103.2241361
21.08496553,-103.2278212
21.07864737,-103.2338262
21.07897933,-103.2376564
21.07908684,-103.2389455
21.08013182,-103.239876
21.08219448,-103.2417452
21.08335647,-103.2427903
21.08386987,-103.2432555
21.08156012,-103.2505502
21.08086173,-103.2527322
21.08275641,-103.2540441
21.0846059,-103.2553338
21.08406736,-103.2557228
21.08068976,-103.2582024
21.07578759,-103.2618036
21.07537298,-103.2614674
21.07046083,-103.2574773
21.06325809,-103.2616886
21.06291166,-103.2618871
21.06039279,-103.2691276
21.05378556,-103.2737061
21.05150392,-103.2752998
21.05275588,-103.2764063
21.05476444,-103.2781761
21.05623261,-103.2794659
21.05663791,-103.279825
21.0573425,-103.2812815
21.06385354,-103.2946336
21.06468294,-103.2963356
21.06423628,-103.296579
21.05482022,-103.3016608
21.05665131,-103.3050555
21.05761598,-103.306841
21.05674923,-103.3095185
21.05421363,-103.3173847
21.05495347,-103.327303
21.05499413,-103.3278446
21.05322581,-103.3308586
21.05176145,-103.3333463
21.04763139,-103.3335374
21.04480845,-103.3336665
21.04314735,-103.333743
21.04236723,-103.3389084
21.04528608,-103.3423263
21.04617515,-103.3433717
21.04581775,-103.3448059
21.04453936,-103.3498419
21.05093318,-103.3604003
21.05101973,-103.3618885
21.05121639,-103.3652686
21.05142172,-103.3686862
21.0572618,-103.3690453
21.06470732,-103.3755299
21.06569765,-103.3763919
21.06580976,-103.3770407
21.06694645,-103.3837936
21.06714457,-103.3849605
21.06720456,-103.385349
21.07622402,-103.38731
21.07928479,-103.387982
21.08058018,-103.3961839
21.08473033,-103.3977859
21.08616521,-103.3956642
21.08705732,-103.3943525
21.08948378,-103.3959246
21.09014219,-103.3963592
21.09116571,-103.3935745
21.09138904,-103.392964
21.09364769,-103.3960234
21.09841207,-103.3959471
21.09860423,-103.3967637
21.09954007,-103.4005939
21.1021087,-103.4005094
21.12082831,-103.4220859
21.13808966,-103.416898
21.14011637,-103.4272817
21.14637707,-103.4282888
21.1419216,-103.4350869
21.1443763,-103.4499721
21.1420393,-103.4581284
21.14470448,-103.4678791
21.14337784,-103.4690157
21.13704664,-103.4744171
21.1276681,-103.5028986
21.13772543,-103.5090027
21.14629217,-103.5098338
21.14403916,-103.5128553
21.14247587,-103.5149463
21.14226385,-103.5198513
21.1420762,-103.5241171
21.14182955,-103.5297326
21.13401531,-103.5298843
21.1263355,-103.5410469
21.12541682,-103.548448
21.12519919,-103.5502249
21.12166868,-103.5538724
21.12098084,-103.5545898
21.11673906,-103.5541165
21.11982028,-103.5571754
21.11891287,-103.5616242
21.11800135,-103.5655761
21.12066119,-103.5672317
21.11983123,-103.5676439
21.1169677,-103.5690394
21.12118326,-103.5738236
21.12740753,-103.5809043
21.12730719,-103.5888311
21.13196991,-103.5950566
21.15145395,-103.6018083
21.15648971,-103.6139248
21.1786479,-103.6114454
21.19167345,-103.622234
21.1939111,-103.6294127
21.1921333,-103.6318924
21.19971768,-103.6371565
21.21537162,-103.6606784
21.21611226,-103.6668365
21.21798005,-103.6636466
21.22407712,-103.6629067
21.22198587,-103.6397515
21.241654,-103.6360349
21.25396874,-103.6419252
21.27563019,-103.6368442
21.27740683,-103.6395756
21.28269391,-103.6339686
21.28384572,-103.646732
21.2803509,-103.6577499
21.29048655,-103.6653635
21.28196555,-103.6744816
21.28530229,-103.6904196
21.27994412,-103.7038698
21.27403196,-103.7115839
21.26702016,-103.7137431
21.26651017,-103.7139036
21.26810291,-103.7151087
21.27089232,-103.7172294
21.27553526,-103.7207621
21.27704716,-103.7210828
21.28452509,-103.722677
21.30876467,-103.7210375
21.31286672,-103.7121257
21.31805248,-103.7109654
21.3203293,-103.7053661
21.32494235,-103.7075482
21.32577805,-103.7034049
21.32256843,-103.6941426
21.3209241,-103.6893737
21.31872526,-103.6830266
21.32076798,-103.6763355
21.32236088,-103.6725818
21.32581252,-103.6706356
21.3334641,-103.6663562
21.33670563,-103.6645318
21.33809334,-103.6637693
21.33773333,-103.6492353
21.33812727,-103.6488914
21.34151044,-103.6499064
21.34167154,-103.6492727
21.34217356,-103.6473197
21.34478683,-103.6372036
21.34005633,-103.6348756
21.34546154,-103.6292528
21.34429475,-103.620334
21.34441612,-103.6200134
21.34631528,-103.6172065
21.35333232,-103.6170234
21.34873397,-103.6115977
21.34858105,-103.6106066
21.34687198,-103.599635
21.34201807,-103.5986436
21.3420363,-103.597766
21.34213154,-103.5929819
21.34270828,-103.5890075
21.33315578,-103.5807741
21.3303763,-103.5783793
21.33284197,-103.5768839
21.33170981,-103.574023
21.34007943,-103.5675984
21.35260764,-103.5689264
21.35252336,-103.5674082
21.35205663,-103.5624634
21.34793328,-103.5583287
21.353125,-103.5421238
21.35217036,-103.5232625
21.35682651,-103.5204623
21.35471055,-103.5114448
21.36616098,-103.5116886
21.37674191,-103.5043943
21.38101338,-103.5083858
21.39281759,-103.509583
21.40179689,-103.522035
21.40593534,-103.5220274
21.42113529,-103.5339903
21.43169536,-103.5379882
21.44507734,-103.5384311
21.43818056,-103.5428789
21.44033993,-103.5492337
21.43617301,-103.5529418
21.43794402,-103.5546054
21.4358603,-103.5587106
21.43159763,-103.5611062
21.43806182,-103.5653169
21.43971688,-103.5711996
21.43350732,-103.5775633
21.42865989,-103.575907
21.42735471,-103.5810264
21.42718441,-103.5816981
21.4264077,-103.5813315
21.42487227,-103.5806143
21.42019262,-103.5802939
21.41382919,-103.5839564
21.4082143,-103.5871913
21.39314244,-103.5869624
21.39209901,-103.5869391
21.39371656,-103.5928524
21.39049112,-103.5949508
21.39379519,-103.6009775
21.39805839,-103.6003221
21.40731054,-103.6103018
21.40788298,-103.6162676
21.41182099,-103.6163368
21.41083321,-103.6204948
21.41386137,-103.6250647
21.41677701,-103.6231264
21.41835902,-103.6254232
21.4229235,-103.6246146
21.42346312,-103.6199372
21.42956901,-103.6269716
21.43475019,-103.6270635
21.43947543,-103.6350296
21.43926458,-103.6496172
21.43512014,-103.651013
21.44210402,-103.6614883
21.45539376,-103.665395
21.46422549,-103.6594437
21.46369603,-103.6863227
21.46752032,-103.7007956
21.47853549,-103.6945015
21.48864338,-103.6947382
21.49575882,-103.691458
21.50135323,-103.686186
21.50672364,-103.6723385
21.51093911,-103.6752752
21.51137271,-103.6796088
21.52054551,-103.6815398
21.52111047,-103.6871169
21.52630323,-103.6894738
21.52699863,-103.6897869
21.52739124,-103.6912214
21.52778392,-103.6926474
21.52828126,-103.6944567
21.53320876,-103.6937089
21.5345422,-103.6871924
21.55169909,-103.6893898
21.55627935,-103.686384
21.55839619,-103.6828899
21.55545012,-103.6759244
21.55802408,-103.6696064
21.55473202,-103.6584978
21.5653088,-103.6607329
21.57608243,-103.6447195
21.57694027,-103.643437
21.57448902,-103.6358614
21.57417254,-103.6348993
21.57219542,-103.6287888
21.56814303,-103.6249275
21.56465677,-103.6215937
21.55691497,-103.6198616
21.55931713,-103.5941734
21.56555754,-103.5971717
21.58230782,-103.5949743
21.59028835,-103.5894879
21.58919231,-103.582256
21.58469018,-103.5796458
21.5813238,-103.5662864
21.57622223,-103.5592366
21.57713723,-103.554934
21.58393312,-103.5524618
21.58805939,-103.545611
21.59634293,-103.5504097
21.61564196,-103.5510272
21.62416924,-103.5550559
21.63720155,-103.5551937
21.65109454,-103.547419
21.663153,-103.542429
21.67607413,-103.5273913
21.68752115,-103.5272462
21.71187162,-103.5183203
21.71383584,-103.5105913
21.73956725,-103.5088666
21.77265198,-103.5281852
21.77074299,-103.5402776
21.77264849,-103.5475647
21.7796281,-103.5539124
21.77958663,-103.5606868
21.78378407,-103.5620914
21.78520451,-103.562549
21.78483306,-103.5660433
21.78926367,-103.5694992
21.79176454,-103.5690413
21.79734828,-103.5680194
21.79766325,-103.5682867
21.80138855,-103.5714759
21.80351208,-103.573299
21.80437441,-103.5653035
21.80121729,-103.5553086
21.8048326,-103.5279182
21.80982866,-103.5266362
21.81803892,-103.5325575
21.82777835,-103.5096759
21.8336391,-103.5035113
21.82307607,-103.4948598
21.81735224,-103.4832316
21.81377638,-103.4831787
21.81394892,-103.4756325
21.81404591,-103.4711997
21.82711815,-103.4758007
21.8378569,-103.4719632
21.83971633,-103.4654623
21.83258701,-103.4563148
21.83895491,-103.4577185
21.84520907,-103.4529275
21.84879327,-103.4501807
21.85346786,-103.4521189
21.85539469,-103.4499362
21.86518478,-103.4387972
21.88286074,-103.4297709
21.89078654,-103.4257195
21.89409592,-103.4212344
21.89683514,-103.4175333
21.89847623,-103.4167555
21.90556015,-103.4134065
21.90630763,-103.4120781
21.90788527,-103.4093091
21.89734474,-103.3955758
21.89841177,-103.3890141
21.90508252,-103.3901363
21.91345252,-103.3759367
21.91396591,-103.3445951
21.92164899,-103.3421004
21.93081562,-103.344351
21.93324191,-103.3409324
21.94248443,-103.3407344
21.94344227,-103.3318386
21.95630683,-103.3189905
21.95948007,-103.3098878
21.96749037,-103.3083545
21.99052381,-103.2776762
21.97924136,-103.27319
21.97499483,-103.2663845
21.96920679,-103.2571222
21.9667535,-103.2451426
21.97134285,-103.2422511
21.9761198,-103.247585
21.97765411,-103.2453183
21.97522595,-103.2334856
21.96792637,-103.2211405
21.96539452,-103.2060944
21.96793275,-103.2042183
21.96999891,-103.1918507
21.97869008,-103.1924987
21.98556985,-103.1984583
21.99056462,-103.1946815
21.99241333,-103.2009067
21.99853451,-103.2016929
22.00001721,-103.197809
22.00046196,-103.1966498
21.99953344,-103.1946509
21.99784584,-103.1910342
21.99731539,-103.1702661
21.99673658,-103.1652007
22.00340984,-103.1602262
22.00367698,-103.1512535
22.0058568,-103.1474466
22.00756755,-103.1444485
22.00622112,-103.141182
22.00311789,-103.1336443
22.00410624,-103.1325613
22.01486725,-103.1208425
22.01474644,-103.1112209
22.02905404,-103.109771
22.03939197,-103.1149906
22.0384177,-103.1091234
22.04703926,-103.1069029
22.04666789,-103.1004635
22.05071187,-103.1011114
22.06582936,-103.0993953
22.06861851,-103.1054077
22.07700668,-103.1116556
22.07658323,-103.1187291
22.06892434,-103.1233446
22.07240363,-103.1329049
22.06535863,-103.1403733
22.07350646,-103.1555035
22.08810996,-103.1534284
22.08725493,-103.1451503
22.08720405,-103.1446689
22.0919833,-103.1367346
22.09581862,-103.1361243
22.09727276,-103.1358956
22.0995898,-103.133133
22.10477326,-103.1269459
22.1009481,-103.1036148
22.10733493,-103.1016303
22.11497041,-103.0874402
22.13321686,-103.0732107
22.13408901,-103.0744162
22.13729859,-103.0788792
22.13543934,-103.0812222
22.13797499,-103.0898198
22.13932634,-103.0912779
22.14223602,-103.0944442
22.14219689,-103.0948409
22.14103639,-103.1098485
22.14086654,-103.1119994
22.14782931,-103.1157616
22.15578307,-103.1155551
22.16090288,-103.1118092
22.15895055,-103.1068495
22.16341925,-103.1090465
22.17905597,-103.1021036
22.19264742,-103.1069338
22.19719483,-103.0956037
22.20454437,-103.0884401
22.19999599,-103.0781549
22.20375639,-103.072654
22.21104118,-103.0707468
22.21712463,-103.0600806
22.21233636,-103.0540686
22.21411182,-103.0479794
22.21771586,-103.0479723
22.22376349,-103.0596762
22.23067281,-103.0634985
22.23877404,-103.0577074
22.2457682,-103.0584478
22.25460382,-103.0685947
22.25575548,-103.0753015
22.25615665,-103.0776515
22.26451374,-103.0833892
22.27764281,-103.0831068
22.2861768,-103.0907666
22.2891406,-103.10038
22.29337738,-103.0994955
22.29442194,-103.10196
22.29343865,-103.1262136
22.29609908,-103.1311041
22.2944376,-103.1409771
22.2961816,-103.1590972
22.29882282,-103.1866096
22.2902381,-103.1979091
22.28235217,-103.2010073
22.27796547,-103.2151445
22.28196995,-103.2207679
22.28260743,-103.2216602
22.28880485,-103.2186087
22.28986204,-103.2180891
22.29626762,-103.2197073
22.29672064,-103.2198212
22.30457247,-103.2153429
22.31506872,-103.2093611
22.31823678,-103.2117108
22.33277639,-103.2075919
22.33445305,-103.2033109
22.33209584,-103.1935606
22.35402736,-103.1689327
22.36233846,-103.1707563
22.37077023,-103.1674444
22.37953284,-103.1743726
22.38048403,-103.1710608
22.38445631,-103.170405
22.38952808,-103.1862598
22.39059195,-103.1895775
22.3813381,-103.1981537
22.40062003,-103.2052565
22.4041699,-103.2040742
22.41021159,-103.2139318
22.40970439,-103.2218286
22.39420168,-103.2327991
22.39574405,-103.2340582
22.39706072,-103.2351577
22.39915201,-103.2505309
22.41198157,-103.2614943
22.40989296,-103.2737101
22.41107473,-103.2801034
22.4144934,-103.2827665
22.41398797,-103.2856811
22.40676533,-103.2852075
22.40164903,-103.2890758
22.39111825,-103.3052202
22.39142981,-103.3059518
22.39279167,-103.3091564
22.40523516,-103.3148792
22.38924792,-103.323348
22.38472757,-103.3295888
22.38629768,-103.3401331
22.37993659,-103.3481215
22.36963908,-103.3535763
22.37165024,-103.357162
22.36993914,-103.3648522
22.34784352,-103.3667221
22.34683506,-103.3668057
22.33617461,-103.3629601
22.3351298,-103.3433981
22.32584313,-103.3495631
22.32066832,-103.3599013
22.31463945,-103.3640976
22.30802605,-103.35015
22.279839,-103.3561932
22.28016326,-103.3554527
22.28761795,-103.3386825
22.30816176,-103.3272076
22.30624111,-103.3065548
22.29957895,-103.2988714
22.28132655,-103.3080351
22.26578906,-103.3053493
22.25879072,-103.3137721
22.25768826,-103.2981774
22.252456,-103.2974755
22.23269378,-103.3123452
22.24532026,-103.3378354
22.23916511,-103.3606485
22.23092454,-103.371627
22.22708476,-103.3827594
22.22234235,-103.3851771
22.21858728,-103.3817744
22.20706093,-103.3905184
22.19334563,-103.3933257
22.19172,-103.3954009
22.19568594,-103.4015351
22.17830511,-103.4120417
22.17758074,-103.42563
22.16135757,-103.4296038
22.1388651,-103.4263388
22.13226857,-103.4347844
22.12668743,-103.4365319
22.11754602,-103.4394307
22.11440259,-103.4474345
22.11456527,-103.4494407
22.11511545,-103.4565515
22.11062619,-103.4627924
22.10774931,-103.4617477
22.10570464,-103.4610154
22.10506117,-103.4732831
22.10735417,-103.4736725
22.1112969,-103.4743212
22.1136323,-103.4788078
22.11461268,-103.4807002
22.11205372,-103.4843618
22.11024031,-103.4869562
22.10654526,-103.4869869
22.10766409,-103.4895725
22.11038106,-103.4958525
22.1105409,-103.4962184
22.10596745,-103.5006886
22.10515175,-103.5014832
22.1053729,-103.5020775
22.10575305,-103.5031229
22.11034049,-103.5157725
22.11908028,-103.5178555
22.11983655,-103.517573
22.12829151,-103.5144756
22.12830052,-103.514483
22.12883815,-103.5142772
22.12786535,-103.5208699
22.12738837,-103.52412
22.12638534,-103.5309716
22.12585494,-103.5313601
22.12494953,-103.5320318
22.12050466,-103.5353348
22.12126409,-103.5429115
22.12134638,-103.5437577
22.12704632,-103.5465809
22.13418258,-103.5501056
22.13539297,-103.5507092
22.13612462,-103.5510745
22.13540475,-103.5522428
22.13411233,-103.5543715
22.13423026,-103.555279
22.13428933,-103.5557219
22.13563764,-103.5659981
22.13569675,-103.5664337
22.13495948,-103.5675164
22.12645173,-103.5800977
22.12612913,-103.5805713
22.11959688,-103.5775273
22.11817757,-103.5778321
22.11308241,-103.5789459
22.1085605,-103.57993
22.10580373,-103.5805258
22.10524865,-103.5806544
22.10538199,-103.5809299
22.10660802,-103.583531
22.1109971,-103.5927859
22.11137033,-103.5935636
22.11021304,-103.5948614
22.10764118,-103.5977533
22.10162479,-103.6045054
22.10130691,-103.6045199
22.09795527,-103.6046952
22.09787715,-103.6052227
22.09712919,-103.6107761
22.09812069,-103.6200996
22.09818359,-103.6201613
22.1060726,-103.6278898
22.10640023,-103.6346645
22.10571012,-103.6363889
22.10078471,-103.6487724
22.10037424,-103.6498024
22.10135974,-103.6510225
22.10412792,-103.654464
22.10387011,-103.6573322
22.10343493,-103.6623292
22.10336141,-103.6632526
22.10396106,-103.6640467
22.10841802,-103.6699512
22.10956938,-103.6842576
22.11423776,-103.6857145
22.11566512,-103.6780467
22.11681854,-103.6780015
22.11888945,-103.6779021
22.11988855,-103.6778561
22.12400516,-103.6808004
22.12827055,-103.6908718
22.13307856,-103.6887049
22.1362763,-103.6827002
22.15724723,-103.6701803
22.17223443,-103.6534568
22.17522418,-103.6590875
22.18417319,-103.6576073
22.19256117,-103.6500382
22.20240759,-103.6495274
22.20983788,-103.6406386
22.24015189,-103.6302706
22.26247174,-103.6073361
22.27038856,-103.6046881
22.27316701,-103.5941516
22.2782787,-103.6011104
22.28191907,-103.6193676
22.29385314,-103.6283865
22.2952601,-103.6378315
22.31512152,-103.6448968
22.33579609,-103.6378472
22.33829636,-103.6400676
22.34065282,-103.6421496
22.34387619,-103.635276
22.33847598,-103.6127153
22.33893695,-103.6068252
22.34294817,-103.6026136
22.35212974,-103.6092972
22.36024642,-103.6101369
22.35973607,-103.6033533
22.35968778,-103.6027585
22.38637966,-103.593085
22.4071394,-103.5942972
22.41093383,-103.5784585
22.41874965,-103.5705548
22.42293386,-103.5608268
22.42861435,-103.5584152
22.42923432,-103.5581564
22.43098172,-103.5640155
22.4323178,-103.5647636
22.4380231,-103.567968
22.43777553,-103.5726675
22.44639234,-103.5690052
22.46166613,-103.5740483
22.46965763,-103.571173
22.47814061,-103.5806331
22.49840327,-103.5807855
22.50527176,-103.5944428
22.50855181,-103.5897967
22.52199192,-103.5841889
22.52457082,-103.5859126
22.52576651,-103.5985019
22.53187244,-103.602416
22.54723418,-103.6076578
22.55278064,-103.6025001
22.55833677,-103.6051476
22.5622986,-103.6187428
22.56341144,-103.6225737
22.56351678,-103.6229171
22.56305015,-103.6241223
22.56137928,-103.628463
22.55991342,-103.6322928
22.5546102,-103.6460727
22.55661077,-103.6508786
22.54737447,-103.6613009
22.54808483,-103.6619414
22.56095121,-103.6735929
22.55525927,-103.6818863
22.55962389,-103.6945661
22.56540344,-103.7113818
22.57447939,-103.7271675
22.57221933,-103.7384358
22.55860312,-103.7446462
22.55863794,-103.7527956
22.55241831,-103.7584185
22.55487238,-103.7597766
22.55609034,-103.760455
22.55520233,-103.7698322
22.5460162,-103.7744018
22.52639359,-103.776988
22.50847922,-103.7849609
22.4920112,-103.7840454
22.4784199,-103.7871741
22.43645933,-103.8079718
22.40783633,-103.8131225
22.39726662,-103.810184
22.37698952,-103.8136025
22.37093595,-103.8203618
22.35579009,-103.8266946
22.35148017,-103.8364152
22.34147583,-103.8462492
22.33333249,-103.8469745
22.28864891,-103.8300437
22.27261056,-103.8358349
22.26135718,-103.8453642
22.25049793,-103.8424273
22.22346021,-103.8433194
22.20845115,-103.8495604
22.18842369,-103.8578761
22.16700813,-103.8630876
22.1790239,-103.8753933
22.192105,-103.8777132
22.19387225,-103.8809404
22.19679367,-103.8862886
22.20757452,-103.88146
22.22699758,-103.886335
22.22807198,-103.8905237
22.228609,-103.892629
22.23354139,-103.8983134
22.23635219,-103.9015483
22.24335034,-103.9038752
22.24539373,-103.904554
22.25429055,-103.9075142
22.25964029,-103.9153728
22.26105781,-103.9174633
22.26202755,-103.9168688
22.27037117,-103.9117335
22.27496214,-103.9141599
22.2754311,-103.9144117
22.2758248,-103.9141455
22.28205895,-103.909995
22.28330634,-103.9111689
22.28453603,-103.9123059
22.28788366,-103.9154269
22.28911082,-103.9153043
22.29211969,-103.9149999
22.30013717,-103.9141978
22.30298336,-103.9174864
22.30423635,-103.9189362
22.30506699,-103.9185774
22.31110114,-103.9159224
22.3115889,-103.9168539
22.31334492,-103.9201954
22.31888107,-103.9225377
22.32214877,-103.9204087
22.3239135,-103.9237738
22.3245474,-103.9239037
22.33020743,-103.9250478
22.33059678,-103.9251315
22.33503895,-103.9212859
22.33674606,-103.9198064
22.33717743,-103.919432
22.33789352,-103.919524
22.33941621,-103.9197301
22.34793596,-103.9208897
22.35241379,-103.9119711
22.36252702,-103.9068976
22.36388124,-103.8957356
22.3793153,-103.898703
22.38803578,-103.8916759
22.39063601,-103.8839621
22.39983771,-103.8858093
22.40092456,-103.8696192
22.41465625,-103.8655226
22.41636875,-103.8740445
22.41900363,-103.8738837
22.41804524,-103.88027
22.42368181,-103.8706878
22.43923723,-103.8935146
22.44140039,-103.8925845
22.44133088,-103.8759751
22.45764206,-103.8815209
22.4699731,-103.8813921
22.4746586,-103.8813386
22.47582981,-103.881338
22.47217831,-103.8762567
22.4725991,-103.8715112
22.48764417,-103.8654378
22.48646015,-103.8612348
22.49228113,-103.864141
22.50048339,-103.8623259
22.5141272,-103.8647666
22.52131581,-103.8761815
22.5399193,-103.8694368
22.54010334,-103.8647295
22.54257094,-103.8678954
22.54529838,-103.8668426
22.54973971,-103.8546584
22.55413944,-103.8519424
22.56665713,-103.859716
22.56807201,-103.8605936
22.56715121,-103.8578923
22.57191931,-103.8562602
22.57620419,-103.8547948
22.58881341,-103.8252381
22.59636352,-103.8186387
22.61080276,-103.7754473
22.62591286,-103.7609822
22.6302014,-103.7654829
22.64634199,-103.7696647
22.65078402,-103.761524
22.65844169,-103.7588006
22.66303816,-103.7633774
22.6733689,-103.7635155
22.68538369,-103.7592887
22.69527824,-103.7514678
22.69887972,-103.7533378
22.71159893,-103.7510257
22.71210106,-103.7515828
22.71572345,-103.7556113
22.71965364,-103.7549169
22.72030965,-103.7682605
22.73391355,-103.7735556
22.73015467,-103.781452
22.73159883,-103.8056685
22.72874302,-103.8192494
22.7340637,-103.8215539
22.73503054,-103.8265665
22.73117262,-103.8295649
22.73316106,-103.833395
22.72847868,-103.8362325
22.73259518,-103.839758
22.72990193,-103.8546742
22.73372327,-103.8577937
22.73563138,-103.8652178
22.73280791,-103.8674528
22.73733073,-103.8748539
22.7353678,-103.8906552
22.7287362,-103.8983534
22.73127658,-103.9029386
22.74273981,-103.9040215
22.74975309,-103.9095991
22.75029258,-103.9100266
22.7492564,-103.9145209
22.7454552,-103.9310612
22.75028189,-103.9400569
22.74590199,-103.9468393
22.74626918,-103.9544386
22.74654236,-103.9601143
22.74680818,-103.9656381
22.74692385,-103.967966
22.74654808,-103.9682406
22.74179271,-103.9716196
22.74479395,-103.9740771
22.74680665,-103.975732
22.74654315,-103.9764574
22.74398204,-103.9835984
22.74210629,-103.9889617
22.7471289,-103.9888398
22.74686857,-103.9907252
22.74444348,-104.0083412
22.74783993,-104.0131782
22.74354364,-104.0265071
22.73509968,-104.0334127
22.73225427,-104.0357465
22.73026237,-104.0373874
22.72857117,-104.0430715
22.72552075,-104.0533251
22.72505505,-104.05489
22.72474636,-104.0548889
22.72003563,-104.0547673
22.71910063,-104.0547516
22.71114312,-104.0481903
22.70817681,-104.0507233
22.70803771,-104.0523103
22.70702492,-104.0635943
22.70697085,-104.064243
22.70245687,-104.0616262
22.69833042,-104.0592234
22.69658249,-104.058208
22.69621317,-104.057987
22.69364797,-104.059025
22.69197745,-104.0596963
22.69255071,-104.0602838
22.69942108,-104.0673026
22.7011407,-104.0690725
22.70080404,-104.0725144
22.70072015,-104.0733534
22.69918405,-104.0734751
22.69769344,-104.0735901
22.69620285,-104.0737038
22.69438507,-104.0738419
22.69057472,-104.0702243
22.68944162,-104.0646548
22.68806169,-104.0578341
22.68573156,-104.0473282
22.68115938,-104.0470304
22.67949711,-104.0498228
22.67198649,-104.0437879
22.67405921,-104.0228906
22.66312362,-104.0155362
22.65830579,-104.0159707
22.65219334,-104.0258353
22.64135036,-104.0280631
22.63375616,-104.0338698
22.63269222,-104.0333046
22.62985173,-104.0318174
22.62780482,-104.0307421
22.62327559,-104.0223256
22.61358629,-104.0272857
22.60369794,-104.0238825
22.59592174,-104.0165651
22.59564904,-104.0068305
22.59126452,-103.9962556
22.59246411,-103.9884281
22.58559198,-103.9834074
22.58338328,-103.989946
22.57334122,-103.9920752
22.56712571,-104.0016043
22.56491726,-103.994051
22.55390798,-103.9902205
22.54555467,-103.9831864
22.54310792,-103.9757398
22.54101454,-103.9796844
22.54494332,-103.9989105
22.53814428,-104.004404
22.53644685,-104.0057701
22.53147711,-104.0004286
22.53044605,-103.9973161
22.52871626,-103.9920591
22.5282357,-103.9906018
22.52966759,-103.9872831
22.52399951,-103.9910064
22.52341352,-103.9913873
22.52202358,-103.9872217
22.51981202,-103.980569
22.51565434,-103.9812254
22.51712676,-103.9775631
22.51458232,-103.9763197
22.51336404,-103.9757397
22.51554639,-103.9747704
22.51612161,-103.9745188
22.5176284,-103.9660122
22.5154601,-103.963029
22.5143787,-103.9631047
22.50878043,-103.9635316
22.50577099,-103.9574289
22.50546984,-103.9568333
22.50496538,-103.9558035
22.50551981,-103.9550397
22.50614811,-103.954178
22.50887407,-103.9504168
22.50950246,-103.9495465
22.50395281,-103.95044
22.50449455,-103.9449234
22.50332694,-103.9439158
22.49924892,-103.9404218
22.49933716,-103.9399028
22.50025297,-103.934211
22.49985931,-103.9344703
22.49445087,-103.9378665
22.48898057,-103.9331656
22.48911379,-103.9341275
22.48962111,-103.9378354
22.48977102,-103.9389111
22.47607142,-103.9301453
22.47526967,-103.9296415
22.47479228,-103.9293367
22.47480396,-103.9298546
22.47490348,-103.9342339
22.47496975,-103.9369129
22.47499467,-103.9378205
22.47289151,-103.9353941
22.47102963,-103.9332728
22.47076297,-103.9342654
22.46960141,-103.9385603
22.4676598,-103.9384539
22.4628055,-103.9382099
22.46258013,-103.9510496
22.45369316,-103.9530794
22.45115745,-103.9590151
22.43517712,-103.9598082
22.43296708,-103.9622502
22.43624763,-103.9755333
22.42707631,-103.9763495
22.42296185,-103.9842535
22.41458685,-103.9859781
22.40948741,-103.9948892
22.4092062,-104.0053721
22.39044983,-104.0038916
22.37869467,-104.0127805
22.37056149,-104.0119562
22.36488065,-104.0152296
22.36447248,-104.0221344
22.37072397,-104.0300385
22.37597604,-104.04893
22.36135665,-104.0674467
22.36399588,-104.0757627
22.35756866,-104.0837813
22.35487118,-104.093906
22.35812672,-104.0975296
22.36804184,-104.096142
22.37398183,-104.0953104
22.37579201,-104.0950582
22.37647343,-104.0936851
22.3788344,-104.0889703
22.37903962,-104.0885659
22.37808911,-104.0883595
22.37470291,-104.0876646
22.37425063,-104.084857
22.37641546,-104.0791812
22.37876009,-104.0776704
22.38126945,-104.0760609
22.38229515,-104.0754044
22.3825468,-104.0755951
22.39017942,-104.0812032
22.39793925,-104.0767012
22.39938506,-104.075862
22.40296466,-104.0763583
22.40671647,-104.0768769
22.42118361,-104.071857
22.42664534,-104.0667379
22.42655776,-104.0644635
22.42644515,-104.0613428
22.43563323,-104.0627094
22.44126033,-104.0635399
22.44232545,-104.0606105
22.4427494,-104.0594584
22.44372494,-104.0591536
22.44676994,-104.0582153
22.44790045,-104.0578641
22.44834556,-104.0585278
22.45081976,-104.0622594
22.46646152,-104.0515006
22.48786021,-104.0543239
22.4891199,-104.0544996
22.4950147,-104.061816
22.49860469,-104.0662954
22.50323976,-104.0720482
22.50422494,-104.0717044
22.50834817,-104.0702624
22.50964348,-104.0698123
22.51005602,-104.0701937
22.51406513,-104.0738717
22.51458539,-104.074344
22.52142129,-104.0696752
22.52201688,-104.0692703
22.53306021,-104.0798752
22.53276779,-104.095456
22.53079458,-104.1043518
22.52369359,-104.1064117
22.51771381,-104.1161081
22.51541857,-104.1272024
22.51984949,-104.137052
22.51500368,-104.1557983
22.51062968,-104.1582317
22.51472462,-104.1640613
22.50726271,-104.1710723
22.5073653,-104.1805405
22.50747736,-104.1905805
22.50227998,-104.1959671
22.48655966,-104.2019648
22.48440445,-104.215522
22.48074993,-104.2107766
22.48287047,-104.2040777
22.47788707,-104.1893224
22.47870584,-104.1795868
22.47304642,-104.1791523
22.46315791,-104.1850032
22.46363224,-104.1950825
22.45737425,-104.1984313
22.44731128,-104.194815
22.44837675,-104.1798613
22.44083711,-104.1704691
22.42784095,-104.1790983
22.39971052,-104.1664031
22.38717879,-104.1665706
22.38952356,-104.1780072
22.39966708,-104.1932436
22.40629728,-104.1988208
22.4164588,-104.2018801
22.4224126,-104.2083884
22.41913331,-104.2261877
22.41455745,-104.229949
22.4116997,-104.2460634
22.39820051,-104.2453149
22.39290447,-104.2542192
22.386846,-104.2531515
22.38523087,-104.2580496
22.37871782,-104.2595062
22.37395051,-104.2552106
22.34922458,-104.2547987
22.34722089,-104.2595669
22.34554646,-104.2635426
22.34712739,-104.2659375
22.3437852,-104.2672423
22.34454946,-104.2923057
22.35590859,-104.2855157
22.36009525,-104.2915577
22.36164146,-104.2919857
22.36585472,-104.2931758
22.38185063,-104.3260367
22.41049521,-104.3285089
22.42424056,-104.324961
22.42777576,-104.3277535
22.43280757,-104.3240226
22.43456117,-104.3227334
22.45439151,-104.3081679
22.50048368,-104.323008
22.51654756,-104.3156226
22.52044568,-104.3196582
22.53378689,-104.3236718
22.55778045,-104.3057731
22.55350615,-104.2891482
22.55480376,-104.289201
22.56108372,-104.2894153
22.57728737,-104.277993
22.58292983,-104.2789549
22.58863152,-104.2715845
22.58665992,-104.2636346
22.615527,-104.2758111
22.62104802,-104.2831588
22.62717652,-104.2733316
22.63635003,-104.2700439
22.64587717,-104.2803591
22.6433592,-104.2909868
22.64961768,-104.2889803
22.6524452,-104.2807479
22.66378148,-104.2884156
22.66964492,-104.2811907
22.68091946,-104.2752086
22.68501807,-104.2743466
22.69390805,-104.2792226
22.70247425,-104.2777265
22.71818076,-104.2630022
22.71808019,-104.2686246
22.72140042,-104.2694483
22.73707727,-104.2666335
22.73909666,-104.2583179
22.74823709,-104.2504285
22.75343019,-104.2316754
22.7665077,-104.2245712
22.77701613,-104.2275169
22.77919226,-104.2226794
22.77779046,-104.212158
22.77996163,-104.2095417
22.77654834,-104.1999356
22.75822935,-104.1823417
22.75999957,-104.1584307
22.76851374,-104.1409891
22.76208291,-104.1200696
22.76846361,-104.1062902
22.76045871,-104.0960132
22.76249347,-104.0905809
22.76301152,-104.0892
22.76544168,-104.0827066
22.76818076,-104.0809063
22.76875792,-104.0805249
22.76903671,-104.0807239
22.77552124,-104.0853245
22.77590808,-104.0855913
22.77733381,-104.0922977
22.78002935,-104.0937244
22.78076852,-104.0941216
22.78690006,-104.0912376
22.78984872,-104.0934188
22.7892081,-104.0971421
22.79215876,-104.0985008
22.79355754,-104.0991337
22.79596682,-104.1002404
22.79681376,-104.0993859
22.80114158,-104.094937
22.80183081,-104.0949981
22.80616569,-104.0953871
22.80614006,-104.0992859
22.80604408,-104.1130042
22.80851384,-104.1083423
22.81028495,-104.1116306
22.81182365,-104.1099913
22.81466142,-104.1069694
22.82100407,-104.1099374
22.82244758,-104.1106166
22.83359763,-104.1052835
22.83403627,-104.1050774
22.8358351,-104.1063365
22.85076509,-104.1167816
22.85600583,-104.1159956
22.85530522,-104.1107844
22.85496728,-104.1082661
22.85553437,-104.1079615
22.85747354,-104.1069158
22.85804054,-104.1066186
22.86699336,-104.1079461
22.87801201,-104.1095944
22.88135052,-104.1084727
22.8837223,-104.1076639
22.88785223,-104.110433
22.89798323,-104.1172387
22.90444879,-104.1138672
22.90538161,-104.1133785
22.90621271,-104.1143547
22.90825926,-104.1167506
22.90398721,-104.1237087
22.90506769,-104.1329561
22.91208973,-104.1373276
22.91844571,-104.1360086
22.92229014,-104.1416614
22.92232983,-104.1505883
22.93098138,-104.1559289
22.9390073,-104.1546781
22.94300944,-104.1658937
22.9495393,-104.1644965
22.95997061,-104.1678544
22.97515191,-104.1633376
22.9756808,-104.1631771
22.98295823,-104.1738895
23.1308231,-104.1708605
23.15493279,-104.1518026
23.1830608,-104.1295613
23.25045351,-104.1248319
23.31689017,-104.1109391
23.32418004,-104.1103658
23.32948539,-104.1141732
23.35204892,-104.1115033
23.3544178,-104.1068944
23.37702079,-104.0992808
23.38318926,-104.0889348
23.39283345,-104.0861272
23.46401473,-104.0653748
23.49235734,-104.027067
23.5075137,-104.0065816
23.51488791,-103.9965865
23.52006588,-103.9850359
23.52261717,-103.9793434
23.52415887,-103.9759177
23.52976527,-103.9633908
23.53833209,-103.9572487
23.53888036,-103.9504654
23.53978918,-103.9496725
23.54721645,-103.9431269
23.54820117,-103.9413416
23.55024501,-103.9376254
23.55275353,-103.9330406
23.55463003,-103.9296221
23.55662714,-103.9259898
23.56567474,-103.9168123
23.56663765,-103.9167733
23.57485254,-103.9184143
23.58175418,-103.9197877
23.58281393,-103.919994
23.58920824,-103.9212752
23.58821902,-103.9123945
23.5764901,-103.9122494
23.58040791,-103.8888338
23.5856198,-103.888811
23.58693372,-103.8905205
23.58978728,-103.8947852
23.59667958,-103.9051155
23.59874186,-103.9035294
23.60185041,-103.9069622
23.60393135,-103.905337
23.60691084,-103.9029943
23.59284161,-103.8825167
23.61274789,-103.8791681
23.6185994,-103.878054
23.62044221,-103.8735598
23.62912749,-103.8776346
23.64009621,-103.8495044
23.6168098,-103.8192753
23.61266815,-103.8084943
23.61746479,-103.8082581
23.63324643,-103.7939839
23.67703683,-103.7852098
23.67956646,-103.8477724
23.70124585,-103.8410358
23.73092248,-103.8558594
23.75904855,-103.8567296
23.7849901,-103.8342914
23.79301676,-103.8195129
23.80680154,-103.8161629
23.82471276,-103.8310564
23.84909903,-103.832598
23.85793965,-103.8435759
23.86162609,-103.8481462
23.87487799,-103.8530216
23.90383537,-103.8334143
23.90820993,-103.8304459
23.9617448,-103.8190403
23.96522141,-103.8183078
23.96997848,-103.8338418
23.96433194,-103.8376644
23.96634617,-103.8385409
23.9924583,-103.8499171
24.00082036,-103.8605605
24.0008112,-103.8605677
24.00984328,-103.8720583
24.00498849,-103.8482463
24.02948821,-103.8493067
24.02372898,-103.8202385
24.02228829,-103.8129749
24.041164,-103.8097242
24.04814151,-103.8029952
24.05139138,-103.7998675
24.05194453,-103.7991348
24.05799149,-103.7911772
24.06292263,-103.7846991
24.0743324,-103.7696995
24.09150898,-103.7470929
24.09209894,-103.7462923
24.13369932,-103.6906493
24.13767761,-103.6828903
24.14916552,-103.6604446
24.12452869,-103.6448726
24.11057724,-103.6360602
24.11791837,-103.6215562
24.15114549,-103.605618
24.17827084,-103.579762
24.18136345,-103.5737566
24.18464982,-103.5674168
24.19307395,-103.5601764
24.19868615,-103.5599708
24.19957618,-103.5599319
24.21041917,-103.5649834
24.21087093,-103.5651967
24.2278086,-103.5626327
24.22989054,-103.5623208
24.241313,-103.5565981
24.24334493,-103.5576592
24.24843826,-103.560321
24.25421778,-103.56335
24.25740161,-103.564503
24.25847835,-103.5648537
24.26046903,-103.565495
24.26162717,-103.5658764
24.27062106,-103.5688057
24.28247064,-103.5702939
24.28476878,-103.5692407
24.28678419,-103.5683177
24.28755031,-103.5679592
24.28982199,-103.5577346
24.29117173,-103.5516238
24.29148551,-103.5501889
24.29363268,-103.540507
24.29452557,-103.5364791
24.28935518,-103.5240204
24.28863077,-103.5097903
24.28851527,-103.5076473
24.28969179,-103.5070753
24.2905126,-103.5066774
24.29101429,-103.5064256
24.29437063,-103.5047853
24.29615826,-103.5039082
24.29876601,-103.4941736
24.30114733,-103.4852766
24.31013163,-103.48649
24.31829438,-103.4834
24.31944371,-103.4789751
24.32024476,-103.4758538
24.32114882,-103.4723907
24.32134676,-103.4716128
24.32129646,-103.4711702
24.32042164,-103.4628158
24.32038896,-103.4624266
24.33278012,-103.4496929
24.33682503,-103.4481214
24.33873813,-103.4473808
24.3414855,-103.4408275
24.34188666,-103.4406362
24.34312659,-103.4400491
24.34895212,-103.4373176
24.35483241,-103.4345481
24.35828752,-103.4329311
24.35918101,-103.4325036
24.37399802,-103.4292078
24.37959329,-103.4248201
24.38256611,-103.4253157
24.38723371,-103.4261022
24.39104036,-103.4267358
24.40223357,-103.4286118
24.40918509,-103.4297791
24.41006303,-103.4290625
24.41205673,-103.42743
24.4143614,-103.4255381
24.41514794,-103.4248887
24.4188061,-103.4218824
24.4200132,-103.4208992
24.42585495,-103.3589383
24.42855154,-103.3303045
24.42689685,-103.3241932
24.43433164,-103.3100718
24.43292061,-103.3029453
24.4311083,-103.2938124
24.43021092,-103.2892579
24.42992306,-103.2878386
24.42895589,-103.2829179
24.43169154,-103.2747083
24.43250109,-103.2722661
24.43509096,-103.2651787
24.44556254,-103.2554201
24.41526458,-103.2289835
24.41810021,-103.2262071
24.41878431,-103.2234601
24.42431244,-103.2011438
24.42308174,-103.1875558
24.43152918,-103.1783612
24.43589324,-103.1664905
24.42853868,-103.1557775
24.42873205,-103.1367951
24.41639913,-103.132676
24.41409911,-103.1319127
24.41024169,-103.1306156
24.40638416,-103.1293334
24.40576978,-103.1175462
24.39940869,-103.1057739
24.40263105,-103.09803
24.43562995,-103.0869972
24.42270687,-103.0748131
24.46692853,-103.0426541
24.46491871,-103.0391363
24.43483538,-102.986233
24.43323741,-102.9834177
24.45760644,-102.9677159
24.42845034,-102.9010185
24.42822641,-102.900499
24.43204317,-102.9012923
24.43517097,-102.9019334
24.43609304,-102.9010103
24.43962598,-102.897485
24.44177137,-102.8953259
24.44986095,-102.8949373
24.45050855,-102.8927938
24.45101754,-102.8910769
24.45154278,-102.8912899
24.45740209,-102.8936253
24.46125218,-102.8917562
24.46055544,-102.8913747
24.42075129,-102.8692333
24.42629605,-102.8678065
24.42004386,-102.8625645
24.42867541,-102.8560346
24.43554456,-102.8413169
24.40594086,-102.8505104
24.39999273,-102.8609857
24.38843412,-102.8517077
24.38193501,-102.8382569
24.38562248,-102.8310246
24.38621207,-102.820777
24.40692811,-102.7884663
24.40240016,-102.7809433
24.39694228,-102.779662
24.39524693,-102.7792567
24.39195361,-102.7716044
24.38358243,-102.7628081
24.37671898,-102.7555897
24.37735551,-102.736295
24.38403059,-102.7258125
24.37774609,-102.726521
24.37688336,-102.7266129
24.3788878,-102.7210582
24.37941189,-102.7196018
24.37932403,-102.7189683
24.37658897,-102.6995734
24.37685261,-102.6974454
24.37721076,-102.6944694
24.38021411,-102.6697185
24.38053396,-102.6670866
24.39177304,-102.6449616
24.39835627,-102.6149992
24.40470655,-102.6089195
24.40928925,-102.6045087
24.41879061,-102.5859234
24.41940648,-102.5789647
24.42622104,-102.5696189
24.42538263,-102.5450521
24.42143036,-102.535659
24.42418184,-102.5299601
24.4260238,-102.4882563
24.42870141,-102.4794443
24.43984123,-102.4725546
24.44576779,-102.4727073
24.4441984,-102.4813673
24.44661907,-102.4967942
24.4560773,-102.4966577
24.46082219,-102.4915837
24.51935912,-102.4818489
24.53327894,-102.4828935
24.59199702,-102.4873196
24.66380905,-102.5747545
24.70465689,-102.5498971
24.71256394,-102.549256
24.71882784,-102.5539111
24.73581512,-102.5440993
24.73521737,-102.5196233
24.8311819,-102.5295036
24.88239281,-102.5655614
24.92022965,-102.5667973
24.95516851,-102.655034
24.96139074,-102.6707741
24.97316384,-102.6634876
24.97445706,-102.655881
24.97832205,-102.6538595
24.99412669,-102.6545073
24.98945297,-102.6718502
25.03798379,-102.6712619
25.05817433,-102.6710108
25.03739204,-102.6456954
25.03158629,-102.6386303
25.0377006,-102.6434683
25.06457071,-102.6647551